   7975693.30323247     
   36490729.8941177     
   84915492.7616064     
   197924240.510324     
   234133751.788964     
   968979439.330903     
   3041672262.31438     
   8619608934.58104     
   12270093700.6270     
   13016351976.8787     
   29546301690.5751     
   14856371596.8863     
   28158670630.7690     
   13661511620.5021     
   39146089749.4752     
   17833241009.7442     
   10598469840.7792     
   17291245216.6847     
   23376098333.8022     
   9873681836.72426     
   17508960339.1291     
   15981514007.5629     
   14499308060.9578     
   10503417899.3269     
   11797093442.7392     
   6295067572.85739     
   6150731120.45941     
   9211810638.13659     
   5527869147.53693     
   7219534909.52479     
   6751514532.94877     
   8871591418.80971     
   7219879296.04144     
   9923310150.48908     
   6630603103.28299     
   6048086956.63744     
   9012252396.37536     
   6156271564.12386     
   9600833859.71399     
   5210750778.68542     
   6690860737.90251     
   5492033440.72803     
   10771014713.0582     
   7181186227.65925     
   5114398543.71055     
   7025183547.89401     
   8977435078.34766     
   4424462773.96548     
   6045941159.85747     
   5896990548.61475     
   5096167821.99084     
   6991397833.33500     
   7181717286.57897     
   6645881698.43071     
   9790248179.12388     
   8969676042.03221     
   7767727000.02010     
   4936707964.78908     
   6592917098.97258     
   5785454435.11914     
   8662119041.34271     
   5836787212.44748     
   5771751088.58670     
   6319321096.84779     
   5721008383.07146     
   7770117238.96910     
   4111804627.11311     
   6754689557.33946     
   5643666381.11215     
   6906175646.89336     
   6625510033.16149     
   6903392620.74355     
   7620675094.14284     
   4299597778.49660     
   3927770813.29897     
   4268585016.36688     
   4423276021.29764     
   5160285701.40815     
   4351216356.05183     
   6424232987.58240     
   6396625967.01805     
   7478497452.38356     
   7233554578.24680     
   5934617321.44315     
   6281836665.98873     
   6454546309.62901     
   5141537131.93522     
   4963711143.49722     
   6500285168.97549     
   5155084289.15137     
   7843550406.04133     
   5376435078.87161     
   5212826614.31508     
   5021612698.14328     
   3302352998.07531     
   6007029762.49502     
   3989314185.99403     
   7241933709.68072     
   6545800245.21006     
   6528590381.75778     
   5221605562.84781     
   5153577983.66665     
   4227789667.24464     
   5446877431.89416     
   8324285740.92372     
   4652170612.18256     
   5946029047.46668     
   5498214787.98709     
   5147937787.16359     
   3820236802.96912     
   3735936934.85631     
   4844132858.69486     
   5471731097.44949     
   4889830308.72552     
   4447824285.61299     
   5331288584.51531     
   5400511061.96998     
   6324167622.02413     
   5611210895.94562     
   4733914355.44897     
   5671613744.95532     
   5909467707.59995     
   6237431827.11614     
   4898052975.44219     
   4539622014.32478     
   5970931334.90454     
   3831767639.11605     
   4791727234.39997     
   4951506685.76841     
   4084447343.43679     
   4554841319.12458     
   3361514603.26270     
   5985296654.01971     
   4014503020.36467     
   3701146897.90982     
   4478378629.51734     
   5037787151.72916     
   2537924138.88009     
   4809466247.22844     
   2856528398.60064     
   3202537282.48897     
   3088706411.30897     
   3607604813.24697     
   4190044106.49661     
   4460251103.43037     
   4219531645.16363     
   4733258253.08507     
   4009269498.30759     
   3656774388.97690     
   3137585187.91550     
   4924182145.23698     
   3653296035.52610     
   4056686564.39010     
   3213703048.34222     
   3988114875.78248     
   4367118450.26532     
   5087579717.48175     
   3832944901.55198     
   3472175545.65580     
   4288281732.77282     
   3916716087.88088     
   4350168423.48953     
   4199198442.56340     
   3058664151.31140     
   4137753698.92159     
   4423514490.22114     
   3082394022.83848     
   3811392646.96056     
   4362014740.80875     
   5391671012.18492     
   3036892222.71237     
   4766822456.86454     
   4528914454.49562     
   4859071309.13793     
   3378550986.05306     
   5254045151.24840     
   3490173474.58289     
   3294786148.57023     
   3769895994.81153     
   4497582945.46686     
   3880740696.87615     
   4155740669.89048     
   4397642788.19916     
   4064624140.26977     
   3189197373.24955     
   3270300379.01692     
   3656417331.55936     
   3328981559.93208     
   4079722709.41268     
   4975384385.51083     
   3106947537.06335     
   3733711265.54984     
   3191980831.08324     
   4902535460.18032     
   3568055637.16225     
   3735941536.03248     
   3907583355.46919     
   2927281790.13612     
   2921718444.61929     
   3858910828.76331     
   5407954380.29052     
   5434714079.07235     
   4200246803.20516     
   3702531078.49193     
   3240767671.54476     
   3261445281.13621     
   3751906252.40770     
   2846924257.35101     
   2470806695.85918     
   3889013285.01384     
   2936226437.20874     
   3828294955.69068     
   5544335225.94107     
   3115905105.68812     
   3946719480.79096     
   4170643326.75496     
   3746171245.50293     
   3965261420.17640     
   3740683239.48351     
   3305927226.53829     
   3375553738.36003     
   3897108907.44944     
   3627888399.76055     
   3093162167.99985     
   4012752302.01725     
   2729203151.94933     
   3102064956.93597     
   3701504074.57664     
   4208413505.06681     
   4127952446.06423     
   4010746279.19937     
   4189942779.10821     
   3465031682.03686     
   3076686181.06534     
   4477614143.09243     
   2141242467.07692     
   3626027378.90520     
   4045503167.84240     
   3839780983.62253     
   2600385262.70385     
   4234583529.67546     
   4236166514.54259     
   3391504945.34751     
   3929636196.43206     
   4902263765.10828     
   2539456681.64687     
   3270198799.35455     
   3131078328.68218     
   3168308961.08185     
   3160911431.58982     
   3585245893.85676     
   3473854484.96930     
   4364238168.78982     
   3565723098.77522     
   4135579246.01411     
   3660133917.39326     
   4181414158.66764     
   4774046783.57232     
   5377544770.66216     
   3548592559.96867     
   3753398841.61558     
   4194993418.30136     
   5999173424.14600     
   4042398490.12149     
   3882178725.65458     
   3576036641.64689     
   3653758584.27863     
   2509119248.65430     
   4678609179.22204     
   5748323567.97313     
   3542918044.44868     
   4153585450.09998     
   3886958735.97844     
   2958761126.39807     
   4677711190.05131     
   3543820597.08580     
   3881899308.36884     
   2796658507.46605     
   4446774722.86262     
   3532460168.30383     
   3923593415.18458     
   3525287767.92513     
   3699988790.05106     
   3427830112.15336     
   3900552036.85573     
   4377763141.92791     
   3426295906.62088     
   3383285720.19927     
   5464102588.12356     
   3803558625.50290     
   4033350717.49268     
   2346945356.11834     
   3453786278.30528     
   4097287783.93629     
   3180437089.84871     
   3018847010.82365     
   3214206981.47450     
   3745559789.09526     
   3830145545.85581     
   2281269291.26270     
   4288283225.79510     
   4059326475.98557     
   2696351270.65300     
   3512072329.97884     
   3099097038.40279     
   2764748859.45959     
   1930650771.90139     
   4101960429.81647     
   3944628203.07728     
   3368058461.62097     
   2897155146.44496     
   2879697833.06716     
   4280172790.18691     
   3201576766.65314     
   4404049315.32314     
   3758955003.43499     
   4124514681.41904     
   3822363261.98681     
   4008456923.69101     
   2925230730.93084     
   3504714933.60655     
   4110634711.02656     
   3313498836.09878     
   3771412545.77475     
   4987613837.49487     
   4804932219.27498     
   2465688611.09709     
   3173578138.87639     
   2946755599.57633     
   3152811848.31955     
   4705579480.93258     
   4739183724.70385     
   2632063114.30769     
   3391794050.88142     
   3007405773.27790     
   2870599412.77255     
   3274881940.25775     
   3429408220.08943     
   5018608661.41375     
   3808968002.79578     
   3273555980.87564     
   4250487121.96995     
   4404961450.34743     
   3607651499.62799     
   4198522595.19346     
   3480665394.02407     
   3130624617.69782     
   3884323578.66517     
   5223651614.81295     
   3945953481.29065     
   4485800913.81062     
   3732584205.97951     
   3189727913.21579     
   2862536312.46698     
   3445027530.56382     
   4461583973.80896     
   4009505242.18809     
   3930849079.59975     
   4018893435.73852     
   3133978195.98645     
   2899321897.89612     
   3126074591.08461     
   4094095044.77675     
   3628562571.27465     
   4284863680.37777     
   4287221798.04826     
   4059170665.31683     
   3763932666.25831     
   2698178289.49911     
   3611562529.35237     
   3138788942.59288     
   2933872975.62507     
   3563111976.73843     
   3062888797.09509     
   6189016857.90502     
   4352180685.03149     
   4970201323.46154     
   4585119355.19789     
   3331681775.12549     
   2627186164.02091     
   3161218032.89387     
   3593404416.00648     
   3599342976.84057     
   3100223274.45648     
   3073703852.31801     
   3805688364.47919     
   2484429894.43997     
   3162498415.78482     
   3624810252.26957     
   4591577372.04227     
   3396717799.96508     
   3822821570.32037     
   3135288817.31066     
   3095175352.15420     
   4031527907.82743     
   3182646163.46303     
   3825523682.95249     
   3756443545.68135     
   3048094157.86815     
   3727112446.98927     
   4198996197.84608     
   3735205651.30024     
   2895632327.18640     
   2767376160.96058     
   3559705468.66230     
   3243655749.71049     
   4059948709.86618     
   3682434364.65142     
   3725693285.76487     
   4101004474.80046     
   1966122310.06632     
   3900140140.80053     
   3086853796.65308     
   3885945167.49265     
   2460818897.58587     
   3849725187.62845     
   4209659156.98045     
   3953836374.53706     
   2625991794.93535     
   4760796562.13365     
   3644946608.14594     
   2889881507.53207     
   2548172173.95487     
   2826124806.06214     
   3150659605.25769     
   4595204530.23453     
   4014960702.29617     
   3808190735.99286     
   4298443130.64502     
   4663257489.14205     
   2659773112.81687     
   3837074467.58282     
   3283998841.60077     
   3094931399.45648     
   3464598885.24315     
   3178601863.96564     
   2978973994.51259     
   3979783117.44012     
   3313316370.28805     
   4285474823.51439     
   3992115703.65277     
   3251899320.07588     
   3920568475.22054     
   4100245300.68981     
   2568792177.07395     
   3580396283.38999     
   3061700701.12053     
   2450459205.83567     
   3357972618.52331     
   3950649324.71947     
   4167428592.49767     
   3990065671.05732     
   4746020779.79201     
   4031083200.45319     
   3919767447.88224     
   4053755952.23949     
   2623810261.25297     
   4174195105.57571     
   3465216606.40567     
   4104683327.20702     
   4288490561.83339     
   2691921093.25029     
   3485275898.87373     
   2624947177.88417     
   3154144145.14580     
   3948359443.20921     
   3514610123.95384     
   4091503585.01536     
   3145843863.72717     
   4237382112.75126     
   4510527532.81144     
   2989211134.87961     
   2859525206.80450     
   3688141631.05493     
   2898791643.12908     
   3869904002.86068     
   3923207973.83765     
   2401229335.27083     
   3354825825.65586     
   3701047834.37605     
   3105650628.25329     
   3788386594.51792     
   2708134566.17046     
   3828946218.18389     
   3289800294.56262     
   3079580067.52205     
   3816857021.95181     
   2493551797.36460     
   2974338771.89268     
   3246244010.30751     
   3719606146.31323     
   3418098511.20524     
   3639886256.90387     
   4096719992.24285     
   4090645661.25242     
   3318912632.34926     
   3826936831.94309     
   3242833188.73380     
   4067795244.61870     
   3087034391.29279     
   3588879083.28181     
   2674344667.75767     
   3667911181.86995     
   3795594575.53210     
   3013721165.40461     
   3652881713.86887     
   3665634516.82663     
   2938641427.19656     
   4192690092.46504     
   3863838992.18432     
   3511550009.80843     
   3869068826.68244     
   3937640548.32711     
   2212568045.49020     
   3359112558.71812     
   3165881182.23475     
   2223294302.70366     
   2676612975.57032     
   4417596196.11652     
   3711582570.06922     
   4296204555.18146     
   2251429086.37235     
   2707785637.56393     
   4504128029.40853     
   4089773198.13964     
   3214131083.73559     
   3753821324.28578     
   3652110514.31847     
   3145780823.20932     
   3540605845.83176     
   2820727247.58825     
   4050491028.36739     
   3405483987.70183     
   2778753159.02965     
   3740055495.74790     
   2715356133.71996     
   5613816268.25693     
   3662870912.13215     
   3712919737.32203     
   3317132479.79228     
   3472191395.66599     
   3904357592.10142     
   4084252988.10658     
   2617875008.15657     
   2082655294.62768     
   2958838745.15622     
   3081525076.83668     
   4544568622.11383     
   3269935560.18147     
   3134697587.29733     
   3698503772.26597     
   3155807189.86504     
   3655941183.23391     
   3057997405.49506     
   3287133685.58191     
   3318287456.07381     
   3551872529.94619     
   3599323943.90255     
   3398238388.89207     
   3036294875.54718     
   2791730978.57005     
   4339188829.37991     
   4118861249.23598     
   3999498660.21361     
   3290295714.14618     
   3172205402.71863     
   3614304233.98292     
   3007418798.66205     
   3109809618.26451     
   3497795942.98155     
   3089558820.88850     
   3128405769.93968     
   2507476213.40341     
   3528483044.59249     
   3032572778.90338     
   3987587483.66606     
   4881702155.47008     
   4256549258.77824     
   3999909815.28946     
   4960939693.66804     
   4278251019.55979     
   3152574102.54698     
   3379346641.14775     
   3662562095.64245     
   3371258514.60100     
   5206160330.50892     
   2444334758.61144     
   4014921526.44581     
   3470428830.84606     
   3648169831.18687     
   4557760495.18077     
   4037354767.05155     
   3473160914.84598     
   3357446592.89407     
   3557421226.56001     
   3876243308.59809     
   3390897443.04950     
   3265263899.87621     
   3192584532.51853     
   3549693742.10285     
   4224447831.59911     
   4245479747.39412     
   2616352377.12141     
   4734685754.08351     
   4814433875.17815     
   2741982723.91163     
   3595555769.32102     
   3249957667.95666     
   4273322845.04840     
   3399351119.02016     
   3376991453.10836     
   3296630717.13103     
   4649269981.58672     
   3484446226.14298     
   3276845700.76589     
   3087115820.66215     
   3661367803.21715     
   3653591262.65093     
   4280389709.61545     
   2123274047.76131     
   4367722836.93960     
   3577520225.23151     
   3340700973.31672     
   4901226761.69665     
   3221579407.41651     
   3602486316.23462     
   4091536561.11769     
   3864949919.50704     
   4200179841.07693     
   3278659264.25891     
   2590490683.12904     
   3651431608.35500     
   3153588239.91658     
   3165637138.74475     
   4596230051.83912     
   3482894553.76431     
   3648178130.25434     
   3233883289.75555     
   3765212891.84231     
   4746181363.77245     
   3745413785.54310     
   3560915428.09001     
   4162950176.68928     
   3252322729.76984     
   3104768949.76618     
   3314100415.10896     
   3253041333.92604     
   3129616305.62980     
   3069371574.36447     
   4290507789.07809     
   2828358480.88858     
   4062636284.44868     
   2986282917.36661     
   3268458575.74558     
   2781112253.21860     
   2754256080.12106     
   3842560674.24614     
   5142463115.72884     
   3949816347.28321     
   4024604201.44975     
   3657685025.75309     
   3130542001.63660     
   3078373127.28857     
   3655561512.49050     
   3379765116.19398     
   3932529450.99096     
   4691164332.32629     
   4005675575.36959     
   3909561793.94407     
   2543186511.31715     
   4316492728.20491     
   4363870546.68659     
   3728751926.00722     
   2313143661.72623     
   3233278620.94831     
   3865552104.19056     
   2953922613.82175     
   2780960699.80956     
   3717408448.52679     
   3543782520.37532     
   3686830905.90310     
   3687876256.26888     
   3076270202.09580     
   4266677384.38713     
   3805240655.09676     
   3030969573.32682     
   3132238310.38167     
   3052106882.13377     
   5303750873.29529     
   3393174335.09617     
   4188700126.44074     
   3306276031.86143     
   3636252227.46404     
   3569863233.44016     
   4324078768.28221     
   3563706664.75739     
   5247632857.08095     
   3399905045.66539     
   3364808625.20135     
   4078968432.83486     
   3377475564.15414     
   3679731411.29966     
   3060629210.09083     
   4809229298.50279     
   4607316389.53138     
   5281993835.81472     
   3254780536.42161     
   3961711515.79692     
   3038403497.21310     
   3950706718.45681     
   3311857866.21912     
   3280475980.69093     
   3724432865.65316     
   4314975157.71177     
   4526839029.90887     
   3435196655.67453     
   3505006093.55264     
   4637234287.70702     
   3839584360.97889     
   4024556882.33090     
   3922660895.50538     
   5116678278.89594     
   2711555967.00416     
   3368547586.40228     
   3387714084.79835     
   4145632336.65519     
   4122078923.10277     
   3086249251.84514     
   3779006621.70831     
   3826814814.94257     
   3295912045.95708     
   3317729476.62290     
   3363126807.65906     
   4010046484.17800     
   4060033748.28836     
   3537471905.63822     
   4541811265.76352     
   3366289462.09253     
   3531265537.75523     
   3087305701.80224     
   1995144392.62131     
   3955983056.37873     
   3195773635.93325     
   3555376356.94477     
   4017676394.43586     
   3526614374.34401     
   3603272464.68900     
   3788648229.89236     
   1818915950.58438     
   3079080403.01404     
   3121369152.64833     
   3132608891.56625     
   3049397583.67975     
   4463074651.89088     
   3549248930.00358     
   3520629087.17435     
