   23068567.068154421     
   50152081.883516699     
   57255058.229559854     
   65006534.747903101     
   63064143.679435872     
   77892537.118277043     
   10784981.602202039     
   13292945.225052213     
   5148475.1952083893     
   4742308.1185842445     
   4487209.9960639495     
   2067001.7040779218     
   1777490.5496282703     
   1496510.9782514006     
   1241420.0636732706     
   1018898.6704605182     
   806980.48175456794     
   629047.24245596398     
   694355.01642950240     
   790955.57981318608     
   722265.60282432043     
   513245.16971324309     
   689171.85427501507     
   639338.38373838691     
   561330.26886708406     
   462334.50321360491     
   521708.30187099101     
   500375.92808978853     
   462553.01048687723     
   490973.32733627938     
   402830.75045421091     
   428055.08792921458     
   428815.90645615594     
   446373.05006973416     
   476394.84227989113     
   447828.56109669927     
   432932.62184586219     
   361921.36064457026     
   422565.75234227412     
   435523.92479391216     
   406966.02301217854     
   399833.28786970349     
   416913.45574949047     
   427261.22569767589     
   454632.76565651502     
   436091.25655571942     
   367321.88681019418     
   389991.95328720770     
   456272.42079068668     
   391528.96127233293     
   379200.34567194554     
   350960.40355030412     
   337871.31545764569     
   425054.96143432095     
   382006.12944248400     
   392459.54446410283     
   392685.21972591983     
   334975.61594922951     
   396270.23175022809     
   395792.54642018158     
   371793.75833778462     
   321130.41599186219     
   337524.28122163087     
   416870.89549515629     
   399833.21927666740     
   358694.34024486272     
   332144.61823324760     
   442000.62889153854     
   349579.25213279430     
   324979.35368030338     
   344336.34791854862     
   357591.75982505002     
   370593.16071891470     
   342295.34245194338     
   463195.49574045336     
   351323.82358041627     
   447456.18831384915     
   404426.71287065215     
   347363.03267180780     
   384240.51529883465     
   393011.78993556730     
   379746.35436644306     
   381306.78671966359     
   393627.57683852426     
   339377.87443698203     
   403310.02585387399     
   376390.12457889767     
   358484.22839270160     
   383341.97783517366     
   310744.60286053503     
   317581.68416290404     
   351258.92111561674     
   411752.84726625722     
   298739.48093356041     
   321337.67903555051     
   381063.82277183997     
   311637.84290686750     
   342315.63606937084     
   372919.17019938503     
   347687.77632083680     
   334150.04391794017     
   287094.25222452404     
   356292.81397504843     
   378019.06798301067     
   287715.92620701145     
   310033.55513436260     
   311037.41505855339     
   332747.42559136276     
   341320.96084829437     
   298051.36461756285     
   333547.23384020285     
   309742.63633097470     
   258362.41213036346     
   311070.17017806444     
   302087.87706460891     
   319522.40742878214     
   300594.11771035305     
   304183.32373684982     
   327260.77456988569     
   374968.02193926449     
