   15423416.485014036     
   28414558.773614615     
   37069846.989055663     
   54002914.095078476     
   43073445.631788447     
   68216826.086832583     
   72409755.837610200     
   55586700.911285378     
   76997233.191596374     
   61906015.515800163     
   124603167.18874601     
   50769783.191965878     
   75643453.808210358     
   54135571.333097473     
   74668062.100725114     
   71349177.401990116     
   59034943.066566706     
   114138341.54474324     
   143834759.40784460     
   36184348.749578208     
   92687196.156269446     
   102457877.18037155     
   38307629.485434338     
   47963195.084462285     
   22296085.691125616     
   25042996.260834869     
   15625267.835534332     
   42998449.927115247     
   8457992.9516107738     
   14504441.922882747     
   13869378.515929217     
   9636484.9061237127     
   7972074.5526828896     
   9091286.8734619562     
   10737656.474169472     
   6164115.3885810766     
   4712794.8024746189     
   4788112.5255991826     
   6310529.6856865278     
   4767815.2346862638     
   4131291.0663627102     
   3796501.6310519781     
   5271292.5282877227     
   4150673.4577892455     
   2535960.3487624098     
   3161159.1340727736     
   3082698.0312032914     
   2423734.4887949298     
   2177036.5838822760     
   3820275.8046217370     
   2751259.1080312282     
   3194446.0238670995     
   2406214.7883939110     
   1815808.3691292291     
   1910605.7028760344     
   2257573.6253923201     
   2066019.4100821966     
   1949322.4721690167     
   1487891.6828745452     
   1675708.1142214530     
   1849963.2546946430     
   1569729.1392105124     
   1420806.0495659444     
   1515099.6525829511     
   1626055.3920664280     
   1310271.1424456802     
   1687215.5534581563     
   1561644.8399791918     
   1707232.5301020057     
   1326074.8338385508     
   1486311.3180367618     
   1114622.8551378073     
   1411160.3694769626     
   1428252.7135960157     
   1391426.3298087656     
   1236572.0153279928     
   1361792.4502849597     
   1026966.7543355877     
   1122703.3118096848     
   1163943.3626394751     
   1014911.5346723844     
   1093713.7410748245     
   1149332.4684092565     
   1122075.6813238633     
   959887.15246497083     
   1167858.3691452721     
   986245.43396868487     
   1015997.4517322944     
   1034116.1187649849     
   936685.47184584313     
   1004580.7268319734     
   904070.44375065796     
   1022998.1969039026     
   835493.64583529276     
   938398.87404139561     
   910470.99321980134     
   1045335.6016072057     
   791049.57509313454     
   916161.31422626984     
   861806.53713067702     
   799527.63059061149     
   1059756.7753992348     
   968460.68983531208     
   882338.03151623276     
   1003335.9684544822     
   774711.23763667245     
   784852.12027048448     
   866820.14139586198     
   775083.06038154208     
   818562.85686857544     
   888681.44512692874     
   921204.49609859660     
   855710.49615399435     
   928541.90133247210     
   878195.95535825123     
   833319.10257362574     
   822121.26284214947     
   768621.27532793605     
   814642.69333853573     
   882419.16414526768     
