tried moves    experiment_1   _      experiment_2    _                                                                                                                                                                                                                                                                                                                                                                                                                                                                          
        0   175568   0.129E+02   0.108E+05   0.849E+02   0.983E+05
  OPTIMIZATION STUFF
      175568  -131.551553662232        102508.230179009     
   291.894533878354       -423.446087540586     
        0   170531  -0.111E+01   0.195E+05   0.659E+02   0.199E+06
  OPTIMIZATION STUFF
      170531  -275.355639060591        275636.535729243     
   447.007614886790       -722.363253947381     
        0   175519  -0.450E+01   0.141E+05  -0.180E+01   0.209E+06
  OPTIMIZATION STUFF
      175519  -312.533708563763        313523.484734751     
   464.592472760947       -777.126181324710     
        0   179802  -0.672E+01   0.865E+04  -0.135E+03   0.192E+06
  OPTIMIZATION STUFF
      179802  -287.670784430260        265445.502593464     
   427.423703576138       -715.094488006398     
        0   179349  -0.794E-01   0.472E+04   0.119E+01   0.140E+06
  OPTIMIZATION STUFF
      179349  -127.016890347662        69573.6896129416     
   231.171795812879       -358.188686160541     
        0   174591  -0.825E-01   0.878E+03  -0.138E+01   0.329E+05
  OPTIMIZATION STUFF
      174591  -48.4136394085389        7240.35628792515     
   69.9748226660498       -118.388462074589     
        0   176807  -0.190E+00   0.315E+03  -0.522E+01   0.120E+05
  OPTIMIZATION STUFF
      176807  -29.6911261215237        2228.16413546806     
   36.6960647086827       -66.3871908302064     
        0   176986  -0.992E-02   0.181E+03   0.163E+01   0.932E+04
  OPTIMIZATION STUFF
      176986  -23.8708406053223        1396.72030419842     
   28.7559258761342       -52.6267664814564     
        0   170267  -0.408E-01   0.960E+02  -0.284E+01   0.580E+04
  OPTIMIZATION STUFF
      170267  -18.9226317174450        807.117057499357     
   21.1908250520196       -40.1134567694646     
        0   171811  -0.122E-01   0.742E+02  -0.752E+00   0.412E+04
  OPTIMIZATION STUFF
      171811  -16.6156085112510        580.383581161057     
   17.4443439246622       -34.0599524359132     
        0   171105  -0.492E-02   0.455E+02  -0.117E+00   0.226E+04
  OPTIMIZATION STUFF
      171105  -14.3481836429585        420.649993883733     
   14.6553614773458       -29.0035451203043     
        0   180912  -0.672E-02   0.387E+02  -0.322E+00   0.160E+04
  OPTIMIZATION STUFF
      180912  -12.7236293765264        318.770078794051     
   12.5251480742882       -25.2487774508146     
