tried moves    experiment_1   _      experiment_2    _                                                                                                                                                                                                                                                                                                                                                                                                                                                                          
        0    95001   0.492E+02   0.333E+10   0.113E+03   0.416E+11
  OPTIMIZATION STUFF
       95001   750395.03931717877        64748285197541.125     
   8011566.1691400446       -7261171.1298228661     
        0    96582   0.362E+02   0.427E+05   0.983E+02   0.102E+06
  OPTIMIZATION STUFF
       96582  -7.9355028811457258        8386.9202057271486     
   91.235672846483013       -99.171175727628736     
        0    96434   0.238E+02   0.161E+09   0.660E+02   0.408E+09
  OPTIMIZATION STUFF
       96434  -1240.5403220469639        3004440597.4786682     
   54798.737733528527       -56039.278055575494     
        0    96448   0.409E+02   0.798E+05   0.135E+03   0.215E+06
  OPTIMIZATION STUFF
       96448  -26.441219154773055        16294.781993655162     
   124.88252048731410       -151.32373964208716     
        0    96541  -0.327E+02   0.120E+06  -0.805E+02   0.334E+06
  OPTIMIZATION STUFF
       96541  -37.908113636496608        24762.543460943700     
   152.72694058831323       -190.63505422480983     
        0    96517   0.538E+02   0.105E+06   0.207E+03   0.304E+06
  OPTIMIZATION STUFF
       96517  -47.457233269989892        29792.855257422714     
   165.95380763266772       -213.41104090265762     
        0    96500   0.178E+02   0.888E+05   0.256E+02   0.263E+06
  OPTIMIZATION STUFF
       96500  -54.092596349349989        30832.448888200091     
   167.05220713413630       -221.14480348348627     
        0    96678  -0.459E+02   0.116E+06  -0.128E+03   0.350E+06
  OPTIMIZATION STUFF
       96678  -78.993190341512275        50990.307087334550     
   211.54286319090076       -290.53605353241301     
        0    96651   0.524E+02   0.864E+05   0.169E+03   0.267E+06
  OPTIMIZATION STUFF
       96651  -84.239502898291946        49702.104398275056     
   206.41175002824747       -290.65125292653943     
        0    96701  -0.389E+02   0.120E+06  -0.117E+03   0.373E+06
  OPTIMIZATION STUFF
       96701  -103.53069749222141        66889.099735907337     
   237.00315274840011       -340.53385024062152     
        0    96628   0.157E+03   0.152E+06   0.492E+03   0.476E+06
  OPTIMIZATION STUFF
       96628  -119.45094979667495        79962.236228167647     
   256.30783605040227       -375.75878584707721     
        0    96717  -0.184E+03   0.178E+06  -0.579E+03   0.491E+06
  OPTIMIZATION STUFF
       96717  -148.97300530473009        107754.83494538630     
   292.50962144152311       -441.48262674625323     
        0    96859   0.637E+02   0.147E+06   0.193E+03   0.466E+06
  OPTIMIZATION STUFF
       96859  -159.49638600975692        111196.76165384246     
   292.84409590030850       -452.34048191006542     
        0    96785  -0.603E+02   0.174E+06  -0.162E+03   0.546E+06
  OPTIMIZATION STUFF
       96785  -186.10743286699429        142190.81580545407     
   327.95554460492247       -514.06297747191672     
        0    96743   0.520E+02   0.169E+06   0.160E+03   0.523E+06
  OPTIMIZATION STUFF
       96743  -199.08974949465841        153118.73679644949     
   336.87090768216194       -535.96065717682040     
        0    96831  -0.550E+01   0.170E+06  -0.288E+02   0.541E+06
  OPTIMIZATION STUFF
       96831  -219.20410918854662        169970.45010410013     
   349.17045782676956       -568.37456701531619     
        0    96922  -0.292E+02   0.201E+06  -0.979E+02   0.638E+06
  OPTIMIZATION STUFF
       96922  -234.96832925693104        189573.63107505889     
   366.55629215887882       -601.52462141580986     
        0    96853   0.142E+03   0.236E+06   0.427E+03   0.729E+06
  OPTIMIZATION STUFF
       96853  -288.00051820014437        265543.89858296869     
   427.31674446412347       -715.31726266426790     
        0    96706   0.493E+02   0.234E+06   0.258E+03   0.777E+06
  OPTIMIZATION STUFF
       96706  -328.37437278965126        332434.82903171360     
   473.92520541401541       -802.29957820366667     
        0    96867  -0.244E+03   0.200E+06  -0.867E+03   0.680E+06
  OPTIMIZATION STUFF
       96867  -335.16886596508743        318583.91265613050     
   454.14286732680034       -789.31173329188778     
        0    96836   0.110E+03   0.269E+06   0.473E+03   0.940E+06
  OPTIMIZATION STUFF
       96836  -330.66174721993553        309169.85992688133     
   447.02647444233185       -777.68822166226732     
        0    96679   0.251E+02   0.201E+06   0.759E+02   0.713E+06
  OPTIMIZATION STUFF
       96679  -318.71318299875861        275090.29124723526     
   416.54795429822371       -735.26113729698227     
        0    96794  -0.148E+03   0.206E+06  -0.515E+03   0.758E+06
  OPTIMIZATION STUFF
       96794  -263.25587904307690        196553.76321081142     
   356.72132731316793       -619.97720635624478     
        0    96749   0.129E+02   0.209E+06   0.869E+02   0.810E+06
  OPTIMIZATION STUFF
       96749  -212.97400243995475        137084.89439940063     
   302.86460454154553       -515.83860698150033     
        0    96898  -0.500E+02   0.210E+06  -0.215E+03   0.845E+06
  OPTIMIZATION STUFF
       96898  -188.65829743764374        114713.43714796954     
   281.28541369203464       -469.94371112967838     
        0    96779   0.627E+01   0.151E+06   0.221E+02   0.636E+06
  OPTIMIZATION STUFF
       96779  -144.65662040934623        65274.648290206613     
   210.59228490605474       -355.24890531540098     
        0    96777  -0.198E+02   0.107E+06  -0.775E+02   0.474E+06
  OPTIMIZATION STUFF
       96777  -117.06287830339333        43718.624101323338     
   173.24810713150163       -290.31098543489497     
        0    96783   0.450E+02   0.597E+05   0.238E+03   0.277E+06
  OPTIMIZATION STUFF
       96783  -85.719788417590365        19182.994327072574     
   108.78930186703155       -194.50909028462192     
        0    96814  -0.599E+02   0.492E+05  -0.297E+03   0.230E+06
  OPTIMIZATION STUFF
       96814  -72.762692372752070        13960.121279057668     
   93.089805444666794       -165.85249781741885     
        0    96835   0.844E+01   0.350E+05   0.540E+02   0.168E+06
  OPTIMIZATION STUFF
       96835  -63.041303620132091        10152.309550242879     
   78.600913405107448       -141.64221702523955     
        0    96904  -0.154E+01   0.267E+05  -0.502E+01   0.134E+06
  OPTIMIZATION STUFF
       96904  -54.046793291977693        7120.3811983797950     
   64.802201607924019       -118.84899489990171     
        0    96793  -0.689E+01   0.175E+05  -0.368E+02   0.894E+05
  OPTIMIZATION STUFF
       96793  -48.087639191121987        5161.8123386155066     
   53.379689917045937       -101.46732910816792     
        0    96923  -0.306E+01   0.106E+05  -0.141E+02   0.558E+05
  OPTIMIZATION STUFF
       96923  -40.379164006187210        3508.4346403983154     
   43.335409938752747       -83.714573944939957     
        0    96914   0.200E+01   0.129E+05   0.955E+01   0.659E+05
  OPTIMIZATION STUFF
       96914  -40.130409933793423        3519.3883558794346     
   43.691401378590832       -83.821811312384256     
        0    96973   0.235E+01   0.794E+04   0.146E+02   0.465E+05
  OPTIMIZATION STUFF
       96973  -36.696633907203200        2865.4605747795199     
   38.972010913734287       -75.668644820937487     
        0    96904  -0.766E+01   0.908E+04  -0.395E+02   0.510E+05
  OPTIMIZATION STUFF
       96904  -32.209456800967189        2172.8005816879331     
   33.694976988782194       -65.904433789749390     
        0    96821  -0.223E+01   0.922E+04  -0.128E+02   0.510E+05
  OPTIMIZATION STUFF
       96821  -31.448942284520594        2068.9872591043741     
   32.862612316875641       -64.311554601396239     
        0    96755  -0.757E-01   0.682E+04   0.854E+00   0.380E+05
  OPTIMIZATION STUFF
       96755  -28.623882500569447        1669.2256709252113     
   29.153027656125278       -57.776910156694726     
        0    96759   0.248E+01   0.549E+04   0.132E+02   0.299E+05
  OPTIMIZATION STUFF
       96759  -26.646384896822806        1444.8845043746051     
   27.108203118336313       -53.754588015159115     
        0    96936  -0.261E+01   0.672E+04  -0.133E+02   0.393E+05
  OPTIMIZATION STUFF
       96936  -26.849956788774659        1470.9401980175135     
   27.386493358194787       -54.236450146969446     
        0    96798  -0.111E+01   0.488E+04  -0.546E+01   0.288E+05
  OPTIMIZATION STUFF
       96798  -23.921315856227043        1131.0871844921803     
   23.640174115238683       -47.561489971465726     
        0    96865  -0.631E+00   0.412E+04  -0.283E+01   0.258E+05
  OPTIMIZATION STUFF
       96865  -23.762283384113463        1111.0982032833783     
   23.376314757815518       -47.138598141928981     
        0    96895   0.227E+01   0.497E+04   0.129E+02   0.294E+05
  OPTIMIZATION STUFF
       96895  -22.357026851043447        986.11958054874174     
   22.051823755201383       -44.408850606244826     
        0    96675  -0.182E+01   0.286E+04  -0.977E+01   0.178E+05
  OPTIMIZATION STUFF
       96675  -22.094307603498944        941.42826518400977     
   21.290134727285746       -43.384442330784694     
        0    96794  -0.232E+01   0.251E+04  -0.144E+02   0.166E+05
  OPTIMIZATION STUFF
       96794  -20.783999029917624        820.69798609700149     
   19.716068837914538       -40.500067867832158     
        0    96817   0.822E+00   0.260E+04   0.564E+01   0.161E+05
  OPTIMIZATION STUFF
       96817  -19.706169698527855        729.33913081043988     
   18.466347950346393       -38.172517648874248     
        0    96923  -0.218E+00   0.219E+04  -0.592E+00   0.130E+05
  OPTIMIZATION STUFF
       96923  -18.583783335534562        644.19427983775768     
   17.286910561915498       -35.870693897450060     
        0    96867  -0.886E+00   0.256E+04  -0.592E+01   0.160E+05
  OPTIMIZATION STUFF
       96867  -18.012090109188456        603.42046004760334     
   16.702846163036966       -34.714936272225422     
        0    96727  -0.422E+00   0.242E+04  -0.213E+01   0.162E+05
  OPTIMIZATION STUFF
       96727  -17.458715598924712        571.18996632737685     
   16.321250441165340       -33.779966040090052     
        0    96856   0.221E+01   0.367E+04   0.148E+02   0.249E+05
  OPTIMIZATION STUFF
       96856  -17.595803036037115        594.31973459892174     
   16.873276211687781       -34.469079247724892     
        0    96878  -0.130E+01   0.155E+04  -0.974E+01   0.974E+04
  OPTIMIZATION STUFF
       96878  -17.488794935194409        558.88492725081153     
   15.906821774494423       -33.395616709688831     
        0    96864   0.388E+00   0.189E+04   0.419E+01   0.119E+05
  OPTIMIZATION STUFF
       96864  -16.343775168374492        488.44900173850829     
   14.877164211775497       -31.220939380149989     
        0    96796  -0.103E+01   0.156E+04  -0.711E+01   0.103E+05
  OPTIMIZATION STUFF
       96796  -15.085221352604041        407.82742783238524     
   13.426225254155552       -28.511446606759591     
        0    96675  -0.691E+00   0.142E+04  -0.542E+01   0.899E+04
  OPTIMIZATION STUFF
       96675  -15.369241321455304        422.96352285513876     
   13.665648321905902       -29.034889643361204     
        0    96685   0.755E-01   0.122E+04   0.905E+00   0.852E+04
  OPTIMIZATION STUFF
       96685  -14.827036606316161        389.86610494778012     
   13.039366948695809       -27.866403555011971     
        0    96880   0.409E+00   0.121E+04   0.317E+01   0.796E+04
  OPTIMIZATION STUFF
       96880  -14.379699877440100        363.31797591882105     
   12.511682834597840       -26.891382712037938     
        0    96930  -0.330E+00   0.117E+04  -0.165E+01   0.794E+04
  OPTIMIZATION STUFF
       96930  -13.928013478175009        340.14718098728093     
   12.089566639836857       -26.017580118011864     
        0    96881  -0.351E-01   0.102E+04  -0.117E+01   0.706E+04
  OPTIMIZATION STUFF
       96881  -13.337049837625344        309.93339552063395     
   11.491583752874611       -24.828633590499955     
        0    96801  -0.692E+00   0.846E+03  -0.407E+01   0.527E+04
  OPTIMIZATION STUFF
       96801  -12.822271842909757        282.68325278983843     
   10.875320573498607       -23.697592416408362     
        0    96794   0.125E+00   0.104E+04   0.182E+01   0.709E+04
  OPTIMIZATION STUFF
       96794  -12.926249019086320        290.13646067347071     
   11.092724956927430       -24.018973976013751     
        0    95101   0.343E+00   0.841E+03   0.149E+01   0.579E+04
  OPTIMIZATION STUFF
       95101  -12.525067685685599        268.85622308178495     
   10.582008436529398       -23.107076122214998     
        0    96690  -0.423E+00   0.875E+03  -0.247E+01   0.544E+04
  OPTIMIZATION STUFF
       96690  -12.135975127340073        250.27982727023286     
   10.148789828290660       -22.284764955630735     
        0    96593  -0.244E+00   0.895E+03  -0.130E+01   0.616E+04
  OPTIMIZATION STUFF
       96593  -12.412474242923073        265.91981885018561     
   10.575930314584948       -22.988404557508019     
        0    96504   0.143E+00   0.992E+03   0.834E+00   0.716E+04
  OPTIMIZATION STUFF
       96504  -11.949540657935360        244.50770272315731     
   10.085444005471800       -22.034984663407158     
        0    96665   0.239E+00   0.957E+03   0.908E+00   0.612E+04
  OPTIMIZATION STUFF
       96665  -11.979692099226765        243.27296534855287     
   9.9879899157075993       -21.967682014934365     
        0    96668  -0.354E+00   0.760E+03  -0.291E+01   0.530E+04
  OPTIMIZATION STUFF
       96668  -11.813772513932184        235.76514540721473     
   9.8081560140668227       -21.621928527999007     
        0    96695   0.343E+00   0.880E+03   0.356E+01   0.594E+04
  OPTIMIZATION STUFF
       96695  -11.760307419117101        233.72316128588304     
   9.7682306838926731       -21.528538103009772     
        0    96755  -0.216E+00   0.543E+03  -0.108E+01   0.419E+04
  OPTIMIZATION STUFF
       96755  -11.258631438308937        212.08081682848018     
   9.2371010043628843       -20.495732442671823     
        0    96044   0.215E+00   0.743E+03   0.130E+01   0.515E+04
  OPTIMIZATION STUFF
       96044  -11.447783231907273        220.53771620532979     
   9.4597027057192680       -20.907485937626539     
        0    96531  -0.415E+00   0.744E+03  -0.353E+01   0.546E+04
  OPTIMIZATION STUFF
       96531  -11.331745869784630        214.78599439164043     
   9.2939512552121446       -20.625697124996776     
        0    96509   0.170E+00   0.589E+03   0.149E+01   0.409E+04
  OPTIMIZATION STUFF
       96509  -11.305798106152871        213.95513093767937     
   9.2808437181427390       -20.586641824295612     
        0    96775  -0.475E+00   0.511E+03  -0.336E+01   0.335E+04
  OPTIMIZATION STUFF
       96775  -10.905213004611928        197.44716308113536     
   8.8613482272833757       -19.766561231895302     
        0    96744   0.227E+00   0.497E+03   0.284E+01   0.363E+04
  OPTIMIZATION STUFF
       96744  -10.508681996084244        182.57285996463068     
   8.4935541836033259       -19.002236179687571     
        0    96733   0.932E-01   0.623E+03   0.836E-01   0.454E+04
  OPTIMIZATION STUFF
       96733  -10.455875705993789        181.01064094302265     
   8.4667174373443892       -18.922593143338176     
        0    96726   0.391E-01   0.643E+03  -0.420E+00   0.440E+04
  OPTIMIZATION STUFF
       96726  -10.362714103637355        177.42125769555247     
   8.3687163951126884       -18.731430498750044     
        0    96534  -0.306E+00   0.584E+03  -0.130E+01   0.439E+04
  OPTIMIZATION STUFF
       96534  -10.311536971172412        175.72911867378178     
   8.3307457028723579       -18.642282674044772     
        0    96668   0.232E+00   0.455E+03   0.106E+01   0.340E+04
  OPTIMIZATION STUFF
       96668  -10.142499380566591        168.44927689562087     
   8.0980851570496082       -18.240584537616201     
        0    96674  -0.426E+00   0.612E+03  -0.304E+01   0.441E+04
  OPTIMIZATION STUFF
       96674  -9.9556785833876482        162.40828263269344     
   7.9556738606462458       -17.911352444033895     
        0    96592   0.859E-01   0.615E+03   0.905E+00   0.413E+04
  OPTIMIZATION STUFF
       96592  -10.118338180690372        168.44837036831899     
   8.1281980062928110       -18.246536186983185     
        0    96740   0.169E+00   0.443E+03   0.258E+00   0.310E+04
  OPTIMIZATION STUFF
       96740  -10.104097666934726        167.10066309509017     
   8.0627460230453991       -18.166843689980126     
        0    96795  -0.329E+00   0.435E+03  -0.121E+01   0.363E+04
  OPTIMIZATION STUFF
       96795  -9.6213823505710714        149.86874938184502     
   7.5695277954417017       -17.190910146012772     
        0    94793   0.203E+00   0.367E+03   0.628E+00   0.265E+04
  OPTIMIZATION STUFF
       94793  -9.6267466172840166        150.59329326017925     
   7.6104561510326034       -17.237202768316621     
        0    96592  -0.119E-01   0.401E+03   0.587E+00   0.275E+04
  OPTIMIZATION STUFF
       96592  -9.7030410194866441        152.54397874202567     
   7.6416604030920707       -17.344701422578716     
        0    96772  -0.131E-01   0.516E+03  -0.268E+00   0.397E+04
  OPTIMIZATION STUFF
       96772  -9.5117629268846926        147.18523874025951     
   7.5307107740904140       -17.042473700975108     
        0    96703  -0.200E+00   0.401E+03  -0.148E+01   0.305E+04
  OPTIMIZATION STUFF
       96703  -9.5223861453081042        147.13770413630587     
   7.5141111407770742       -17.036497286085179     
        0    96580   0.226E+00   0.543E+03   0.193E+01   0.419E+04
  OPTIMIZATION STUFF
       96580  -9.6113980930517684        151.05674856943119     
   7.6601419873467114       -17.271540080398481     
        0    96735  -0.220E+00   0.533E+03  -0.166E+01   0.419E+04
  OPTIMIZATION STUFF
       96735  -9.7703479347105819        156.26153006364038     
   7.7975529044910656       -17.567900839201648     
        0    96818   0.438E-01   0.408E+03   0.264E+00   0.301E+04
  OPTIMIZATION STUFF
       96818  -9.4991059243798723        146.14989930815693     
   7.4777594201450572       -16.976865344524931     
        0    96790   0.296E-01   0.518E+03   0.158E+00   0.416E+04
  OPTIMIZATION STUFF
       96790  -9.2877967670756334        140.04251487461028     
   7.3334402628036512       -16.621237029879286     
        0    96718  -0.155E+00   0.369E+03  -0.853E+00   0.276E+04
  OPTIMIZATION STUFF
       96718  -9.2171188387749048        137.12885917462935     
   7.2231280956750377       -16.440246934449942     
        0    96722   0.536E-01   0.372E+03   0.648E+00   0.282E+04
  OPTIMIZATION STUFF
       96722  -9.4478824442561979        144.01219508241437     
   7.3993048593722568       -16.847187303628456     
        0    96645  -0.158E+00   0.321E+03  -0.882E+00   0.235E+04
  OPTIMIZATION STUFF
       96645  -9.0389190754142774        130.72286430578365     
   7.0014860032635600       -16.040405078677836     
        0    96765   0.235E+00   0.441E+03   0.994E+00   0.320E+04
  OPTIMIZATION STUFF
       96765  -9.0794119322317322        133.06491923369458     
   7.1154197485842410       -16.194831680815973     
        0    96704  -0.271E+00   0.354E+03  -0.167E+01   0.254E+04
  OPTIMIZATION STUFF
       96704  -8.8668830288824054        125.30404915948104     
   6.8324545012461089       -15.699337530128513     
        0    94724   0.968E-01   0.454E+03   0.990E+00   0.316E+04
  OPTIMIZATION STUFF
       94724  -8.9419220540633457        128.25502831754224     
   6.9496084995197966       -15.891530553583141     
        0    96672   0.111E-01   0.435E+03  -0.300E+00   0.357E+04
  OPTIMIZATION STUFF
       96672  -8.9895296327647323        130.08680211271775     
   7.0196267061975970       -16.009156338962327     
        0    96694   0.132E+00   0.404E+03   0.126E+01   0.342E+04
  OPTIMIZATION STUFF
       96694  -8.8531360387309412        125.17977302884914     
   6.8411808416802247       -15.694316880411165     
        0    96764  -0.302E+00   0.276E+03  -0.233E+01   0.251E+04
  OPTIMIZATION STUFF
       96764  -8.6918000461404379        120.22834668088765     
   6.6843816945773478       -15.376181740717787     
        0    96733   0.163E+00   0.366E+03   0.113E+01   0.307E+04
  OPTIMIZATION STUFF
       96733  -8.6580546580039019        119.60995406059283     
   6.6819191554230706       -15.339973813426973     
        0    96745  -0.102E+00   0.351E+03  -0.459E+00   0.260E+04
  OPTIMIZATION STUFF
       96745  -8.7345991541576211        121.52086521524195     
   6.7251500229683296       -15.459749177125950     
        0    96737  -0.313E-01   0.344E+03  -0.613E+00   0.274E+04
  OPTIMIZATION STUFF
       96737  -8.8760026214837691        126.09972522896007     
   6.8786846629550720       -15.754687284438841     
        0    96733   0.277E+00   0.254E+03   0.241E+01   0.198E+04
  OPTIMIZATION STUFF
       96733  -8.7660715715406887        122.29043964932701     
   6.7413966543998267       -15.507468225940515     
        0    96733  -0.991E-01   0.304E+03  -0.845E+00   0.239E+04
  OPTIMIZATION STUFF
       96733  -8.6734834749876200        119.64016962531164     
   6.6641469097273305       -15.337630384714950     
        0    96743  -0.135E+00   0.283E+03  -0.755E+00   0.229E+04
  OPTIMIZATION STUFF
       96743  -8.4802432181374598        113.94911462324076     
   6.4834087935648768       -14.963652011702337     
        0    96798   0.191E+00   0.311E+03   0.106E+01   0.225E+04
  OPTIMIZATION STUFF
       96798  -8.4582420183871125        113.14392439001740     
   6.4499663835099250       -14.908208401897038     
        0    96784  -0.240E+00   0.268E+03  -0.212E+01   0.233E+04
  OPTIMIZATION STUFF
       96784  -8.6787261180706619        119.49208025159761     
   6.6461863665650966       -15.324912484635759     
        0    96731  -0.167E-01   0.306E+03   0.121E+00   0.244E+04
  OPTIMIZATION STUFF
       96731  -8.4127571978090927        112.19353514066614     
   6.4357634722989507       -14.848520670108044     
        0    96778   0.114E+00   0.272E+03   0.733E+00   0.231E+04
  OPTIMIZATION STUFF
       96778  -8.4694601631522701        114.12912226687092     
   6.5113260409572211       -14.980786204109492     
        0    96682  -0.177E+00   0.290E+03  -0.772E+00   0.234E+04
  OPTIMIZATION STUFF
       96682  -8.6076448897493112        117.97054217290021     
   6.6241219512379734       -15.231766840987284     
        0    96763   0.876E-01   0.310E+03   0.362E+00   0.242E+04
  OPTIMIZATION STUFF
       96763  -8.4480964247442003        113.17122191607544     
   6.4653606793665972       -14.913457104110798     
        0    96513   0.491E-01   0.344E+03   0.677E+00   0.270E+04
  OPTIMIZATION STUFF
       96513  -8.5231408702058360        115.35883269676395     
   6.5356638839058165       -15.058804754111652     
        0    96652   0.440E-01   0.279E+03   0.293E+00   0.221E+04
  OPTIMIZATION STUFF
       96652  -8.3236317264131365        109.85758918070282     
   6.3698307719869200       -14.693462498400056     
        0    96684  -0.109E+00   0.287E+03  -0.568E+00   0.238E+04
  OPTIMIZATION STUFF
       96684  -8.4835025212966322        114.80669580505926     
   6.5449889821307528       -15.028491503427386     
        0    96648   0.898E-01   0.276E+03   0.664E+00   0.243E+04
  OPTIMIZATION STUFF
       96648  -8.4057305496735122        112.07031797733180     
   6.4353719320344833       -14.841102481707996     
        0    96716  -0.174E-01   0.288E+03  -0.503E+00   0.232E+04
  OPTIMIZATION STUFF
       96716  -8.3075035140526445        109.40990227818580     
   6.3557287262900672       -14.663232240342712     
        0    96588  -0.536E-01   0.297E+03  -0.411E+00   0.225E+04
  OPTIMIZATION STUFF
       96588  -8.3034780159445365        109.18807765574775     
   6.3435266606575818       -14.647004676602119     
        0    96573  -0.138E-01   0.203E+03  -0.102E+00   0.162E+04
  OPTIMIZATION STUFF
       96573  -8.1364059571534764        104.05610595419668     
   6.1526420385549905       -14.289047995708467     
        0    96559  -0.597E-01   0.359E+03  -0.495E+00   0.280E+04
  OPTIMIZATION STUFF
       96559  -8.3618286418036600        111.45497398146844     
   6.4447494712037026       -14.806578113007362     
        0    96582   0.937E-01   0.278E+03   0.383E+00   0.231E+04
  OPTIMIZATION STUFF
       96582  -8.3605843024868651        110.87934171566316     
   6.4015601095883943       -14.762144412075259     
        0    96607   0.499E-01   0.348E+03   0.652E+00   0.263E+04
  OPTIMIZATION STUFF
       96607  -8.0857027531551022        102.99862782170158     
   6.1335176537873899       -14.219220406942492     
