   17108862.4003658     
   35416588.6965558     
   54369918.2443990     
   635086540.251446     
   1429757744.39502     
   1856191662.88000     
   5006182290.73467     
   11854265777.4757     
   18680270078.4092     
   17948819896.9868     
   19516529081.9558     
   37565984030.9222     
   53763378484.2795     
   108000182667.930     
   100121527332.421     
   204127276436.594     
   188194331126.907     
   158591722240.140     
   138462913237.553     
   55498069561.0950     
   52514249069.9474     
   40808872211.1237     
   96488697055.8734     
   55861985814.7153     
   79063573399.1064     
   26817155977.8063     
   25560450002.7922     
   26909565726.1533     
   27263356340.0178     
   29596967531.3407     
   25943738411.2538     
   27434374840.8708     
   27168868997.9942     
   24490652138.4095     
   22967411122.4064     
   21094167400.2184     
   25622630049.3937     
   20647983512.6910     
   27335928649.2219     
   23913466100.0655     
   23516668942.2012     
   17437294880.7768     
   18400453294.4826     
   18130093874.5489     
   19797501562.5532     
   23989601978.4784     
   16622340795.3500     
   16587767483.9996     
   19910460605.1039     
   22239351433.7403     
   20573931013.6612     
   23144085324.3550     
   15176095234.8862     
   14858018763.7693     
   13877147208.1729     
   22906668541.2128     
   13008125551.6483     
   13249013374.7796     
   15516845547.6834     
   21595904475.0051     
   16717550207.3263     
   17832678467.2583     
   15054871734.7687     
   22074507216.5977     
   15043827003.3783     
   16780735683.3433     
   16139905489.4263     
   15310505818.7712     
   15626745640.2897     
   20727492686.4203     
   10411204223.9973     
   10313341268.9432     
   13069911359.5510     
   14265080829.2337     
   15735393483.3673     
   13552801730.2127     
   11917669055.4190     
   12349349286.1034     
   15793403291.6230     
   14774062530.8091     
   15732027464.6377     
   14681929542.5949     
   10421604687.9452     
   10492524389.0907     
   15954920396.9975     
   11570245992.4682     
   8892915999.44429     
   14778628276.8209     
   9788620716.77880     
   10855537293.9562     
   14430273364.5804     
   16296474447.2548     
   15770327485.4646     
   13555753116.0493     
   17577448322.0270     
   11405507581.7572     
   11247246824.8873     
   11615558258.6073     
   18399786147.3810     
   12316798548.4044     
   13838709045.8850     
   13353116357.0833     
   13001058418.1991     
   17740360859.6033     
   16506870076.3733     
   12931611273.7570     
   9658710842.53591     
   9003258442.41877     
   11961861250.2440     
   15117133400.2105     
   10711993464.7507     
   12811508269.9563     
   13177275116.1169     
   11845551576.0542     
   13626745571.4190     
   13851514331.7391     
   9048692953.28112     
   7491455276.26072     
   11806904925.5117     
   9911296956.55709     
   12124504428.5998     
   14491633462.7540     
   15740490132.5548     
   11169261995.5701     
   8327610396.30571     
   19030105280.3596     
   12001370505.9752     
   6611973455.11427     
   15399964731.7557     
   9596076096.95763     
   13882518578.9540     
   12950393358.5019     
   8350170971.73757     
   11226029662.1205     
   13315915185.4071     
   17614417175.1250     
   7283962949.75128     
   14728263017.5013     
   9674931435.43167     
   16539137882.8924     
   11878737467.5098     
   10936329453.1167     
   7461095903.31381     
   8306173422.59870     
   15420663334.0708     
   10862199879.0125     
   12034129173.1359     
   5966835304.07888     
   10729684215.1570     
   6919479460.21679     
   12891073819.9817     
   12814662019.3321     
   9281710097.73741     
   7640205067.29846     
   11946566635.2839     
   11313113754.0243     
   10845989175.8017     
   9060751788.45905     
   10517278747.2027     
   11589757376.6370     
   17101392055.1131     
   11736155347.7075     
   12830980258.9333     
   8632789043.96194     
   11378983459.7525     
   6237849905.03332     
   12289099697.9271     
   9324500553.90320     
   12022809424.7253     
   10914513410.5052     
   9846762722.59364     
   9914708059.45345     
   18850527551.1898     
   10546202519.7050     
   8815463434.57370     
   9824048418.13541     
   13938633316.2950     
   7877317185.39544     
   14212606793.7190     
   13800163622.2494     
   7296238371.85504     
   12735791116.9140     
   12728211845.2954     
   9779296619.11170     
   11723683420.5063     
   7392689506.76541     
   11235339130.2743     
   10549723741.4187     
   7802266809.45023     
   5048991654.97052     
   6945503673.86586     
   9189285928.99946     
   14785324416.0675     
   9752339314.24442     
   6464471313.54720     
   9142498103.78053     
   7185862505.59104     
   13258657540.7954     
   11366135531.7900     
   6578947904.01807     
   10888811931.9136     
   4993172125.08140     
   13178580884.0580     
   10902259244.3386     
   7577086295.55714     
   9554083099.09362     
   10475031448.9812     
   10848197759.4586     
   14240675615.8099     
   10371636640.2575     
   8190378813.87619     
   10895622328.0830     
   8722486332.50544     
   9374428685.63018     
   5795792034.92695     
   11697947679.8403     
   8121272086.59957     
   9693182127.74774     
   8928792179.17325     
   9194906798.73098     
   8619585568.91720     
   12139033738.9180     
   14759259342.2635     
   10883046027.7454     
   19741261726.0776     
   12624260125.0796     
   6925117106.15760     
   8807444386.42940     
