tried moves    experiment_1   _      experiment_2    _                                                                                                                                                                                                                                                                                                                                                                                                                                                                          
        0   253217   0.330E+02   0.145E+11   0.763E+02   0.166E+12
  OPTIMIZATION STUFF
      253217   2935237.9357683794        2305197350123818.5     
   47922664.036802508       -44987426.101034127     
        0   258246  -0.653E+01   0.453E+05   0.254E+02   0.138E+06
  OPTIMIZATION STUFF
      258246  -48.779771991228692        27475.762601502720     
   158.41810643353386       -207.19787842476256     
        0   258304  -0.697E+01   0.467E+05   0.212E+01   0.223E+06
  OPTIMIZATION STUFF
      258304  -119.75200644560299        75100.873846594957     
   246.49610706631296       -366.24811351191596     
        0   258779   0.405E+01   0.457E+05   0.541E+02   0.266E+06
  OPTIMIZATION STUFF
      258779  -243.33945978847154        198995.08350764919     
   373.87296080019485       -617.21242058866642     
        0   259314  -0.444E+01   0.625E+05  -0.648E+01   0.494E+06
  OPTIMIZATION STUFF
      259314  -343.08011896846551        350012.65173927147     
   481.98411146826720       -825.06423043673271     
        0   260643  -0.168E+01   0.504E+05   0.341E+02   0.506E+06
  OPTIMIZATION STUFF
      260643  -428.45690809751011        495953.89110526320     
   558.90837264151355       -987.36528073902366     
        0   259653  -0.266E+01   0.376E+05   0.514E+01   0.444E+06
  OPTIMIZATION STUFF
      259653  -373.81115810787088        382562.10441967309     
   492.77512365553264       -866.58628176340358     
        0   259725  -0.122E+02   0.302E+05  -0.161E+03   0.412E+06
  OPTIMIZATION STUFF
      259725  -227.55147959963162        162011.90955711945     
   332.01239990268118       -559.56387950231283     
        0   260749  -0.261E-01   0.101E+05   0.550E+01   0.161E+06
  OPTIMIZATION STUFF
      260749  -112.07141557174809        36300.456169329096     
   154.07937558633094       -266.15079115807902     
        0   259890  -0.137E+01   0.204E+04  -0.245E+02   0.391E+05
  OPTIMIZATION STUFF
      259890  -59.328645110825789        7731.1410777005367     
   64.894167280382163       -124.22281239120795     
        0   260600  -0.713E-02   0.873E+03   0.139E+01   0.196E+05
  OPTIMIZATION STUFF
      260600  -37.001467304482482        2799.8212782125688     
   37.824762993677602       -74.826230298160084     
        0   260521  -0.164E+00   0.504E+03  -0.335E+01   0.137E+05
  OPTIMIZATION STUFF
      260521  -27.637899687960580        1475.4400706301390     
   26.675580058704767       -54.313479746665351     
        0   260866  -0.107E+00   0.247E+03  -0.291E+01   0.720E+04
  OPTIMIZATION STUFF
      260866  -21.080570845349261        805.71738621571012     
   19.008601186039989       -40.089172031389253     
        0   259717   0.104E-01   0.176E+03   0.529E+00   0.546E+04
  OPTIMIZATION STUFF
      259717  -17.010987189350757        503.64116976654361     
   14.637878419029446       -31.648865608380206     
        0   259028  -0.118E-01   0.142E+03  -0.444E+00   0.442E+04
  OPTIMIZATION STUFF
      259028  -14.820282672910965        370.68142702382494     
   12.289859580924428       -27.110142253835392     
        0   260492  -0.130E-01   0.112E+03  -0.213E+00   0.347E+04
  OPTIMIZATION STUFF
      260492  -13.570892889313926        303.99518322873337     
   10.946508549099208       -24.517401438413135     
        0   261185  -0.128E-01   0.108E+03  -0.584E+00   0.311E+04
  OPTIMIZATION STUFF
      261185  -12.365799170146540        247.78598174958893     
   9.7402768252854131       -22.106075995431951     
        0   260155   0.870E-02   0.901E+02   0.985E-01   0.257E+04
  OPTIMIZATION STUFF
      260155  -11.571761727752952        213.99110572746375     
   8.9490466667447759       -20.520808394497728     
        0   260656  -0.186E-01   0.800E+02  -0.489E+00   0.225E+04
  OPTIMIZATION STUFF
      260656  -10.981361502061532        190.63206718712647     
   8.3690959337414306       -19.350457435802962     
        0   259972   0.859E-03   0.702E+02  -0.740E-01   0.188E+04
  OPTIMIZATION STUFF
      259972  -10.521287166575327        173.00931057903807     
   7.8937840696015620       -18.415071236176889     
        0   261005   0.574E-02   0.745E+02   0.190E+00   0.189E+04
  OPTIMIZATION STUFF
      261005  -10.213185434178811        162.15469594157480     
   7.6056254988431142       -17.818810933021926     
        0   260551  -0.128E-01   0.769E+02  -0.439E+00   0.210E+04
  OPTIMIZATION STUFF
      260551  -10.112052285020839        159.04912581986855     
   7.5362805418106200       -17.648332826831460     
        0   260305   0.259E-01   0.783E+02   0.615E+00   0.198E+04
  OPTIMIZATION STUFF
      260305  -10.017673347839375        155.55308918356684     
   7.4296238047128256       -17.447297152552203     
        0   260823  -0.224E-01   0.608E+02  -0.529E+00   0.154E+04
  OPTIMIZATION STUFF
      260823  -9.5714588130677036        140.53908551305517     
   6.9947309957427066       -16.566189808810410     
        0   256673   0.291E-01   0.703E+02   0.637E+00   0.173E+04
  OPTIMIZATION STUFF
      256673  -9.5521705356193056        139.93173129021642     
   6.9776621692844092       -16.529832704903715     
        0   260742  -0.346E-01   0.691E+02  -0.901E+00   0.162E+04
  OPTIMIZATION STUFF
      260742  -9.5297104952261140        139.05889353726235     
   6.9457549204128703       -16.475465415638986     
        0   260687  -0.273E-02   0.750E+02  -0.653E-01   0.181E+04
  OPTIMIZATION STUFF
      260687  -9.4799303145502680        137.58151670131062     
   6.9074190500201649       -16.387349364570433     
        0   260252   0.194E-01   0.739E+02   0.438E+00   0.165E+04
  OPTIMIZATION STUFF
      260252  -9.3806621966637938        134.27363025788438     
   6.8027058594332290       -16.183368056097024     
        0   260838  -0.600E-02   0.643E+02  -0.193E+00   0.147E+04
  OPTIMIZATION STUFF
      260838  -9.3409303722563681        132.81782884070361     
   6.7501739697108638       -16.091104341967231     
        0   260608  -0.103E-01   0.738E+02  -0.197E+00   0.176E+04
  OPTIMIZATION STUFF
      260608  -9.4147283218513085        134.96818706308767     
   6.8066935944567470       -16.221421916308056     
        0   260675   0.801E-02   0.721E+02   0.124E+00   0.162E+04
  OPTIMIZATION STUFF
      260675  -9.1835542641054548        128.30012305797203     
   6.6304188507365467       -15.813973114842002     
        0   260661   0.779E-02   0.699E+02   0.193E+00   0.157E+04
  OPTIMIZATION STUFF
      260661  -9.2228059197845074        129.29565733977128     
   6.6509779961866604       -15.873783915971167     
        0   260510  -0.642E-02   0.586E+02  -0.182E+00   0.134E+04
  OPTIMIZATION STUFF
      260510  -9.1404294515698830        126.69706425878439     
   6.5688365560164677       -15.709266007586351     
        0   260610  -0.134E-01   0.726E+02  -0.340E+00   0.161E+04
  OPTIMIZATION STUFF
      260610  -9.1202125007980843        126.00747546574242     
   6.5444021427498447       -15.664614643547928     
        0   260448   0.243E-01   0.700E+02   0.513E+00   0.150E+04
  OPTIMIZATION STUFF
      260448  -9.0662693061780573        124.69344214795312     
   6.5189111833040627       -15.585180489482120     
        0   260989  -0.107E-01   0.734E+02  -0.198E+00   0.157E+04
  OPTIMIZATION STUFF
      260989  -9.1523895621885956        127.22721069018957     
   6.5924939129384725       -15.744883475127068     
        0   260220  -0.201E-01   0.673E+02  -0.436E+00   0.147E+04
  OPTIMIZATION STUFF
      260220  -9.0651494934257730        124.30852479375983     
   6.4908851057157282       -15.556034599141501     
        0   260369   0.202E-01   0.719E+02   0.383E+00   0.158E+04
  OPTIMIZATION STUFF
      260369  -9.0056001820553284        122.88401588500925     
   6.4639911235995902       -15.469591305654919     
        0   260905   0.678E-02   0.689E+02   0.146E+00   0.140E+04
  OPTIMIZATION STUFF
      260905  -9.0626903588986600        124.34267049391192     
   6.4969465099104218       -15.559636868809083     
        0   260831  -0.116E-01   0.661E+02  -0.282E+00   0.135E+04
  OPTIMIZATION STUFF
      260831  -9.0155949537884457        122.70068131800467     
   6.4358161057653742       -15.451411059553820     
        0   260346  -0.470E-02   0.760E+02  -0.778E-01   0.164E+04
  OPTIMIZATION STUFF
      260346  -9.0115892678753848        123.08759857857372     
   6.4713875981652427       -15.482976866040627     
        0   260620   0.298E-02   0.701E+02   0.126E-01   0.143E+04
  OPTIMIZATION STUFF
      260620  -8.9849262490586703        121.68558136118257     
   6.3997407494490792       -15.384666998507750     
        0   260245   0.179E-01   0.689E+02   0.428E+00   0.142E+04
  OPTIMIZATION STUFF
      260245  -8.9215096652715982        120.14089804633085     
   6.3676968629792912       -15.289206528250890     
        0   260551  -0.181E-01   0.712E+02  -0.417E+00   0.152E+04
  OPTIMIZATION STUFF
      260551  -8.9731212024302778        121.74320314179882     
   6.4207709060746758       -15.393892108504954     
        0   260713   0.836E-02   0.747E+02   0.143E+00   0.148E+04
  OPTIMIZATION STUFF
      260713  -8.9686435354159073        121.42142081920066     
   6.4019414206819416       -15.370584956097849     
        0   260449  -0.803E-02   0.839E+02  -0.153E+00   0.168E+04
  OPTIMIZATION STUFF
      260449  -9.0185666794812072        123.26564979339346     
   6.4754231399302986       -15.493989819411507     
        0   260910   0.778E-02   0.788E+02   0.121E+00   0.164E+04
  OPTIMIZATION STUFF
      260910  -8.9011754798185176        119.83413202952313     
   6.3720645874787483       -15.273240067297266     
        0   260009  -0.588E-02   0.702E+02  -0.867E-01   0.137E+04
  OPTIMIZATION STUFF
      260009  -8.9124907773894630        119.61066246625730     
   6.3386252933270200       -15.251116070716483     
        0   253956   0.108E-01   0.663E+02   0.214E+00   0.136E+04
  OPTIMIZATION STUFF
      253956  -8.8869339237904530        118.90617999401225     
   6.3189069804986575       -15.205840904289111     
        0   260622  -0.151E-01   0.739E+02  -0.302E+00   0.143E+04
  OPTIMIZATION STUFF
      260622  -8.9373106494386008        120.52421604436431     
   6.3756328626886667       -15.312943512127267     
        0   260734   0.135E-02   0.749E+02   0.408E-01   0.145E+04
  OPTIMIZATION STUFF
      260734  -9.0027166435049253        122.41399074337730     
   6.4315693092849990       -15.434285952789924     
        0   259715   0.131E-01   0.681E+02   0.322E+00   0.133E+04
  OPTIMIZATION STUFF
      259715  -8.8196198778208910        117.24007307960015     
   6.2812720280486793       -15.100891905869570     
        0   259673  -0.163E-01   0.694E+02  -0.468E+00   0.133E+04
  OPTIMIZATION STUFF
      259673  -8.8112023611870729        116.77408206114214     
   6.2559407774813121       -15.067143138668385     
        0   260426   0.835E-02   0.730E+02   0.244E+00   0.147E+04
  OPTIMIZATION STUFF
      260426  -8.9035584433396302        119.63761212035685     
   6.3532872724592293       -15.256845715798860     
        0   260321  -0.352E-02   0.629E+02  -0.116E+00   0.125E+04
  OPTIMIZATION STUFF
      260321  -8.8671090903805503        118.21851137934688     
   6.2922879589730707       -15.159397049353622     
        0   260548  -0.620E-02   0.694E+02  -0.119E+00   0.132E+04
  OPTIMIZATION STUFF
      260548  -8.9046376167959806        119.58160090745353     
   6.3473640057109959       -15.252001622506977     
        0   260601   0.886E-02   0.716E+02   0.120E+00   0.142E+04
  OPTIMIZATION STUFF
      260601  -8.9033968151501011        119.44587538213283     
   6.3384067820003365       -15.241803597150437     
        0   260592   0.254E-02   0.755E+02   0.407E-01   0.144E+04
  OPTIMIZATION STUFF
      260592  -8.8236366708984626        117.40039005907863     
   6.2883881845075793       -15.112024855406041     
        0   260666   0.348E-02   0.782E+02   0.684E-01   0.147E+04
  OPTIMIZATION STUFF
      260666  -8.9886685066386551        122.10419895783346     
   6.4271329094391589       -15.415801416077814     
        0   260912   0.887E-02   0.667E+02   0.200E+00   0.125E+04
  OPTIMIZATION STUFF
      260912  -8.8195912301216133        116.77421822539849     
   6.2441195343267104       -15.063710764448324     
        0   260434  -0.656E-02   0.756E+02  -0.105E+00   0.136E+04
  OPTIMIZATION STUFF
      260434  -8.8392452449751797        117.71156919720566     
   6.2912091601209177       -15.130454405096097     
        0   260017   0.836E-02   0.693E+02  -0.212E-01   0.132E+04
  OPTIMIZATION STUFF
      260017  -8.9639313965810885        120.94542815329625     
   6.3712920252240881       -15.335223421805177     
        0   260429   0.518E-03   0.854E+02   0.141E+00   0.160E+04
  OPTIMIZATION STUFF
      260429  -8.9378859961991814        120.83162116713942     
   6.3988917076385956       -15.336777703837777     
        0   260485  -0.184E-01   0.720E+02  -0.356E+00   0.132E+04
  OPTIMIZATION STUFF
      260485  -8.8083524956630566        116.60441227739950     
   6.2463860423084565       -15.054738537971513     
        0   260756   0.174E-01   0.667E+02   0.284E+00   0.126E+04
  OPTIMIZATION STUFF
      260756  -8.8183826993684296        116.80319541770804     
   6.2481454836765451       -15.066528183044975     
        0   259722  -0.164E-01   0.769E+02  -0.320E+00   0.140E+04
  OPTIMIZATION STUFF
      259722  -8.7755491473868172        115.95714536336936     
   6.2407437477569827       -15.016292895143799     
        0   260067  -0.223E-02   0.738E+02   0.403E-02   0.135E+04
  OPTIMIZATION STUFF
      260067  -8.7448283980800205        114.92626487928793     
   6.2011483748916332       -14.945976772971655     
        0   260592  -0.102E-03   0.810E+02  -0.592E-01   0.148E+04
  OPTIMIZATION STUFF
      260592  -8.8745903962647450        118.62651643780212     
   6.3141239880388538       -15.188714384303598     
        0   260101   0.258E-01   0.689E+02   0.503E+00   0.126E+04
  OPTIMIZATION STUFF
      260101  -8.8129564359935042        116.96039617663799     
   6.2683486688216909       -15.081305104815195     
        0   260584  -0.267E-01   0.676E+02  -0.541E+00   0.121E+04
  OPTIMIZATION STUFF
      260584  -8.8410141016536254        117.42725895639663     
   6.2660776096979811       -15.107091711351607     
        0   260229   0.185E-01   0.823E+02   0.420E+00   0.148E+04
  OPTIMIZATION STUFF
      260229  -8.7899296544395948        116.38787953084564     
   6.2549992966305812       -15.044928951070176     
        0   260427  -0.997E-02   0.778E+02  -0.265E+00   0.137E+04
  OPTIMIZATION STUFF
      260427  -8.8575484937579212        118.15820324159598     
   6.3009553182293523       -15.158503811987273     
        0   259257  -0.844E-02   0.727E+02  -0.139E+00   0.129E+04
  OPTIMIZATION STUFF
      259257  -8.8106860259036424        116.50775148748076     
   6.2353478844750150       -15.046033910378657     
        0   260063   0.161E-01   0.666E+02   0.292E+00   0.115E+04
  OPTIMIZATION STUFF
      260063  -8.7394350881464753        114.61178050721639     
   6.1833692148609893       -14.922804303007464     
        0   259866  -0.968E-02   0.724E+02  -0.254E+00   0.129E+04
  OPTIMIZATION STUFF
      259866  -8.9837041931692205        121.43367299595209     
   6.3817499140585143       -15.365454107227734     
        0   260382  -0.206E-02   0.821E+02   0.145E-01   0.144E+04
  OPTIMIZATION STUFF
      260382  -8.8934443842982631        119.18482586016975     
   6.3317827539772269       -15.225227138275489     
        0   260533   0.176E-01   0.745E+02   0.272E+00   0.133E+04
  OPTIMIZATION STUFF
      260533  -8.8704683760315213        118.49930040501860     
   6.3098408216723909       -15.180309197703913     
        0   259937  -0.702E-02   0.673E+02   0.724E-02   0.117E+04
  OPTIMIZATION STUFF
      259937  -8.8733324510085918        118.20516960414143     
   6.2824470406060158       -15.155779491614608     
        0   259036  -0.137E-01   0.702E+02  -0.394E+00   0.125E+04
  OPTIMIZATION STUFF
      259036  -8.7809443909857485        115.79647279168334     
   6.2202482582369063       -15.001192649222656     
        0   260374   0.985E-02   0.688E+02   0.190E+00   0.116E+04
  OPTIMIZATION STUFF
      260374  -8.7385161995644651        114.51452693155980     
   6.1768002688697337       -14.915316468434199     
        0   260229   0.192E-02   0.766E+02   0.398E-01   0.134E+04
  OPTIMIZATION STUFF
      260229  -8.8348317029194838        117.44729886927919     
   6.2763881054606561       -15.111219808380140     
        0   260580  -0.169E-01   0.819E+02  -0.304E+00   0.138E+04
  OPTIMIZATION STUFF
      260580  -8.7983137818820438        116.50226904191626     
   6.2523550472970388       -15.050668829179083     
        0   260901   0.173E-01   0.708E+02   0.252E+00   0.121E+04
  OPTIMIZATION STUFF
      260901  -8.8204358055629779        117.06910585506650     
   6.2664996652843667       -15.086935470847344     
        0   260380  -0.116E-02   0.103E+03   0.649E-01   0.182E+04
  OPTIMIZATION STUFF
      260380  -8.9538312964121154        122.09643153995765     
   6.4749777339654679       -15.428809030377582     
        0   260125  -0.174E-01   0.716E+02  -0.330E+00   0.122E+04
  OPTIMIZATION STUFF
      260125  -8.7543243968835593        115.02552045481795     
   6.1957505444415091       -14.950074941325068     
        0   260424   0.957E-02   0.934E+02   0.174E+00   0.163E+04
  OPTIMIZATION STUFF
      260424  -8.9798077417519284        121.90978557542702     
   6.4243940178509558       -15.404201759602884     
        0   260148   0.169E-03   0.802E+02  -0.328E-01   0.130E+04
  OPTIMIZATION STUFF
      260148  -8.8648849153349705        118.17214586595836     
   6.2917375425096083       -15.156622457844579     
        0   260287   0.113E-01   0.780E+02   0.181E+00   0.132E+04
  OPTIMIZATION STUFF
      260287  -8.8418687143296353        117.74633621082516     
   6.2902856731140577       -15.132154387443693     
        0   261041  -0.471E-02   0.717E+02  -0.235E-01   0.116E+04
  OPTIMIZATION STUFF
      261041  -8.8820794675118666        118.55139759589304     
   6.2976235143661254       -15.179702981877991     
        0   260830   0.461E-02   0.766E+02   0.190E-01   0.127E+04
  OPTIMIZATION STUFF
      260830  -8.8892439926533271        118.89434409213675     
   6.3147197349695174       -15.203963727622845     
        0   260826  -0.645E-02   0.822E+02  -0.102E+00   0.141E+04
  OPTIMIZATION STUFF
      260826  -8.8261774366192718        117.37806645550890     
   6.2830453056477120       -15.109222742266983     
        0   260784   0.120E-01   0.664E+02   0.212E+00   0.110E+04
  OPTIMIZATION STUFF
      260784  -8.7690913475685566        115.19057245406370     
   6.1881830444858350       -14.957274392054391     
        0   260688   0.112E-01   0.768E+02   0.145E+00   0.121E+04
  OPTIMIZATION STUFF
      260688  -8.8081687369389225        116.45363418645645     
   6.2345647553031514       -15.042733492242075     
        0   261056  -0.109E-01   0.793E+02  -0.217E+00   0.129E+04
  OPTIMIZATION STUFF
      261056  -8.8669000085294822        118.35298376573779     
   6.3032585227386688       -15.170158531268150     
        0   261046  -0.137E-01   0.737E+02  -0.146E+00   0.117E+04
  OPTIMIZATION STUFF
      261046  -8.7871038968231421        115.83430573370639     
   6.2145885495454918       -15.001692446368633     
        0   261154  -0.593E-02   0.746E+02  -0.139E+00   0.122E+04
  OPTIMIZATION STUFF
      261154  -8.8078326818900141        116.62685573049737     
   6.2489150400951630       -15.056747721985177     
        0   260916   0.180E-03   0.868E+02   0.110E-01   0.133E+04
  OPTIMIZATION STUFF
      260916  -8.7539826449118650        115.28779344675466     
   6.2173612810690466       -14.971343925980911     
        0   260932   0.133E-01   0.799E+02   0.149E+00   0.125E+04
  OPTIMIZATION STUFF
      260932  -8.7259500889438719        114.39636698787781     
   6.1849949097099701       -14.910944998653843     
        0   260878  -0.750E-03   0.675E+02   0.369E-01   0.105E+04
  OPTIMIZATION STUFF
      260878  -8.7120739903779878        113.77742239979530     
   6.1544446691780941       -14.866518659556082     
        0   261152  -0.143E-01   0.784E+02  -0.284E+00   0.118E+04
  OPTIMIZATION STUFF
      261152  -8.8105543959289641        116.75318316992092     
   6.2551830034218607       -15.065737399350825     
        0   261064   0.258E-01   0.744E+02   0.452E+00   0.117E+04
  OPTIMIZATION STUFF
      261064  -8.7166937495575265        114.03313489945681     
   6.1686615222332932       -14.885355271790820     
        0   261380  -0.283E-01   0.838E+02  -0.503E+00   0.133E+04
  OPTIMIZATION STUFF
      261380  -8.8518431850494750        118.10407850149414     
   6.3046768932901953       -15.156520078339671     
        0   260803   0.113E-01   0.828E+02   0.203E+00   0.128E+04
  OPTIMIZATION STUFF
      260803  -8.8396075626825379        117.75724469716809     
   6.2943294190035664       -15.133936981686105     
        0   260962  -0.527E-02   0.731E+02  -0.112E+00   0.109E+04
  OPTIMIZATION STUFF
      260962  -8.7518006275474054        114.87760147058296     
   6.1873732105186443       -14.939173838066051     
        0   261175  -0.295E-02   0.752E+02  -0.342E-01   0.118E+04
  OPTIMIZATION STUFF
      261175  -8.8588942351084512        118.12856793717835     
   6.2967103211391739       -15.155604556247624     
        0   261162   0.246E-01   0.734E+02   0.376E+00   0.112E+04
  OPTIMIZATION STUFF
      261162  -8.7980542013779850        116.11314020986453     
   6.2215257356600011       -15.019579937037985     
        0   260588  -0.118E-01   0.719E+02  -0.200E+00   0.105E+04
  OPTIMIZATION STUFF
      260588  -8.7718096539872956        115.41290762203073     
   6.2022788566982392       -14.974088510685535     
        0   260324   0.333E-02   0.764E+02   0.247E-01   0.118E+04
  OPTIMIZATION STUFF
      260324  -8.8315456135076165        117.07034051631855     
   6.2509313380369917       -15.082476951544608     
        0   260577  -0.101E-01   0.694E+02  -0.153E+00   0.101E+04
  OPTIMIZATION STUFF
      260577  -8.7139280891175286        113.75993399192146     
   6.1503976497142023       -14.864325738831731     
        0   261416  -0.924E-02   0.759E+02  -0.115E+00   0.112E+04
  OPTIMIZATION STUFF
      261416  -8.8617516705808832        118.04352419984184     
   6.2859272608580810       -15.147678931438964     
        0   260688   0.104E-02   0.867E+02   0.310E-01   0.131E+04
  OPTIMIZATION STUFF
      260688  -8.8236363176088002        117.13766658848877     
   6.2674642977095436       -15.091100615318343     
        0   254320   0.185E-01   0.868E+02   0.231E+00   0.130E+04
  OPTIMIZATION STUFF
      254320  -8.8288832442021992        117.51287737753330     
   6.2899680474370419       -15.118851291639242     
        0   260163   0.495E-02   0.806E+02   0.790E-01   0.112E+04
  OPTIMIZATION STUFF
      260163  -8.7906646662383405        116.05304183140963     
   6.2271387134990333       -15.017803379737373     
        0   260466  -0.111E-01   0.577E+07  -0.142E+00   0.864E+08
  OPTIMIZATION STUFF
      260466  -6302.9719945281840        7756597946.8060541     
   87845.719820844140       -94148.691815372324     
        0   259995   0.956E-02   0.699E+02   0.135E+00   0.104E+04
  OPTIMIZATION STUFF
      259995  -8.7159639873223345        113.94601318270860     
   6.1626280882760360       -14.878592075598370     
        0   261239   0.513E-02   0.837E+02   0.532E-01   0.123E+04
  OPTIMIZATION STUFF
      261239  -8.9469946074961726        120.70738958871254     
   6.3764156923891777       -15.323410299885349     
        0   260345  -0.149E-01   0.825E+02  -0.265E+00   0.116E+04
  OPTIMIZATION STUFF
      260345  -8.7945483683078560        116.50656212894751     
   6.2579933785871917       -15.052541746895049     
        0   260311   0.160E-01   0.751E+02   0.259E+00   0.100E+04
  OPTIMIZATION STUFF
      260311  -8.9123884724633147        119.51941835267270     
   6.3315677417663094       -15.243956214229623     
        0   259693  -0.170E-01   0.704E+02  -0.233E+00   0.103E+04
  OPTIMIZATION STUFF
      259693  -8.7121570350716997        114.03115665859906     
   6.1749069996923636       -14.887064034764062     
        0   260083   0.320E-01   0.764E+02   0.456E+00   0.110E+04
  OPTIMIZATION STUFF
      260083  -8.8345747966999504        117.30292681814390     
   6.2652386211267261       -15.099813417826677     
