   27667336.957213163     
   32528532.718259245     
   31273641.694558702     
   46330555.686890833     
   43499403.743608959     
   51956397.144849665     
   52598411.799043179     
   7498683.4966144245     
   8924690.5923350677     
   2212990.5708522862     
   2574362.6908969581     
   1658624.2348770995     
   871435.61049609212     
   1011536.6578101024     
   893462.74854200939     
   834598.00711720088     
   678713.99814143323     
   706598.76986675046     
   574363.72552892996     
   555333.57688559499     
   606350.22627642774     
   488695.32093354309     
   655492.14076500945     
   511800.96174543520     
   682803.05272588343     
   438938.50791747181     
   421198.90898470907     
   540105.20486962830     
   488101.87236151629     
   434130.58276439842     
   468429.48234209529     
   520812.96770107950     
   471803.87318295258     
   379720.76584907091     
   519691.05431790662     
   465261.75327030919     
   346521.80469532759     
   451590.21658916597     
   491338.14094403159     
   414814.03145550581     
   393338.89669404237     
   397372.12318805692     
   513339.74283239263     
   399861.72143527749     
   439325.72778036905     
   397383.54372872709     
   430935.69407237391     
   406848.79461889470     
   464042.26703274285     
   381534.81467260618     
   392553.72023286967     
   479492.71621150442     
   353740.88325628027     
   419337.48163499642     
   388250.83847410628     
   355537.48638907744     
   389265.46013407473     
   400514.40415987594     
   419251.71395481279     
   473733.00527406402     
   444611.49227381014     
   441305.96968940913     
   478084.43526260002     
   380664.12429992971     
   459338.76103204064     
   371864.28923060169     
   372322.33250137902     
   356919.14584661304     
   494432.38928872143     
   346449.00732550485     
   460428.80868201551     
   388923.05316112115     
   350569.89421199448     
   430806.30054582260     
   362232.65026880038     
   365475.44087875984     
   440886.13302589743     
   440956.56096824881     
   335259.77455211786     
   387369.28069201822     
   398194.10565095796     
   314579.23001267726     
   384941.79324154439     
   401561.58884080971     
   311141.48301356041     
   358889.06718606484     
   350419.20178199169     
   400339.95741039340     
   392966.14308265859     
   399140.99294566485     
   370724.85107120022     
   429204.08351393969     
   469962.68198138138     
   410525.99820321763     
   368801.99061325868     
   330822.68051157665     
   333768.25138618011     
   376003.96314050799     
   385425.56228104339     
   307638.40986936825     
   432266.73126700742     
   293383.95184552902     
   349307.21371418255     
   318733.79866651597     
   309032.17170854285     
   413686.46231258649     
   358365.57135906635     
   365681.94525605364     
   323107.67858249781     
   290578.58000249940     
   298934.22098265419     
   362432.58619411476     
   384283.70010155794     
   344268.71197245672     
   381889.92658524669     
   397097.70648101228     
   324272.38709631521     
   395951.02282327635     
   331133.95823656721     
   458005.41606304102     
