tried moves    experiment_1   _      experiment_2    _                                                                                                                                                                                                                                                                                                                                                                                                                                                                          
        0   252870   0.311E+02   0.202E+10   0.987E+02   0.221E+11
  OPTIMIZATION STUFF
      252870   333273.50541054149        58124671203815.672     
   7616665.9355919659       -7283392.4301814241     
        0   257792  -0.199E+01   0.376E+05   0.648E+02   0.164E+06
  OPTIMIZATION STUFF
      257792  -82.843118390383324        48759.527614014180     
   204.68645619427562       -287.52957458465892     
        0   259301  -0.893E+01   0.640E+05  -0.192E+02   0.426E+06
  OPTIMIZATION STUFF
      259301  -217.80232736664667        171579.48133566030     
   352.33737742302105       -570.13970478966769     
        0   260435   0.998E+01   0.459E+05   0.125E+03   0.394E+06
  OPTIMIZATION STUFF
      260435  -282.81783965552279        239221.22542256012     
   399.04297387016243       -681.86081352568522     
        0   259804  -0.100E+02   0.568E+05  -0.560E+02   0.553E+06
  OPTIMIZATION STUFF
      259804  -352.32350438914858        346985.70087590476     
   472.07398692456502       -824.39749131371354     
        0   259795  -0.414E+01   0.444E+05  -0.232E+02   0.530E+06
  OPTIMIZATION STUFF
      259795  -386.63634144451748        393141.91084372316     
   493.61346245632490       -880.24980390084238     
        0   260368  -0.994E+01   0.415E+05  -0.107E+03   0.576E+06
  OPTIMIZATION STUFF
      260368  -281.49331217581931        222462.09741191726     
   378.44895641579456       -659.94226859161381     
        0   260500  -0.174E+01   0.309E+05  -0.181E+02   0.503E+06
  OPTIMIZATION STUFF
      260500  -158.97284652161170        87930.019601493084     
   250.31510875356520       -409.28795527517690     
        0   260472  -0.186E+01   0.112E+05  -0.284E+02   0.208E+06
  OPTIMIZATION STUFF
      260472  -84.283432400350776        20576.233257117387     
   116.07125518375722       -200.35468758410798     
        0   260178  -0.202E+00   0.292E+04   0.896E+00   0.641E+05
  OPTIMIZATION STUFF
      260178  -59.659486109155907        7849.0047311455064     
   65.496186517513664       -125.15567262666957     
        0   259977  -0.747E+00   0.150E+04  -0.174E+02   0.371E+05
  OPTIMIZATION STUFF
      259977  -40.726975680835537        3448.9841150185525     
   42.311908098207809       -83.038883779043346     
        0   259924  -0.264E+00   0.114E+04  -0.506E+01   0.315E+05
  OPTIMIZATION STUFF
      259924  -34.351230061651542        2447.3719862309981     
   35.600069936483067       -69.951299998134601     
        0   259605  -0.135E+00   0.621E+03  -0.358E+01   0.174E+05
  OPTIMIZATION STUFF
      259605  -26.701882962128909        1363.9547654924231     
   25.514000309030198       -52.215883271159107     
        0   259721  -0.767E-01   0.371E+03  -0.158E+01   0.108E+05
  OPTIMIZATION STUFF
      259721  -22.865298649754880        968.32911623031680     
   21.107042281850731       -43.972340931605615     
        0   259521  -0.532E-01   0.263E+03  -0.162E+01   0.779E+04
  OPTIMIZATION STUFF
      259521  -19.992180385360278        719.94308529269665     
   17.895692463045748       -37.887872848406026     
        0   259232  -0.283E-01   0.211E+03  -0.709E+00   0.648E+04
  OPTIMIZATION STUFF
      259232  -17.684602250025193        554.62921670955393     
   15.552622285902714       -33.237224535927908     
        0   259028   0.265E-01   0.163E+03   0.821E+00   0.518E+04
  OPTIMIZATION STUFF
      259028  -16.110371100948807        447.51497994727885     
   13.710248828412720       -29.820619929361527     
        0   259503  -0.573E-01   0.112E+03  -0.179E+01   0.376E+04
  OPTIMIZATION STUFF
      259503  -14.281178118033864        343.49943943989393     
   11.813017861701754       -26.094195979735616     
        0   253345   0.108E-01   0.132E+03   0.188E+00   0.402E+04
  OPTIMIZATION STUFF
      253345  -13.432551986384830        302.70058378446805     
   11.057446853480101       -24.489998839864931     
        0   259167  -0.705E-03   0.865E+02   0.181E+00   0.291E+04
  OPTIMIZATION STUFF
      259167  -12.376876607289757        251.17469737321937     
   9.8988697749360739       -22.275746382225833     
        0   258974  -0.332E-01   0.752E+02  -0.106E+01   0.244E+04
  OPTIMIZATION STUFF
      258974  -11.627623215919563        218.71267886100429     
   9.1384384448117117       -20.766061660731275     
        0   258656  -0.735E-03   0.762E+02  -0.656E-01   0.250E+04
  OPTIMIZATION STUFF
      258656  -11.241457984774417        203.64553123811521     
   8.7906287383023241       -20.032086723076741     
        0   258538  -0.408E-02   0.807E+02  -0.139E+00   0.262E+04
  OPTIMIZATION STUFF
      258538  -10.800588964973061        186.39006532600249     
   8.3508887751966032       -19.151477740169664     
        0   258827   0.112E-01   0.740E+02   0.241E+00   0.235E+04
  OPTIMIZATION STUFF
      258827  -10.453748010728285        173.37171824575029     
   8.0056774088108700       -18.459425419539155     
        0   258565  -0.750E-02   0.560E+02  -0.136E+00   0.187E+04
  OPTIMIZATION STUFF
      258565  -10.144226348363871        161.76656954247764     
   7.6721080112077304       -17.816334359571602     
        0   258979  -0.820E-02   0.622E+02  -0.241E+00   0.193E+04
  OPTIMIZATION STUFF
      258979  -9.9736751558361796        155.89265671759347     
   7.5112223108792104       -17.484897466715388     
        0   259314  -0.483E-02   0.609E+02  -0.214E+00   0.184E+04
  OPTIMIZATION STUFF
      259314  -9.8251572760935026        150.47481246667917     
   7.3444602910429078       -17.169617567136410     
        0   258811   0.608E-02   0.649E+02   0.161E+00   0.189E+04
  OPTIMIZATION STUFF
      258811  -9.6320138774492037        144.54510943633085     
   7.1950968097001171       -16.827110687149322     
        0   259057  -0.128E-01   0.539E+02  -0.374E+00   0.164E+04
  OPTIMIZATION STUFF
      259057  -9.5660440919889389        141.42439785403866     
   7.0650688803551072       -16.631112972344045     
        0   258977   0.161E-01   0.566E+02   0.344E+00   0.177E+04
  OPTIMIZATION STUFF
      258977  -9.3094430134762565        133.70469513878697     
   6.8584958932425621       -16.167938906718817     
        0   259084  -0.116E-01   0.563E+02  -0.260E+00   0.154E+04
  OPTIMIZATION STUFF
      259084  -9.3666217793746469        135.32689226151538     
   6.8987889302152094       -16.265410709589858     
        0   259164   0.983E-06   0.567E+02  -0.513E-01   0.169E+04
  OPTIMIZATION STUFF
      259164  -9.1836595939827248        129.51644377144956     
   6.7213719011299036       -15.905031495112627     
        0   258915  -0.595E-02   0.563E+02  -0.225E+00   0.164E+04
  OPTIMIZATION STUFF
      258915  -9.1475658895630474        128.50658153178310     
   6.6954178232493984       -15.842983712812446     
        0   259041   0.961E-02   0.491E+02   0.193E+00   0.138E+04
  OPTIMIZATION STUFF
      259041  -9.0471863875284537        125.15754645960502     
   6.5807267781700878       -15.627913165698541     
        0   259033   0.449E-02   0.471E+02   0.285E+00   0.128E+04
  OPTIMIZATION STUFF
      259033  -9.1059022814017094        126.69346450411940     
   6.6163440165761145       -15.722246297977824     
        0   258632  -0.108E-01   0.526E+02  -0.378E+00   0.149E+04
  OPTIMIZATION STUFF
      258632  -8.9788729141791777        123.06496761246586     
   6.5149680585161267       -15.493840972695304     
        0   258899   0.108E-01   0.527E+02   0.263E+00   0.139E+04
  OPTIMIZATION STUFF
      258899  -9.0934313010224130        126.41931867443397     
   6.6127774685089618       -15.706208769531376     
        0   258834  -0.324E-02   0.511E+02  -0.162E+00   0.134E+04
  OPTIMIZATION STUFF
      258834  -8.8753457107334484        120.08220662022990     
   6.4273202141479837       -15.302665924881431     
        0   259430   0.776E-02   0.663E+02   0.195E+00   0.180E+04
  OPTIMIZATION STUFF
      259430  -9.0104176588758165        124.40974684998000     
   6.5743532353075498       -15.584770894183366     
        0   258743  -0.482E-02   0.405E+07  -0.721E-01   0.107E+09
  OPTIMIZATION STUFF
      258743  -6530.7372207926574        8290351204.4294224     
   90816.852377641757       -97347.589598434410     
        0   258762  -0.125E-01   0.549E+02  -0.363E+00   0.144E+04
  OPTIMIZATION STUFF
      258762  -8.8208519075194527        118.11390841843605     
   6.3487384608319219       -15.169590368351376     
        0   258953   0.152E-01   0.545E+02   0.324E+00   0.137E+04
  OPTIMIZATION STUFF
      258953  -8.8494755417341988        118.82814939825546     
   6.3651340939923386       -15.214609635726537     
        0   259024  -0.126E-02   0.535E+02  -0.510E-01   0.137E+04
  OPTIMIZATION STUFF
      259024  -8.8093216615032652        117.86505722497893     
   6.3451484686450224       -15.154470130148287     
        0   259173  -0.465E-02   0.513E+02  -0.116E+00   0.128E+04
  OPTIMIZATION STUFF
      259173  -8.8967818647879113        119.96900343358479     
   6.3887616862711143       -15.285543551059025     
        0   259050  -0.820E-03   0.493E+02  -0.106E-01   0.122E+04
  OPTIMIZATION STUFF
      259050  -8.8540604008988861        118.81618705789356     
   6.3578142057729092       -15.211874606671795     
        0   258916  -0.795E-02   0.544E+02  -0.198E+00   0.141E+04
  OPTIMIZATION STUFF
      258916  -8.6908261086222574        114.25863010543740     
   6.2231962571597492       -14.914022365782007     
        0   259100   0.764E-03   0.551E+02  -0.167E-01   0.134E+04
  OPTIMIZATION STUFF
      259100  -8.8000882808620116        117.47222150004546     
   6.3269793542480084       -15.127067635110020     
        0   258851   0.103E-01   0.609E+02   0.258E+00   0.148E+04
  OPTIMIZATION STUFF
      258851  -8.8653668520595357        119.62340629487690     
   6.4053631335999137       -15.270729985659450     
        0   259011   0.512E-02   0.549E+02   0.120E+00   0.140E+04
  OPTIMIZATION STUFF
      259011  -8.7905184690540441        117.11177228142483     
   6.3117792520528297       -15.102297721106874     
        0   259527  -0.257E-02   0.510E+02  -0.407E-02   0.126E+04
  OPTIMIZATION STUFF
      259527  -8.7836711441277657        116.52416874747696     
   6.2746545705157502       -15.058325714643516     
        0   258947  -0.301E-02   0.469E+02  -0.243E+00   0.114E+04
  OPTIMIZATION STUFF
      258947  -8.7604731780184881        115.82015824683913     
   6.2509413646312328       -15.011414542649721     
        0   259273  -0.744E-02   0.576E+02  -0.875E-01   0.141E+04
  OPTIMIZATION STUFF
      259273  -8.7500273816722931        115.95715593600555     
   6.2764780534939062       -15.026505435166200     
        0   258658   0.496E-02   0.507E+02   0.116E+00   0.120E+04
  OPTIMIZATION STUFF
      258658  -8.6739790571816737        113.54862645173247     
   6.1895649093701408       -14.863543966551815     
        0   258873   0.651E-02   0.652E+02   0.130E+00   0.152E+04
  OPTIMIZATION STUFF
      258873  -8.8184490462932654        118.13210224622462     
   6.3535075874790623       -15.171956633772329     
        0   259121  -0.127E-01   0.601E+02  -0.306E+00   0.141E+04
  OPTIMIZATION STUFF
      259121  -8.6566012003676409        113.30801232581177     
   6.1944546155093665       -14.851055815877007     
        0   258691   0.874E-02   0.486E+02   0.198E+00   0.110E+04
  OPTIMIZATION STUFF
      258691  -8.7890292617338197        116.52577663657465     
   6.2672754266077471       -15.056304688341566     
        0   257051   0.640E-02   0.584E+02   0.956E-01   0.136E+04
  OPTIMIZATION STUFF
      257051  -8.7477553101084347        115.81585941327543     
   6.2683838784606287       -15.016139188569063     
        0   258755   0.499E-02   0.559E+02   0.199E+00   0.131E+04
  OPTIMIZATION STUFF
      258755  -8.7604034635807562        116.06577326322841     
   6.2706542257176565       -15.031057689298413     
        0   258288  -0.127E-01   0.574E+02  -0.367E+00   0.138E+04
  OPTIMIZATION STUFF
      258288  -8.6547326758459242        113.25578903830079     
   6.1928500182020905       -14.847582694048015     
        0   258604   0.216E-02   0.512E+02   0.179E-02   0.110E+04
  OPTIMIZATION STUFF
      258604  -8.6853679558021639        113.73831186726927     
   6.1889171378839940       -14.874285093686158     
        0   258638   0.767E-02   0.542E+02   0.174E+00   0.118E+04
  OPTIMIZATION STUFF
      258638  -8.6822013973537935        113.67281850579653     
   6.1880689557877711       -14.870270353141564     
        0   257429  -0.710E-02   0.594E+02  -0.124E+00   0.127E+04
  OPTIMIZATION STUFF
      257429  -8.6694362464857466        113.39767062020576     
   6.1837323509612609       -14.853168597447008     
        0   258971   0.237E-02   0.576E+02   0.603E-01   0.130E+04
  OPTIMIZATION STUFF
      258971  -8.7060885895604656        114.37418770126702     
   6.2111359002997260       -14.917224489860192     
        0   258917  -0.573E-02   0.561E+02  -0.217E+00   0.121E+04
  OPTIMIZATION STUFF
      258917  -8.6522939931555189        112.87920590672650     
   6.1657939117952543       -14.818087904950772     
        0   258043   0.120E-01   0.588E+02   0.298E+00   0.122E+04
  OPTIMIZATION STUFF
      258043  -8.6590230198258649        113.05521254301314     
   6.1706185172265267       -14.829641537052392     
        0   258769  -0.703E-02   0.528E+02  -0.105E+00   0.106E+04
  OPTIMIZATION STUFF
      258769  -8.6673983973511532        113.12649771436003     
   6.1646332199048697       -14.832031617256023     
        0   259091   0.188E-01   0.574E+02   0.323E+00   0.121E+04
  OPTIMIZATION STUFF
      259091  -8.6100038738742448        111.58505465760430     
   6.1198764652135589       -14.729880339087803     
        0   259045   0.710E-03   0.427E+07   0.911E-01   0.911E+08
  OPTIMIZATION STUFF
      259045  -6154.0317862530701        7223540236.8526182     
   84768.320318538841       -90922.352104791906     
        0   258384  -0.208E-01   0.527E+02  -0.486E+00   0.105E+04
  OPTIMIZATION STUFF
      258384  -8.6323593070080751        112.24233393320698     
   6.1420441815341942       -14.774403488542269     
        0   258476  -0.527E-02   0.526E+02  -0.143E+00   0.110E+04
  OPTIMIZATION STUFF
      258476  -8.6249766911320620        111.87934975239523     
   6.1228365019673570       -14.747813193099418     
        0   259129   0.742E-02   0.604E+02   0.141E+00   0.127E+04
  OPTIMIZATION STUFF
      259129  -8.7306435293014317        115.26222089949376     
   6.2480464517928160       -14.978689981094249     
        0   259526   0.944E-03   0.495E+02   0.257E-01   0.985E+03
  OPTIMIZATION STUFF
      259526  -8.6323132524755035        112.02435277233332     
   6.1243383874071746       -14.756651639882678     
        0   259023   0.295E-02   0.582E+02   0.450E-01   0.122E+04
  OPTIMIZATION STUFF
      259023  -8.6404453267973746        112.57024926070618     
   6.1573495771583078       -14.797794903955683     
        0   257957  -0.108E-01   0.572E+02  -0.260E+00   0.119E+04
  OPTIMIZATION STUFF
      257957  -8.6430821957616004        112.53798645664060     
   6.1510256554455554       -14.794107851207155     
        0   258759   0.172E-01   0.593E+02   0.410E+00   0.117E+04
  OPTIMIZATION STUFF
      258759  -8.6118425860546886        111.81783092278360     
   6.1362853743774410       -14.748127960432129     
        0   258427  -0.178E-01   0.684E+02  -0.367E+00   0.136E+04
  OPTIMIZATION STUFF
      258427  -8.6503051978802556        112.80410897401735     
   6.1624937288035584       -14.812798926683815     
        0   259039   0.432E-02   0.549E+02   0.681E-01   0.114E+04
  OPTIMIZATION STUFF
      259039  -8.6652911069024121        113.04150119418472     
   6.1607005467578677       -14.825991653660280     
        0   258362   0.113E-01   0.549E+02   0.203E+00   0.109E+04
  OPTIMIZATION STUFF
      258362  -8.6633290082894696        113.00724420643596     
   6.1606797271539895       -14.824008735443460     
        0   258746  -0.121E-01   0.600E+02  -0.252E+00   0.118E+04
  OPTIMIZATION STUFF
      258746  -8.5515031045026699        110.19653852960288     
   6.0883768923485730       -14.639879996851242     
        0   258863   0.207E-02   0.551E+02   0.292E-01   0.102E+04
  OPTIMIZATION STUFF
      258863  -8.5251749763357072        109.07334744554149     
   6.0328052403836949       -14.557980216719402     
        0   258524   0.111E-01   0.589E+02   0.249E+00   0.114E+04
  OPTIMIZATION STUFF
      258524  -8.6859968880291731        113.62068176887104     
   6.1785224633417464       -14.864519351370920     
        0   259345  -0.131E-01   0.597E+02  -0.266E+00   0.119E+04
  OPTIMIZATION STUFF
      259345  -8.7167639932606527        114.43501490897097     
   6.2010515555642307       -14.917815548824883     
        0   259468   0.216E-01   0.612E+02   0.310E+00   0.119E+04
  OPTIMIZATION STUFF
      259468  -8.7305422612096262        114.76081922846865     
   6.2079345239541111       -14.938476785163736     
        0   259371  -0.145E-01   0.622E+02  -0.168E+00   0.126E+04
  OPTIMIZATION STUFF
      259371  -8.6662514687885768        113.15118937808303     
   6.1682473084177536       -14.834498777206331     
        0   259162   0.244E-02   0.600E+02  -0.557E-01   0.119E+04
  OPTIMIZATION STUFF
      259162  -8.5915879716172689        111.01248068158286     
   6.0989422695697266       -14.690530241186995     
        0   259665  -0.102E-01   0.667E+02  -0.212E+00   0.128E+04
  OPTIMIZATION STUFF
      259665  -8.6689457282910247        113.36660317590947     
   6.1819077262487729       -14.850853454539799     
        0   258774   0.115E-01   0.583E+02   0.285E+00   0.112E+04
  OPTIMIZATION STUFF
      258774  -8.6126500533726489        111.68671018979722     
   6.1244566492005905       -14.737106702573239     
        0   259545   0.283E-02   0.598E+02   0.615E-01   0.116E+04
  OPTIMIZATION STUFF
      259545  -8.5960750615700601        111.36073353908151     
   6.1211295587444319       -14.717204620314492     
        0   259220  -0.308E-02   0.580E+02  -0.552E-01   0.108E+04
  OPTIMIZATION STUFF
      259220  -8.6785179976861198        113.46150250307609     
   6.1761499226390386       -14.854667920325159     
        0   259153  -0.884E-02   0.563E+02  -0.274E+00   0.997E+03
  OPTIMIZATION STUFF
      259153  -8.7055375934260599        113.98898207486835     
   6.1808249679402794       -14.886362561366340     
        0   259543   0.163E-02   0.701E+02   0.113E+00   0.127E+04
  OPTIMIZATION STUFF
      259543  -8.7005345807326826        114.34642426296136     
   6.2166809691696514       -14.917215549902334     
        0   258569   0.153E-01   0.637E+02   0.271E+00   0.118E+04
  OPTIMIZATION STUFF
      258569  -8.6344798740294486        112.60704261781399     
   6.1686951556057945       -14.803175029635243     
        0   258657  -0.121E-01   0.650E+02  -0.260E+00   0.119E+04
  OPTIMIZATION STUFF
      258657  -8.6399109961298795        112.53217395844889     
   6.1550070623357449       -14.794918058465624     
        0   259216   0.176E-02   0.608E+02  -0.392E-01   0.110E+04
  OPTIMIZATION STUFF
      259216  -8.5907772343558122        111.03849790378490     
   6.1022163525606663       -14.692993586916479     
        0   259738  -0.744E-03   0.586E+02   0.624E-01   0.107E+04
  OPTIMIZATION STUFF
      259738  -8.6072268361468343        111.65517705430585     
   6.1295043229791109       -14.736731159125945     
        0   258830  -0.628E-02   0.690E+02  -0.161E+00   0.121E+04
  OPTIMIZATION STUFF
      258830  -8.7131948130194647        114.69542136987468     
   6.2270103195871913       -14.940205132606657     
        0   259226   0.220E-02   0.711E+02   0.420E-01   0.127E+04
  OPTIMIZATION STUFF
      259226  -8.5740778089350620        111.06264663217760     
   6.1276289344660002       -14.701706743401061     
        0   259355   0.211E-02   0.659E+02   0.429E-01   0.118E+04
  OPTIMIZATION STUFF
      259355  -8.5592324201263459        110.39394692719831     
   6.0937252403974052       -14.652957660523750     
        0   260151   0.124E-02   0.650E+02   0.153E-01   0.112E+04
  OPTIMIZATION STUFF
      260151  -8.6640942468674158        113.35259687697250     
   6.1875736568037265       -14.851667903671142     
        0   259275   0.705E-02   0.705E+02   0.992E-01   0.127E+04
  OPTIMIZATION STUFF
      259275  -8.7329552627649676        115.18087986213988     
   6.2382988258567362       -14.971254088621704     
        0   259092   0.568E-02   0.590E+02   0.721E-01   0.101E+04
  OPTIMIZATION STUFF
      259092  -8.6096916600488456        111.55509289286911     
   6.1178674725556510       -14.727559132604497     
        0   259289  -0.951E-02   0.617E+02  -0.167E+00   0.106E+04
  OPTIMIZATION STUFF
      259289  -8.6585878883905831        112.76622455261162     
   6.1477703544966218       -14.806358242887205     
        0   259462  -0.417E-02   0.569E+02  -0.579E-01   0.992E+03
  OPTIMIZATION STUFF
      259462  -8.6576981738757102        112.63286593260766     
   6.1381697811869662       -14.795867955062675     
        0   258755   0.420E-02   0.597E+02   0.501E-01   0.106E+04
  OPTIMIZATION STUFF
      258755  -8.6774287435080559        113.35253537883658     
   6.1688544949752853       -14.846283238483341     
        0   258676   0.143E-02   0.588E+02   0.133E-01   0.957E+03
  OPTIMIZATION STUFF
      258676  -8.5339716094925659        109.28536810884545     
   6.0379381147226336       -14.571909724215200     
        0   258372   0.122E-02   0.561E+02   0.434E-01   0.941E+03
  OPTIMIZATION STUFF
      258372  -8.6630724531506118        112.72118457494983     
   6.1377813781864914       -14.800853831337104     
        0   258812   0.413E-05   0.603E+02   0.277E-01   0.105E+04
  OPTIMIZATION STUFF
      258812  -8.6447971523272482        112.41514921985625     
   6.1386180378787980       -14.783415190206046     
        0   259411   0.211E-02   0.666E+02  -0.390E-01   0.115E+04
  OPTIMIZATION STUFF
      259411  -8.6639838122296879        113.10176503919469     
   6.1674264925183024       -14.831410304747990     
        0   258971  -0.962E-02   0.539E+02  -0.165E+00   0.900E+03
  OPTIMIZATION STUFF
      258971  -8.6810426326145063        113.26599873679110     
   6.1567440703281235       -14.837786702942630     
        0   259362  -0.929E-02   0.617E+02  -0.148E+00   0.104E+04
  OPTIMIZATION STUFF
      259362  -8.5262882278216416        109.16065274992367     
   6.0384651862897876       -14.564753414111429     
        0   258472   0.136E-02   0.658E+02   0.956E-01   0.108E+04
  OPTIMIZATION STUFF
      258472  -8.5602789142902846        110.31035155933064     
   6.0853904121993514       -14.645669326489635     
        0   259447   0.121E-01   0.627E+02   0.135E+00   0.106E+04
  OPTIMIZATION STUFF
      259447  -8.7163089347904030        114.34245199016875     
   6.1942239662012346       -14.910532900991637     
        0   259073   0.437E-02   0.578E+02   0.143E+00   0.935E+03
  OPTIMIZATION STUFF
      259073  -8.5764452122668633        110.43836810086532     
   6.0731339209546595       -14.649579133221522     
        0   259611  -0.122E-01   0.583E+02  -0.268E+00   0.950E+03
  OPTIMIZATION STUFF
      259611  -8.6658694412751949        112.82079845327719     
   6.1419463755433368       -14.807815816818533     
        0   259103   0.157E-01   0.585E+02   0.242E+00   0.935E+03
  OPTIMIZATION STUFF
      259103  -8.6253166923048674        111.77403465740673     
   6.1137506176531078       -14.739067309957974     
        0   259578  -0.546E-02   0.590E+02  -0.908E-01   0.908E+03
  OPTIMIZATION STUFF
      259578  -8.5720747519612868        110.40056238952012     
   6.0761909808948538       -14.648265732856141     
        0   259142   0.212E-02   0.613E+02   0.184E-01   0.941E+03
  OPTIMIZATION STUFF
      259142  -8.6713640852178724        112.96641000165347     
   6.1460438416307355       -14.817407926848608     
        0   259116  -0.958E-02   0.586E+02  -0.156E+00   0.900E+03
  OPTIMIZATION STUFF
      259116  -8.6407723751328493        112.02393316437063     
   6.1123633666129225       -14.753135741745773     
        0   260051   0.793E-02   0.629E+02   0.149E+00   0.100E+04
  OPTIMIZATION STUFF
      260051  -8.6338580038828816        112.28850024866613     
   6.1436956481790039       -14.777553652061886     
        0   259427  -0.187E-02   0.660E+02  -0.327E-01   0.104E+04
  OPTIMIZATION STUFF
      259427  -8.6736153682998935        113.28709810412202     
   6.1689135629309897       -14.842528931230884     
