tried moves    experiment_1   _      experiment_2    _       Bragg          _                                                                                                                                                                                                                                                                                                                                                                                                                                                   
        0   102732   0.122E+02   0.105E+05   0.311E+01   0.194E+04   0.734E+02   0.287E+05
  OPTIMIZATION STUFF
      102732   3.25946430564820        128.799703043094     
   10.8708599238192       -7.61139561817105     
        0   110235   0.105E+02   0.136E+05  -0.242E+01   0.874E+03   0.151E+03   0.132E+06
  OPTIMIZATION STUFF
      110235   3.22334096227978        2714.94274830691     
   52.0053153182229       -48.7819743559432     
        0   109676   0.456E+02   0.364E+05   0.249E+02   0.352E+05   0.104E+04   0.424E+06
  OPTIMIZATION STUFF
      109676  -326.404382993739        1457330053.12124     
   38173.5970704884       -38500.0014534821     
        0   109130  -0.209E+02   0.773E+05   0.877E+01   0.454E+05   0.319E+03   0.170E+07
  OPTIMIZATION STUFF
      109130  -1032.17508111036        6877018141.65191     
   82921.3648962307       -83953.5399773411     
        0   106873  -0.308E+02   0.441E+05   0.541E+02   0.792E+05   0.327E+04   0.355E+07
  OPTIMIZATION STUFF
      106873  -3272.50247326883        82358760804.3979     
   286963.502090354       -290236.004563622     
        0   106003  -0.622E+01   0.187E+05   0.416E+02   0.953E+05   0.422E+04   0.601E+07
  OPTIMIZATION STUFF
      106003  -2831.82618308394        67806219754.6506     
   260380.875862878       -263212.702045962     
        0   107971   0.245E+02   0.233E+05   0.353E+03   0.270E+06   0.245E+05   0.160E+08
  OPTIMIZATION STUFF
      107971  -298.514468596340        1953925851.36164     
   44202.2255149408       -44500.7399835371     
        0   107147   0.850E+02   0.592E+05   0.354E+03   0.592E+06   0.698E+05   0.443E+08
  OPTIMIZATION STUFF
      107147  -74.3375626289006        97636.0772222766     
   303.496299820395       -377.833862449295     
        0   106414   0.827E+02   0.157E+06   0.176E+03   0.104E+07   0.360E+05   0.125E+09
  OPTIMIZATION STUFF
      106414  -129.554588766097        183537.017121079     
   408.353554717877       -537.908143483974     
        0   106165   0.299E+03   0.365E+06   0.607E+03   0.148E+07   0.875E+05   0.211E+09
  OPTIMIZATION STUFF
      106165  -178.919904672676        333048.212503729     
   548.667367551278       -727.587272223954     
        0   105655  -0.391E+03   0.437E+06  -0.135E+04   0.138E+07  -0.204E+06   0.165E+09
  OPTIMIZATION STUFF
      105655  -291.911342610808        755254.588710586     
   818.561150291010       -1110.47249290182     
        0   107047   0.471E+03   0.781E+06   0.927E+03   0.184E+07   0.102E+06   0.183E+09
  OPTIMIZATION STUFF
      107047  -254201.650534288       6.889691954630083E+015
   83003779.0474081       -83257980.6979424     
        0   107380   0.319E+03   0.928E+06   0.520E+03   0.193E+07   0.123E+06   0.318E+09
  OPTIMIZATION STUFF
      107380  -1407.14133656446        24326857942.4971     
   155964.348156096       -157371.489492661     
        0   106966  -0.421E+03   0.110E+07  -0.904E+03   0.193E+07  -0.439E+05   0.482E+09
  OPTIMIZATION STUFF
      106966  -1475.34035218611        7173238246.88342     
   84682.1210039559       -86157.4613561420     
        0   107407  -0.124E+03   0.810E+06  -0.280E+03   0.132E+07   0.683E+05   0.634E+09
  OPTIMIZATION STUFF
      107407  -1298.73914080555        8841004608.31535     
   94017.6466678436       -95316.3858086492     
        0   107674  -0.192E+03   0.677E+06  -0.287E+03   0.108E+07  -0.119E+06   0.668E+09
  OPTIMIZATION STUFF
      107674  -203.317154745469        103795004.090111     
   10185.9543600341       -10389.2715147796     
        0   109153  -0.172E+01   0.333E+06  -0.454E+02   0.462E+06   0.388E+05   0.391E+09
  OPTIMIZATION STUFF
      109153  -13374.7062413406        19135125913199.6     
   4374351.04106112       -4387725.74730246     
        0   107082  -0.128E+02   0.292E+06  -0.147E+02   0.400E+06  -0.950E+03   0.367E+09
  OPTIMIZATION STUFF
      107082  -1252.71145585409        136094714184.079     
   368908.043959586       -370160.755415440     
        0   107693  -0.597E+02   0.157E+06  -0.843E+02   0.203E+06  -0.721E+05   0.264E+09
  OPTIMIZATION STUFF
      107693  -53.6832114842967        367905.748013149     
   604.172045710393       -657.855257194689     
        0   108790  -0.532E+01   0.742E+05  -0.656E+01   0.969E+05   0.107E+04   0.118E+09
  OPTIMIZATION STUFF
      108790  -42.3698719229813        346393.793931462     
   587.025202086497       -629.395074009478     
        0   108449  -0.145E+02   0.372E+09  -0.204E+02   0.473E+09   0.356E+05   0.598E+12
  OPTIMIZATION STUFF
      108449  -6729.74460458808        6022824393.10123     
   77314.5195332561       -84044.2641378442     
        0   109405  -0.339E+02   0.422E+05  -0.465E+02   0.562E+05  -0.874E+05   0.860E+08
  OPTIMIZATION STUFF
      109405  -29.2526957722691        2608.94948331784     
   41.8715807364960       -71.1242765087651     
        0   108810   0.129E+02   0.547E+05   0.185E+02   0.675E+05   0.250E+05   0.128E+09
  OPTIMIZATION STUFF
      108810  -28.8950903714406        2621.25922229795     
   42.2650325295536       -71.1601229009943     
        0   109165  -0.990E+00   0.259E+05  -0.125E+01   0.344E+05   0.187E+05   0.797E+08
  OPTIMIZATION STUFF
      109165  -24.7294746389393        1789.73998941952     
   34.3248171663241       -59.0542918052634     
        0   109656  -0.207E+02   0.314E+05  -0.264E+02   0.404E+05  -0.627E+05   0.104E+09
  OPTIMIZATION STUFF
      109656  -24.5500239659277        1745.10362786250     
   33.7994075559747       -58.3494315219023     
        0   108295   0.650E+01   0.231E+05   0.117E+02   0.305E+05   0.447E+05   0.796E+08
  OPTIMIZATION STUFF
      108295  -21.1212398036253        1284.87934823577     
   28.9615706996966       -50.0828105033218     
        0   108724   0.467E+01   0.211E+05   0.332E+01   0.272E+05   0.114E+05   0.564E+08
  OPTIMIZATION STUFF
      108724  -21.3287393798199        1291.98162579972     
   28.9321015874658       -50.2608409672857     
        0   108035  -0.126E+02   0.191E+05  -0.136E+02   0.255E+05  -0.417E+05   0.528E+08
  OPTIMIZATION STUFF
      108035  -20.3566180440343        1146.71322233649     
   27.0614361064928       -47.4180541505271     
        0   108790   0.636E+00   0.175E+05  -0.551E-02   0.247E+05   0.561E+04   0.586E+08
  OPTIMIZATION STUFF
      108790  -18.5530400663510        927.435150446576     
   24.1499452327112       -42.7029852990622     
        0   108616  -0.166E-02   0.148E+05  -0.320E+00   0.199E+05   0.137E+04   0.549E+08
  OPTIMIZATION STUFF
      108616  -18.3789176521873        896.336625407979     
   23.6337049855095       -42.0126226376968     
        0   107004  -0.358E+01   0.133E+05  -0.326E+01   0.196E+05   0.150E+05   0.454E+08
  OPTIMIZATION STUFF
      107004  -17.3948490998346        781.664124818107     
   21.8879727159025       -39.2828218157371     
        0   109201   0.213E+00   0.101E+05  -0.660E+00   0.148E+05  -0.885E+04   0.438E+08
  OPTIMIZATION STUFF
      109201  -17.4447795301740        785.059203972891     
   21.9257581651471       -39.3705376953211     
        0   108537  -0.109E+01   0.966E+04   0.645E+00   0.132E+05  -0.105E+05   0.396E+08
  OPTIMIZATION STUFF
      108537  -17.3057306533354        779.150512058144     
   21.9011917167160       -39.2069223700515     
        0   109167   0.324E+01   0.101E+05   0.510E+01   0.152E+05   0.929E+04   0.423E+08
  OPTIMIZATION STUFF
      109167  -16.7354333457879        714.601405270193     
   20.8453034518302       -37.5807367976181     
        0   108583  -0.831E+01   0.907E+04  -0.136E+02   0.126E+05  -0.973E+04   0.412E+08
  OPTIMIZATION STUFF
      108583  -16.6012918620356        713.943109920258     
   20.9365760914188       -37.5378679534544     
        0   108349   0.256E+01   0.854E+04   0.323E+01   0.131E+05  -0.309E+03   0.443E+08
  OPTIMIZATION STUFF
      108349  -16.6284444797507        705.490936744826     
   20.7119716813411       -37.3404161610918     
        0   109042  -0.269E+01   0.784E+04  -0.150E-01   0.112E+05   0.182E+04   0.411E+08
  OPTIMIZATION STUFF
      109042  -16.3976495029299        684.574872345152     
   20.3885252807606       -36.7861747836905     
        0   109742   0.666E+01   0.832E+04   0.602E+01   0.124E+05   0.169E+05   0.447E+08
  OPTIMIZATION STUFF
      109742  -16.3712063068051        686.081888232569     
   20.4466499038985       -36.8178562107036     
        0   109939  -0.104E+01   0.973E+04   0.281E+01   0.155E+05   0.895E+03   0.454E+08
  OPTIMIZATION STUFF
      109939  -16.6122198123116        701.097155813116     
   20.6187125863997       -37.2309323987113     
        0   109873  -0.489E+00   0.835E+04   0.184E+00   0.131E+05   0.112E+04   0.473E+08
  OPTIMIZATION STUFF
      109873  -15.8553356167774        636.977947972952     
   19.6363509963614       -35.4916866131388     
        0   107924  -0.484E+01   0.714E+04  -0.106E+02   0.104E+05  -0.203E+05   0.343E+08
  OPTIMIZATION STUFF
      107924  -16.1583215333766        658.426616045821     
   19.9332702101246       -36.0915917435012     
        0   107939   0.139E+01   0.734E+04   0.336E+01   0.124E+05  -0.133E+05   0.392E+08
  OPTIMIZATION STUFF
      107939  -15.7997123311876        631.423261196350     
   19.5395074515216       -35.3392197827092     
        0   108064  -0.212E+01   0.670E+04  -0.221E+01   0.105E+05   0.135E+05   0.327E+08
  OPTIMIZATION STUFF
      108064  -15.2962149406663        600.038275924591     
   19.1328012693784       -34.4290162100447     
        0   109879  -0.110E+01   0.825E+04  -0.258E+01   0.119E+05  -0.328E+04   0.530E+08
  OPTIMIZATION STUFF
      109879  -15.4671209560620        607.594514225555     
   19.1927768589150       -34.6598978149770     
        0   108693  -0.273E+01   0.719E+04  -0.386E+01   0.118E+05  -0.142E+05   0.433E+08
  OPTIMIZATION STUFF
      108693  -15.5291029313076        611.954035396457     
   19.2561937450087       -34.7852966763163     
        0   108501   0.670E+01   0.923E+04   0.987E+01   0.154E+05   0.827E+04   0.763E+08
  OPTIMIZATION STUFF
      108501  -15.3018115536298        603.605398374077     
   19.2213413046874       -34.5231528583171     
        0   108585  -0.352E+00   0.554E+04  -0.503E+00   0.893E+04   0.175E+05   0.365E+08
  OPTIMIZATION STUFF
      108585  -15.4213209762225        600.317968601511     
   19.0394545076751       -34.4607754838976     
        0   108414  -0.238E+01   0.661E+04  -0.202E+01   0.117E+05  -0.145E+04   0.403E+08
  OPTIMIZATION STUFF
      108414  -15.2009688740748        586.961407809733     
   18.8650988096840       -34.0660676837589     
        0   108657   0.233E+00   0.618E+04   0.499E+00   0.108E+05   0.114E+05   0.371E+08
  OPTIMIZATION STUFF
      108657  -15.4681298119928        614.330201368582     
   19.3666507555623       -34.8347805675551     
        0   109285   0.363E+01   0.584E+04   0.426E+01   0.998E+04  -0.392E+04   0.409E+08
  OPTIMIZATION STUFF
      109285  -15.5054282198334        614.690289851741     
   19.3461103473368       -34.8515385671703     
        0   109449  -0.588E+01   0.557E+04  -0.881E+01   0.104E+05  -0.230E+05   0.348E+08
  OPTIMIZATION STUFF
      109449  -14.8775410566885        564.590347961883     
   18.5269835663669       -33.4045246230555     
        0   107278  -0.542E+00   0.714E+04  -0.740E+00   0.131E+05  -0.139E+05   0.567E+08
  OPTIMIZATION STUFF
      107278  -15.5033736666823        618.885530679677     
   19.4558714950243       -34.9592451617066     
        0   108917  -0.177E+01   0.637E+04  -0.391E+01   0.107E+05   0.160E+05   0.423E+08
  OPTIMIZATION STUFF
      108917  -14.5427590047516        542.039703744892     
   18.1809753389253       -32.7237343436769     
        0   108530   0.339E+01   0.629E+04   0.737E+01   0.105E+05  -0.252E+04   0.325E+08
  OPTIMIZATION STUFF
      108530  -14.8430267792183        566.127167156494     
   18.5960136370111       -33.4390404162294     
        0   108812  -0.123E+01   0.695E+04  -0.459E+00   0.120E+05   0.184E+04   0.443E+08
  OPTIMIZATION STUFF
      108812  -15.0916826706496        581.952465228793     
   18.8200313335873       -33.9117140042369     
        0   110433  -0.291E+01   0.620E+04  -0.522E+01   0.107E+05  -0.625E+04   0.372E+08
  OPTIMIZATION STUFF
      110433  -14.6666478283249        551.622841838109     
   18.3442711307373       -33.0109189590622     
        0   110035   0.406E+01   0.526E+04   0.809E+01   0.903E+04   0.266E+05   0.357E+08
  OPTIMIZATION STUFF
      110035  -14.9952582112497        575.084507684019     
   18.7143458037402       -33.7096040149899     
        0   108030  -0.153E+01   0.489E+04  -0.525E+01   0.816E+04  -0.232E+05   0.378E+08
  OPTIMIZATION STUFF
      108030  -14.9486573083204        582.139657906830     
   18.9387777479231       -33.8874350562436     
        0   109472  -0.134E+01   0.524E+04  -0.409E+00   0.969E+04  -0.559E+04   0.363E+08
  OPTIMIZATION STUFF
      109472  -14.5659908749156        546.451340230794     
   18.2834146171515       -32.8494054920671     
        0   109087  -0.191E+00   0.567E+04   0.228E+00   0.107E+05   0.409E+04   0.426E+08
  OPTIMIZATION STUFF
      109087  -14.9458327117316        573.964733107588     
   18.7239637272807       -33.6697964390123     
        0   108715   0.184E+01   0.546E+04   0.405E+01   0.105E+05   0.112E+05   0.417E+08
  OPTIMIZATION STUFF
      108715  -14.6357394402715        550.617669084497     
   18.3415593699385       -32.9772988102100     
        0   108726   0.181E+00   0.504E+04  -0.168E+01   0.973E+04  -0.165E+05   0.332E+08
  OPTIMIZATION STUFF
      108726  -14.0116912387976        507.822822445232     
   17.6492303252531       -31.6609215640507     
        0   107716  -0.437E+01   0.510E+04  -0.739E+01   0.876E+04  -0.645E+04   0.283E+08
  OPTIMIZATION STUFF
      107716  -14.3201424824042        534.603627225820     
   18.1531580313031       -32.4733005137072     
        0   108023   0.283E+01   0.484E+04   0.427E+01   0.955E+04   0.245E+05   0.326E+08
  OPTIMIZATION STUFF
      108023  -14.8266796984823        568.339102965790     
   18.6683869706090       -33.4950666690913     
        0   107725  -0.142E+01   0.177E+05  -0.117E+01   0.633E+05  -0.763E+04   0.175E+09
  OPTIMIZATION STUFF
      107725  -16.5804046452801        1242.79317496186     
   31.1108237878818       -47.6912284331619     
        0   109551  -0.120E+01   0.479E+04  -0.218E+01   0.891E+04  -0.534E+04   0.374E+08
  OPTIMIZATION STUFF
      109551  -14.9900133018387        648.219002786682     
   20.5795652042841       -35.5695785061228     
        0   108060   0.954E+00   0.672E+04   0.223E+01   0.136E+05   0.173E+05   0.418E+08
  OPTIMIZATION STUFF
      108060  -14.5619371520772        556.058319298937     
   18.5474608957100       -33.1093980477872     
        0   110429  -0.780E+00   0.411E+04  -0.185E+00   0.855E+04   0.901E+04   0.298E+08
  OPTIMIZATION STUFF
      110429  -14.6142598949516        560.955666850262     
   18.6381081275185       -33.2523680224701     
        0   109066  -0.265E+00   0.476E+04  -0.176E+01   0.952E+04  -0.263E+04   0.319E+08
  OPTIMIZATION STUFF
      109066  -14.5628213963673        561.001885455147     
   18.6795641927925       -33.2423855891598     
        0   109302  -0.678E+00   0.560E+04  -0.781E-01   0.119E+05  -0.406E+05   0.342E+08
  OPTIMIZATION STUFF
      109302  -14.7297317630873        842.469399288941     
   25.0100859949829       -39.7398177580702     
        0   107935   0.289E+01   0.514E+04   0.269E+01   0.107E+05   0.299E+05   0.430E+08
  OPTIMIZATION STUFF
      107935  -14.4754351944911        552.366198261310     
   18.5156143347014       -32.9910495291925     
        0   109411  -0.510E+00   0.476E+04  -0.389E+00   0.926E+04  -0.133E+05   0.394E+08
  OPTIMIZATION STUFF
      109411  -14.7376630300579        1058.08640877518     
   28.9980636799708       -43.7357267100287     
        0   107096  -0.274E+01   0.474E+04  -0.355E+01   0.101E+05   0.143E+05   0.414E+08
  OPTIMIZATION STUFF
      107096  -14.0833153023345        513.871094925860     
   17.7632014293846       -31.8465167317191     
        0   108598   0.906E+00   0.346E+04   0.104E+01   0.770E+04  -0.252E+05   0.237E+08
  OPTIMIZATION STUFF
      108598  -13.9455914090260        503.189625881116     
   17.5701481534339       -31.5157395624599     
        0   109837   0.664E+00   0.400E+04   0.352E+01   0.845E+04   0.143E+05   0.300E+08
  OPTIMIZATION STUFF
      109837  -14.1265459798306        526.089817851800     
   18.0701554097227       -32.1967013895533     
        0   109530  -0.209E+01   0.355E+04  -0.479E+01   0.739E+04  -0.111E+05   0.300E+08
  OPTIMIZATION STUFF
      109530  -14.4675653424172        1460.76043788725     
   35.3758390847502       -49.8434044271674     
        0   107827   0.133E+01   0.364E+04   0.277E+01   0.873E+04   0.741E+04   0.349E+08
  OPTIMIZATION STUFF
      107827  -14.4918027784565        638.956886319366     
   20.7109762819063       -35.2027790603628     
        0   108845   0.439E+00   0.376E+04   0.116E+00   0.793E+04   0.636E+04   0.324E+08
  OPTIMIZATION STUFF
      108845  -13.8653038667851        531.607587346018     
   18.4217517089915       -32.2870555757766     
        0   108077  -0.329E+01   0.382E+04  -0.503E+01   0.800E+04  -0.125E+05   0.325E+08
  OPTIMIZATION STUFF
      108077  -14.2082871290720        524.861062837604     
   17.9718012368112       -32.1800883658833     
        0   109293   0.370E+01   0.347E+04   0.778E+01   0.744E+04   0.128E+05   0.377E+08
  OPTIMIZATION STUFF
      109293  -14.2100781840452        704.549929705911     
   22.4192686702585       -36.6293468543037     
        0   107526  -0.101E+01   0.286E+04  -0.385E+01   0.634E+04  -0.119E+05   0.325E+08
  OPTIMIZATION STUFF
      107526  -14.7787345415919        7173.33188054530     
   83.3961682926408       -98.1749028342327     
        0   108134  -0.155E+01   0.338E+04  -0.245E+01   0.673E+04  -0.441E+04   0.354E+08
  OPTIMIZATION STUFF
      108134  -15.5831296939277        13180.6610861327     
   113.744569782803       -129.327699476731     
        0   107328   0.986E+00   0.432E+04   0.466E+01   0.110E+05   0.108E+05   0.473E+08
  OPTIMIZATION STUFF
      107328  -14.6366887921403        601.390354586354     
   19.6763232283978       -34.3130120205382     
        0   108343  -0.869E+00   0.336E+04  -0.318E+01   0.773E+04  -0.226E+04   0.306E+08
  OPTIMIZATION STUFF
      108343  -14.1708775547727        1384.82986916886     
   34.4095349939010       -48.5804125486737     
        0   108115   0.491E+00   0.505E+04   0.145E+01   0.116E+05   0.212E+05   0.502E+08
  OPTIMIZATION STUFF
      108115  -14.5183726911935        913.403784397122     
   26.5069922623584       -41.0253649535519     
        0   107168   0.595E+00   0.401E+04   0.643E+00   0.840E+04  -0.190E+05   0.370E+08
  OPTIMIZATION STUFF
      107168  -14.4572239551344        1072.09265561116     
   29.3782458823234       -43.8354698374578     
        0   107639  -0.185E+01   0.259E+04  -0.443E+01   0.545E+04  -0.110E+04   0.278E+08
  OPTIMIZATION STUFF
      107639  -14.3491102594256        4085.71191629593     
   62.2881606010226       -76.6372708604481     
        0   105426  -0.359E+00   0.360E+04   0.282E+00   0.810E+04  -0.480E+04   0.345E+08
  OPTIMIZATION STUFF
      105426  -14.7542076027129        1966.30291258045     
   41.8164593264004       -56.5706669291133     
        0   106289   0.213E+01   0.974E+08   0.453E+01   0.207E+09   0.199E+05   0.355E+12
  OPTIMIZATION STUFF
      106289  -6438.95468496764        6033918162.26825     
   77410.9683755034       -83849.9230604710     
        0   109099   0.156E+00   0.304E+04  -0.936E+00   0.671E+04  -0.215E+04   0.343E+08
  OPTIMIZATION STUFF
      109099  -14.5293469619665        852.463430025491     
   25.3251161277552       -39.8544630897217     
        0   109020  -0.394E+00   0.339E+04  -0.456E+00   0.771E+04   0.105E+05   0.320E+08
  OPTIMIZATION STUFF
      109020  -14.6717764752845        1190.32041665175     
   31.2259410060135       -45.8977174812981     
        0   109243  -0.204E+01   0.282E+04  -0.309E+01   0.663E+04  -0.246E+05   0.379E+08
  OPTIMIZATION STUFF
      109243  -14.7931952055492        3528.46942754869     
   57.5293907768821       -72.3225859824312     
        0   108670   0.693E-01   0.378E+04  -0.196E+00   0.880E+04   0.331E+02   0.333E+08
  OPTIMIZATION STUFF
      108670  -14.8393382176206        1059.66711658815     
   28.9734560908984       -43.8127943085190     
        0   109696  -0.145E+01   0.337E+04  -0.305E+01   0.825E+04  -0.152E+04   0.324E+08
  OPTIMIZATION STUFF
      109696  -14.2228082737030        610.372023462007     
   20.2010828489834       -34.4238911226864     
        0   106758   0.209E+01   0.265E+04   0.462E+01   0.735E+04  -0.229E+05   0.397E+08
  OPTIMIZATION STUFF
      106758  -14.2932006617224        899.483790061305     
   26.3664219207886       -40.6596225825110     
        0   109599  -0.107E+01   0.325E+04  -0.234E+01   0.721E+04   0.360E+05   0.285E+08
  OPTIMIZATION STUFF
      109599  -14.2634587221201        1057.38650795795     
   29.2222561285114       -43.4857148506315     
        0   108435   0.348E+00   0.270E+04  -0.706E+00   0.615E+04  -0.170E+05   0.281E+08
  OPTIMIZATION STUFF
      108435  -14.9647279807121        21776.8770516755     
   146.809175354059       -161.773903334771     
        0   108622   0.150E+01   0.291E+04   0.594E+01   0.676E+04   0.257E+05   0.297E+08
  OPTIMIZATION STUFF
      108622  -14.2196389253549        888.668979298430     
   26.2005886981755       -40.4202276235304     
        0   109283  -0.214E+01   0.345E+04  -0.522E+01   0.839E+04  -0.241E+05   0.397E+08
  OPTIMIZATION STUFF
      109283  -14.7694299236060        876.745152983416     
   25.6633803836343       -40.4328103072404     
        0   109568   0.193E+00   0.323E+04  -0.703E+00   0.786E+04   0.118E+04   0.371E+08
  OPTIMIZATION STUFF
      109568  -15.3705427506648        44786.9554977853     
   211.070371945793       -226.440914696458     
        0   108865  -0.134E+00   0.232E+04   0.208E+00   0.573E+04  -0.851E+04   0.371E+08
  OPTIMIZATION STUFF
      108865  -14.8528793214284        1116.41993608220     
   29.9301171388500       -44.7829964602784     
        0   108826  -0.854E-01   0.233E+04   0.101E+01   0.546E+04   0.184E+05   0.277E+08
  OPTIMIZATION STUFF
      108826  -14.7559273975067        957.865602037388     
   27.2052974377583       -41.9612248352650     
        0   108301  -0.554E-01   0.301E+04  -0.772E+00   0.762E+04  -0.746E+04   0.335E+08
  OPTIMIZATION STUFF
      108301  -14.8372256584416        1229.18584758714     
   31.7654306180103       -46.6026562764519     
        0   107953   0.652E+00   0.323E+04   0.115E+01   0.866E+04  -0.284E+04   0.331E+08
  OPTIMIZATION STUFF
      107953  -15.4796030844295        38865.6986484622     
   196.535189054812       -212.014792139242     
        0   109204  -0.415E+00   0.272E+04   0.622E+00   0.665E+04   0.174E+05   0.388E+08
  OPTIMIZATION STUFF
      109204  -14.9080856157678        1037.98508488991     
   28.5610585966775       -43.4691442124454     
        0   109540  -0.179E-02   0.297E+04  -0.982E-01   0.765E+04  -0.124E+05   0.389E+08
  OPTIMIZATION STUFF
      109540  -15.3511032197336        937.398250042779     
   26.4904110949578       -41.8415143146914     
        0   109758   0.112E+01   0.276E+04   0.287E+01   0.752E+04   0.148E+05   0.358E+08
  OPTIMIZATION STUFF
      109758  -14.8826833542527        989.736746577569     
   27.7171874971942       -42.5998708514469     
        0   108631  -0.227E+01   0.264E+04  -0.435E+01   0.799E+04  -0.248E+05   0.210E+08
  OPTIMIZATION STUFF
      108631  -15.3752217480259        3537.69280842535     
   57.4569000610404       -72.8321218090663     
        0   107749  -0.202E+00   0.244E+04  -0.182E+01   0.678E+04   0.115E+05   0.260E+08
  OPTIMIZATION STUFF
      107749  -14.7990324352644        1006.15975941803     
   28.0561650693394       -42.8551975046038     
        0   108845   0.419E-01   0.219E+04   0.591E+00   0.661E+04  -0.119E+05   0.311E+08
  OPTIMIZATION STUFF
      108845  -15.1356730891123        1024.99960801805     
   28.2118947991369       -43.3475678882492     
        0   109242   0.175E+00   0.258E+04   0.165E+01   0.804E+04   0.844E+04   0.390E+08
  OPTIMIZATION STUFF
      109242  -14.6713086785907        733.530294529621     
   22.7658295738840       -37.4371382524747     
        0   106765   0.762E+00   0.241E+04   0.759E+00   0.654E+04  -0.113E+05   0.326E+08
  OPTIMIZATION STUFF
      106765  -14.9095681242730        1095.35524281027     
   29.5475890921397       -44.4571572164128     
        0   108719   0.146E+00   0.233E+04   0.168E-01   0.685E+04  -0.551E+04   0.400E+08
  OPTIMIZATION STUFF
      108719  -15.1880462025815        965.375581753659     
   27.1053285223018       -42.2933747248833     
        0   108963  -0.642E+00   0.262E+04  -0.228E+01   0.769E+04   0.218E+05   0.279E+08
  OPTIMIZATION STUFF
      108963  -14.6289365399916        983.945352571267     
   27.7477849256507       -42.3767214656422     
        0   107735   0.412E+00   0.214E+04   0.337E+01   0.631E+04  -0.166E+05   0.338E+08
  OPTIMIZATION STUFF
      107735  -15.0130577942577        831.157189681444     
   24.6122994729814       -39.6253572672392     
        0   107804  -0.159E+01   0.265E+04  -0.598E+01   0.708E+04  -0.124E+05   0.295E+08
  OPTIMIZATION STUFF
      107804  -14.8487238976797        747.451833255320     
   22.9557668542307       -37.8044907519104     
        0   107137   0.130E+01   0.247E+04   0.472E+01   0.678E+04   0.975E+04   0.280E+08
  OPTIMIZATION STUFF
      107137  -14.6837847509118        754.238590291045     
   23.2082971301200       -37.8920818810318     
        0   109195  -0.581E+00   0.232E+04  -0.145E+01   0.653E+04   0.337E+05   0.286E+08
  OPTIMIZATION STUFF
      109195  -14.8509803466611        682.017144438151     
   21.4817486993316       -36.3327290459928     
        0   108427  -0.971E+00   0.185E+04  -0.236E+01   0.583E+04  -0.351E+05   0.247E+08
  OPTIMIZATION STUFF
      108427  -14.6089575823884        700.841633023035     
   22.0775902529921       -36.6865478353805     
        0   112575   0.302E+01   0.210E+04   0.770E+01   0.645E+04   0.211E+05   0.302E+08
  OPTIMIZATION STUFF
      112575  -14.7006385861088        660.278226222534     
   21.0753280255170       -35.7759666116258     
        0   113749  -0.233E+01   0.285E+04  -0.573E+01   0.855E+04  -0.162E+05   0.346E+08
  OPTIMIZATION STUFF
      113749  -15.0513625904015        731.424843927852     
   22.4695644839884       -37.5209270743899     
        0   111113  -0.758E+00   0.253E+04  -0.226E+01   0.777E+04   0.108E+04   0.309E+08
  OPTIMIZATION STUFF
      111113  -15.1846996374668        743.040608895456     
   22.6377009834341       -37.8224006209009     
        0   109225   0.641E+00   0.177E+04   0.152E+01   0.530E+04   0.476E+04   0.270E+08
  OPTIMIZATION STUFF
      109225  -14.9185485489945        687.569518187312     
   21.5640076836057       -36.4825562326002     
        0   108995   0.352E+00   0.193E+04  -0.196E+00   0.575E+04  -0.105E+03   0.268E+08
  OPTIMIZATION STUFF
      108995  -14.4529649153731        687.842625578548     
   21.8850275470136       -36.3379924623866     
        0   109194  -0.763E+00   0.176E+04   0.749E+00   0.515E+04   0.286E+03   0.326E+08
  OPTIMIZATION STUFF
      109194  -14.8207315944544        681.195627538310     
   21.4835179275521       -36.3042495220065     
        0   106591   0.217E+00   0.180E+04   0.639E+00   0.535E+04  -0.310E+04   0.260E+08
  OPTIMIZATION STUFF
      106591  -14.6980756867814        642.549549249719     
   20.6522667122852       -35.3503423990666     
        0   109188   0.852E+00   0.189E+04   0.308E+01   0.625E+04   0.163E+05   0.335E+08
  OPTIMIZATION STUFF
      109188  -14.5315562550440        656.266250097623     
   21.0973961166802       -35.6289523717243     
        0   108025  -0.125E+01   0.186E+04  -0.679E+01   0.578E+04  -0.226E+05   0.235E+08
  OPTIMIZATION STUFF
      108025  -14.6819099705436        663.497411128800     
   21.1645678138169       -35.8464777843604     
        0   110357  -0.182E+00   0.211E+04   0.863E+00   0.690E+04  -0.205E+04   0.295E+08
  OPTIMIZATION STUFF
      110357  -14.6861154816943        709.884901153454     
   22.2306750507445       -36.9167905324388     
        0   109047   0.182E+00   0.181E+04  -0.263E+00   0.615E+04  -0.327E+03   0.276E+08
  OPTIMIZATION STUFF
      109047  -14.6944792050321        658.093526357091     
   21.0277389951932       -35.7222182002253     
        0   108689  -0.167E+00   0.185E+04   0.123E+01   0.621E+04   0.407E+04   0.333E+08
  OPTIMIZATION STUFF
      108689  -14.7107250713733        635.699182640495     
   20.4766635591584       -35.1873886305317     
        0   108669   0.343E+00   0.145E+04   0.109E+01   0.450E+04   0.733E+04   0.225E+08
  OPTIMIZATION STUFF
      108669  -14.6473193042915        636.842423065326     
   20.5499017093381       -35.1972210136296     
        0   107635   0.278E+00   0.167E+04   0.218E+01   0.559E+04  -0.755E+04   0.330E+08
  OPTIMIZATION STUFF
      107635  -14.6587816135261        660.609293946765     
   21.1123048375518       -35.7710864510779     
        0   109008  -0.286E+00   0.164E+04  -0.261E+01   0.528E+04   0.527E+04   0.324E+08
  OPTIMIZATION STUFF
      109008  -14.6050464572461        637.844030171391     
   20.6042871304268       -35.2093335876730     
        0   108543   0.336E+00   0.233E+04   0.107E+01   0.746E+04   0.392E+04   0.291E+08
  OPTIMIZATION STUFF
      108543  -14.8142049863226        640.444354697895     
   20.5178869604331       -35.3320919467557     
        0   108746  -0.357E+00   0.137E+04  -0.148E+01   0.479E+04  -0.138E+05   0.258E+08
  OPTIMIZATION STUFF
      108746  -14.3976600742431        609.933380372580     
   20.0659105140815       -34.4635705883246     
        0   109539   0.309E+00   0.186E+04   0.182E+01   0.638E+04   0.430E+04   0.254E+08
  OPTIMIZATION STUFF
      109539  -14.8373549766424        650.174788422192     
   20.7371089045531       -35.5744638811956     
        0   108148  -0.859E+00   0.741E+08  -0.314E+01   0.227E+09  -0.196E+04   0.746E+12
  OPTIMIZATION STUFF
      108148  -10334.5801707271        20727524815.4586     
   143599.168758574       -153933.748929301     
        0   107594   0.108E+01   0.167E+04   0.392E+01   0.625E+04  -0.356E+04   0.326E+08
  OPTIMIZATION STUFF
      107594  -14.6815772427381        619.917753744956     
   20.1089294446639       -34.7905066874020     
        0   108484  -0.699E+00   0.191E+04  -0.229E+01   0.688E+04   0.442E+04   0.308E+08
  OPTIMIZATION STUFF
      108484  -14.9686198218667        659.445036732323     
   20.8658922014071       -35.8345120232738     
        0   108926  -0.102E+00   0.151E+04  -0.143E+00   0.488E+04  -0.289E+04   0.263E+08
  OPTIMIZATION STUFF
      108926  -14.7014918376148        626.330579239440     
   20.2533137285726       -34.9548055661873     
        0   110076   0.120E+00   0.160E+04  -0.238E+00   0.490E+04   0.848E+04   0.325E+08
  OPTIMIZATION STUFF
      110076  -14.5754948158780        604.850359677719     
   19.8092228658782       -34.3847176817562     
        0   109132   0.548E-01   0.147E+04   0.137E+01   0.496E+04   0.790E+04   0.258E+08
  OPTIMIZATION STUFF
      109132  -14.5998987409771        611.378494101800     
   19.9554867356077       -34.5553854765848     
        0   108811  -0.581E+00   0.168E+04  -0.279E+01   0.527E+04  -0.162E+05   0.272E+08
  OPTIMIZATION STUFF
      108811  -14.4043286855942        590.965115858481     
   19.5826563820093       -33.9869850676035     
        0   109382   0.796E+00   0.187E+04   0.334E+01   0.647E+04   0.194E+05   0.307E+08
  OPTIMIZATION STUFF
      109382  -14.8401551789888        640.763070495175     
   20.5068979799166       -35.3470531589054     
        0   108618  -0.421E+00   0.151E+04  -0.124E+01   0.513E+04  -0.675E+04   0.325E+08
  OPTIMIZATION STUFF
      108618  -14.5079816848394        594.569377039845     
   19.5981592113190       -34.1061408961584     
        0   109225  -0.315E+00   0.155E+04  -0.162E+01   0.521E+04  -0.114E+05   0.217E+08
  OPTIMIZATION STUFF
      109225  -14.4588768039638        589.224838526769     
   19.4978388570264       -33.9567156609901     
        0   107669   0.536E+00   0.129E+04   0.195E+01   0.415E+04   0.445E+04   0.286E+08
  OPTIMIZATION STUFF
      107669  -14.8652885493102        634.441986829982     
   20.3338432957405       -35.1991318450507     
        0   108667  -0.640E+00   0.126E+04  -0.148E+01   0.481E+04  -0.798E+04   0.258E+08
  OPTIMIZATION STUFF
      108667  -14.6853834883161        617.702769002402     
   20.0509920154464       -34.7363755037625     
        0   109045   0.388E+00   0.171E+04   0.106E+01   0.572E+04   0.169E+05   0.269E+08
  OPTIMIZATION STUFF
      109045  -15.0477183513284        636.496083085858     
   20.2499939630844       -35.2977123144127     
        0   107728  -0.990E-01   0.108E+04  -0.147E+01   0.438E+04  -0.561E+04   0.294E+08
  OPTIMIZATION STUFF
      107728  -14.6884026736207        601.184800422363     
   19.6325145439889       -34.3209172176096     
        0   109111  -0.144E-01   0.122E+04   0.708E+00   0.500E+04  -0.567E+04   0.252E+08
  OPTIMIZATION STUFF
      109111  -14.5558382480744        588.683793542223     
   19.4116296698170       -33.9674679178913     
        0   107926  -0.476E+00   0.158E+04  -0.110E+01   0.581E+04   0.446E+04   0.239E+08
  OPTIMIZATION STUFF
      107926  -14.3485180882165        584.135989461416     
   19.4488050567005       -33.7973231449170     
        0   109200   0.705E+00   0.175E+04   0.178E+01   0.611E+04  -0.475E+04   0.236E+08
  OPTIMIZATION STUFF
      109200  -14.2686442443211        566.630411331456     
   19.0535089356386       -33.3221531799597     
        0   108059  -0.795E+00   0.103E+04  -0.196E+01   0.395E+04  -0.358E+04   0.220E+08
  OPTIMIZATION STUFF
      108059  -14.5491201768595        599.846571730673     
   19.7020220741419       -34.2511422510013     
        0   107370  -0.602E+00   0.126E+04  -0.239E+01   0.446E+04   0.885E+04   0.255E+08
  OPTIMIZATION STUFF
      107370  -14.3611662789172        571.501333918350     
   19.1117303514789       -33.4728966303961     
        0   108739   0.877E-01   0.132E+04   0.898E-01   0.439E+04  -0.426E+04   0.259E+08
  OPTIMIZATION STUFF
      108739  -14.1931735676148        557.066201260919     
   18.8578902674843       -33.0510638350991     
        0   108787   0.484E-01   0.117E+04   0.131E+01   0.498E+04  -0.867E+04   0.262E+08
  OPTIMIZATION STUFF
      108787  -14.4556172753358        580.875511349535     
   19.2849848467285       -33.7406021220643     
