   9494280.72338365     
   27007187.3228792     
   149143745.791690     
   182636577.375484     
   534819207.160969     
   986277658.490547     
   3669517923.92053     
   11197903014.6118     
   15052227414.7778     
   24434521483.7597     
   2661362841.11893     
   13718195878.3888     
   26983922919.0066     
   22147750438.1996     
   29444703001.1553     
   16614753965.6261     
   20850069847.4314     
   20745397947.7703     
   12962651296.4964     
   13077392682.4842     
   16937505163.3573     
   7365502925.03738     
   10092438812.7572     
   12138223033.7461     
   5255621047.58543     
   10093444053.9915     
   11334693743.1748     
   6824471184.73719     
   7434971376.71653     
   7583969339.08525     
   9193212744.71196     
   8226983134.10968     
   7088730152.39834     
   8103784537.33443     
   7044890207.22261     
   7012036354.89461     
   7209851591.02268     
   9069897079.42584     
   9168486628.72884     
   9292031192.70627     
   7095537552.40784     
   5655764224.72406     
   7117031590.22520     
   6756013431.52613     
   5212740759.02075     
   6111647877.91199     
   8016713037.73836     
   7859154953.07779     
   9101441902.27670     
   8673858382.03731     
   6150795715.53004     
   4655145960.31670     
   6400416996.42889     
   6127702022.82037     
   6327974157.91170     
   5637231797.24660     
   8566855054.28192     
   6065156940.14396     
   5453254067.18365     
   5899584272.44672     
   7116356260.03154     
   5325583779.17584     
   4629849837.64305     
   7279183407.98850     
   6457260630.42281     
   5872011102.50632     
   7742407051.14473     
   8736924029.25698     
   8450381330.95119     
   4008888208.39652     
   7237649080.26354     
   5784066777.56713     
   7313982287.46048     
   4574812952.40900     
   6142318509.49288     
   4925624689.85720     
   5724623454.54587     
   6416564541.54377     
   5062639463.35559     
   6466356989.47683     
   5188556839.24700     
   4711321303.46592     
   5872294103.44092     
   5627147143.66479     
   7923356056.89445     
   5886565651.40728     
   5767799133.18532     
   5262135570.98856     
   7376603656.04017     
   7142384408.70577     
   8281929999.51896     
   5595148227.41794     
   5598727365.44680     
   5431470465.43160     
   2986001111.13325     
   6928274527.76677     
   5080775997.59043     
   7867957699.92574     
   5228238672.61844     
   5357432295.00635     
   4430674787.89540     
   6432174766.93126     
   5624129530.92143     
   5318012283.10047     
   7217904586.58642     
   5854407198.44626     
   7483523542.20049     
   4788266221.13569     
   6024950506.15854     
   4729703486.54696     
   5651759419.58211     
   4440823691.02558     
   3841646041.75794     
   6221043792.20536     
   4428784975.15360     
   3095361396.02404     
   4140435275.25412     
   7822361434.74244     
   4019924817.78581     
   6393638560.74344     
   4549614191.64739     
   4669009029.51620     
   5188808946.28546     
   5177373861.97469     
   5208593844.29265     
   4877860826.78039     
   6657709643.42360     
   4220642853.54564     
   3994513036.31683     
   3958799800.90120     
   4401576742.74603     
   5198231039.70419     
   4385575296.43528     
   4960238543.22484     
   5386126953.72381     
   3882302639.10778     
   4353985640.54328     
   4141291226.62630     
   3758402508.72789     
   4237601177.07144     
   3922696061.24870     
   4855890968.70402     
   5718706587.36616     
   3952868451.49317     
   6069950257.98281     
   5336553720.01508     
   4092413836.68536     
   4571576718.37517     
   3704547749.85398     
   5545292125.03835     
   4940651439.62081     
   4321915406.54873     
   4802694924.39518     
   4284767581.68957     
   3897845615.13228     
   4847343333.56770     
   4384552155.33963     
   3441388697.42695     
