tried moves    experiment_1   _      experiment_2    _                                                                                                                                                                                                                                                                                                                                                                                                                                                                          
        0   251465   0.308E+02   0.127E+10   0.909E+02   0.133E+11
  OPTIMIZATION STUFF
      251465   244773.83314902955        17263657540342.756     
   4147739.5423228163       -3902965.7091737869     
        0   256099  -0.642E+01   0.433E+05   0.476E+02   0.192E+06
  OPTIMIZATION STUFF
      256099  -80.651784510048842        47179.793336589428     
   201.68064605195531       -282.33243056200416     
        0   257242  -0.179E+00   0.448E+05   0.451E+02   0.294E+06
  OPTIMIZATION STUFF
      257242  -196.12070521199666        136005.42401567852     
   312.31729539496791       -508.43800060696458     
        0   257161   0.466E+00   0.491E+05   0.483E+02   0.418E+06
  OPTIMIZATION STUFF
      257161  -290.31347105241485        245612.62172517492     
   401.65994354761540       -691.97341460003031     
        0   257494   0.462E+01   0.557E+05   0.605E+02   0.540E+06
  OPTIMIZATION STUFF
      257494  -377.91681634555363        392627.84305946238     
   499.80668561225099       -877.72350195780461     
        0   257578  -0.115E+02   0.615E+05  -0.820E+02   0.719E+06
  OPTIMIZATION STUFF
      257578  -402.70164034873818        447260.86257046787     
   533.94030699218001       -936.64194734091825     
        0   257753  -0.876E+01   0.410E+05  -0.837E+02   0.566E+06
  OPTIMIZATION STUFF
      257753  -313.15039422061034        270123.37990411982     
   414.80141092286095       -727.95180514347135     
        0   256970  -0.480E+01   0.276E+05  -0.665E+02   0.432E+06
  OPTIMIZATION STUFF
      256970  -171.78939076467137        88583.990765871873     
   243.04813512260267       -414.83752588727407     
        0   257006  -0.216E+01   0.143E+05  -0.302E+02   0.257E+06
  OPTIMIZATION STUFF
      257006  -106.90962068852099        34096.617788927135     
   150.55547413881601       -257.46509482733700     
        0   257338  -0.647E+00   0.361E+04  -0.124E+02   0.755E+05
  OPTIMIZATION STUFF
      257338  -59.667275066952712        8234.3885331819602     
   68.368156471171304       -128.03543153812402     
        0   256325  -0.182E+00   0.492E+04  -0.237E+01   0.144E+06
  OPTIMIZATION STUFF
      256325  -53.177978035707646        12157.070432875367     
   96.587644576877238       -149.76562261258488     
        0   256854   0.160E-01   0.804E+03   0.493E+00   0.211E+05
  OPTIMIZATION STUFF
      256854  -33.735304676500853        2241.5135491086635     
   33.218109029448428       -66.953413705949288     
        0   256938  -0.277E+00   0.648E+03  -0.664E+01   0.179E+05
  OPTIMIZATION STUFF
      256938  -27.680875873786153        1472.5509999811834     
   26.576683593729808       -54.257559467515961     
        0   256974  -0.189E-01   0.392E+03  -0.614E+00   0.110E+05
  OPTIMIZATION STUFF
      256974  -23.411204180145678        1015.5402396027324     
   21.620725206113274       -45.031929386258952     
        0   256732  -0.122E-01   0.306E+03   0.389E+00   0.896E+04
  OPTIMIZATION STUFF
      256732  -20.165538707402785        737.15098150370875     
   18.179714798201559       -38.345253505604347     
        0   256759  -0.103E+00   0.240E+03  -0.351E+01   0.735E+04
  OPTIMIZATION STUFF
      256759  -17.981712754563112        571.11258781961180     
   15.740730422442095       -33.722443177005204     
        0   256726   0.200E-01   0.169E+03   0.896E+00   0.513E+04
  OPTIMIZATION STUFF
      256726  -15.879537490438816        435.88082650398144     
   13.554376252477631       -29.433913742916445     
        0   256715  -0.147E-01   0.121E+03  -0.514E+00   0.398E+04
  OPTIMIZATION STUFF
      256715  -14.322567387684838        346.50925475958968     
   11.890051227173766       -26.212618614858606     
        0   256787  -0.198E-01   0.124E+03  -0.410E+00   0.388E+04
  OPTIMIZATION STUFF
      256787  -13.632428861543916        311.72478050061090     
   11.219699810402922       -24.852128671946836     
        0   256798  -0.120E-01   0.955E+02  -0.460E+00   0.312E+04
  OPTIMIZATION STUFF
      256798  -12.507986191827579        256.99366575904230     
   10.027160474635526       -22.535146666463106     
        0   256384   0.348E-02   0.825E+02   0.193E+00   0.261E+04
  OPTIMIZATION STUFF
      256384  -11.713081872789649        223.02835098058276     
   9.2645595697749865       -20.977641442564636     
        0   256908  -0.190E-01   0.755E+02  -0.600E+00   0.243E+04
  OPTIMIZATION STUFF
      256908  -11.237861209157549        202.93399477210275     
   8.7546827592902989       -19.992543968447848     
        0   257139   0.313E-02   0.739E+02   0.128E+00   0.226E+04
  OPTIMIZATION STUFF
      257139  -10.683156794172872        181.91498484591915     
   8.2331734924655358       -18.916330286638406     
        0   257001   0.633E-02   0.700E+02   0.186E+00   0.218E+04
  OPTIMIZATION STUFF
      257001  -10.499748403442714        174.85510786228036     
   8.0380589277936085       -18.537807331236323     
        0   256942  -0.125E-01   0.661E+02  -0.575E+00   0.202E+04
  OPTIMIZATION STUFF
      256942  -10.270602994024935        166.22906190790997     
   7.7938293570642152       -18.064432351089152     
        0   256890   0.225E-02   0.605E+02   0.783E-01   0.185E+04
  OPTIMIZATION STUFF
      256890  -9.9028459068773262        153.31271561079291     
   7.4327894195541351       -17.335635326431461     
        0   256883   0.438E-02   0.766E+02   0.160E+00   0.224E+04
  OPTIMIZATION STUFF
      256883  -9.9485668030480365        155.45964464764182     
   7.5156944597909510       -17.464261262838988     
        0   256867   0.152E-02   0.669E+02  -0.994E-01   0.189E+04
  OPTIMIZATION STUFF
      256867  -9.6805358284476863        145.63227368289600     
   7.2055187014563122       -16.886054529903998     
        0   256529  -0.817E-02   0.553E+02  -0.205E+00   0.159E+04
  OPTIMIZATION STUFF
      256529  -9.5449870171387623        141.07266673906418     
   7.0686554295507040       -16.613642446689468     
        0   256935  -0.153E-01   0.530E+02  -0.473E+00   0.151E+04
  OPTIMIZATION STUFF
      256935  -9.3903004643565922        135.65778951415251     
   6.8905766597039522       -16.280877124060545     
        0   257295   0.169E-01   0.511E+02   0.541E+00   0.142E+04
  OPTIMIZATION STUFF
      257295  -9.2895245460195444        132.71111440751704     
   6.8129177388559023       -16.102442284875448     
        0   256662  -0.493E-02   0.489E+02  -0.313E+00   0.136E+04
  OPTIMIZATION STUFF
      256662  -9.1486056985390469        128.21000521564031     
   6.6718077751310538       -15.820413473670101     
        0   257135  -0.122E-02   0.539E+02  -0.446E-02   0.157E+04
  OPTIMIZATION STUFF
      257135  -9.1295859386909708        127.82652926389746     
   6.6691221200360076       -15.798708058726978     
        0   257071   0.104E-01   0.554E+02   0.272E+00   0.159E+04
  OPTIMIZATION STUFF
      257071  -9.2589841261860411        131.94924585789718     
   6.7985629958787683       -16.057547122064811     
        0   256774   0.205E-02   0.542E+02   0.724E-01   0.148E+04
  OPTIMIZATION STUFF
      256774  -9.1061612744601739        126.79869725263217     
   6.6239356953516708       -15.730096969811845     
        0   257195  -0.105E-01   0.596E+02  -0.310E+00   0.160E+04
  OPTIMIZATION STUFF
      257195  -8.9985390505205949        123.89115006562353     
   6.5511407420295473       -15.549679792550142     
        0   257503  -0.684E-02   0.607E+02  -0.169E+00   0.169E+04
  OPTIMIZATION STUFF
      257503  -8.9839662926774579        123.63707657357880     
   6.5517498598171500       -15.535716152494608     
        0   257203   0.597E-02   0.518E+02   0.108E+00   0.129E+04
  OPTIMIZATION STUFF
      257203  -8.9975705414137241        123.24284873658185     
   6.5028127059654572       -15.500383247379181     
        0   257236  -0.460E-02   0.604E+02  -0.189E+00   0.158E+04
  OPTIMIZATION STUFF
      257236  -9.1429423162228307        127.80527014593962     
   6.6492011511279703       -15.792143467350801     
        0   256863   0.180E-01   0.530E+02   0.509E+00   0.135E+04
  OPTIMIZATION STUFF
      256863  -8.8692111643122296        119.50701129058741     
   6.3909392590938241       -15.260150423406053     
        0   256583  -0.838E-02   0.479E+02  -0.222E+00   0.124E+04
  OPTIMIZATION STUFF
      256583  -8.9276971704070363        121.21046947154464     
   6.4425687970754986       -15.370265967482535     
        0   256767  -0.247E-03   0.586E+02  -0.106E-01   0.151E+04
  OPTIMIZATION STUFF
      256767  -8.8391667033828671        118.75053359156304     
   6.3733559120270931       -15.212522615409959     
        0   256552   0.644E-02   0.561E+02   0.761E-01   0.142E+04
  OPTIMIZATION STUFF
      256552  -8.9986960699905332        123.49328663661150     
   6.5204873802920922       -15.519183450282625     
        0   256470  -0.195E-02   0.656E+02   0.296E-01   0.167E+04
  OPTIMIZATION STUFF
      256470  -8.9838050460779915        123.73099727583235     
   6.5591344070613440       -15.542939453139336     
        0   256277  -0.141E-02   0.552E+02  -0.124E-01   0.142E+04
  OPTIMIZATION STUFF
      256277  -8.9016028467960435        120.47805245519831     
   6.4218003093455716       -15.323403156141616     
        0   256036   0.418E-02   0.527E+02  -0.187E-01   0.131E+04
  OPTIMIZATION STUFF
      256036  -8.7994823815026919        117.20587316603446     
   6.3067410747277535       -15.106223456230445     
        0   256292  -0.237E-02   0.501E+02   0.688E-01   0.127E+04
  OPTIMIZATION STUFF
      256292  -8.8182535178264736        117.76971566273616     
   6.3251972742419014       -15.143450792068375     
        0   255974  -0.774E-02   0.407E+07  -0.295E+00   0.101E+09
  OPTIMIZATION STUFF
      255974  -6397.9390811105668        7840917668.5945082     
   88317.518330787047       -94715.457411897616     
        0   256526  -0.443E-02   0.533E+02  -0.530E-01   0.123E+04
  OPTIMIZATION STUFF
      256526  -8.8067898865624343        117.53607704815020     
   6.3226994980065143       -15.129489384568949     
        0   256081   0.174E-01   0.545E+02   0.385E+00   0.127E+04
  OPTIMIZATION STUFF
      256081  -8.8059821391575976        117.64481835302983     
   6.3324163569578413       -15.138398496115439     
        0   255758  -0.366E-03   0.544E+02  -0.781E-01   0.129E+04
  OPTIMIZATION STUFF
      255758  -8.7377468986632447        115.59791422075655     
   6.2649575701402318       -15.002704468803476     
        0   256789  -0.157E-01   0.485E+02  -0.407E+00   0.116E+04
  OPTIMIZATION STUFF
      256789  -8.6692547010680698        113.34876723200523     
   6.1800315662635894       -14.849286267331660     
        0   250103   0.243E-01   0.538E+02   0.560E+00   0.127E+04
  OPTIMIZATION STUFF
      250103  -8.8300755707452314        118.13421216854756     
   6.3375056278851414       -15.167581198630373     
        0   255702  -0.906E-02   0.538E+02  -0.132E+00   0.126E+04
  OPTIMIZATION STUFF
      255702  -8.8022925596342549        117.16450554880123     
   6.2995357958669196       -15.101828355501175     
        0   255920  -0.196E-01   0.570E+02  -0.493E+00   0.130E+04
  OPTIMIZATION STUFF
      255920  -8.7022262205614140        114.39097559567568     
   6.2178963003454060       -14.920122520906819     
        0   256021   0.166E-01   0.505E+02   0.278E+00   0.115E+04
  OPTIMIZATION STUFF
      256021  -8.6621213097305336        113.05246415660966     
   6.1660456187188437       -14.828166928449377     
        0   256234  -0.163E-01   0.558E+02  -0.371E+00   0.134E+04
  OPTIMIZATION STUFF
      256234  -8.5873092447985844        111.34236590760487     
   6.1319235026051686       -14.719232747403753     
        0   256052   0.116E-01   0.581E+02   0.272E+00   0.127E+04
  OPTIMIZATION STUFF
      256052  -8.7023638942795518        114.43713812393533     
   6.2214146924533944       -14.923778586732947     
        0   256472  -0.599E-02   0.623E+02  -0.135E+00   0.137E+04
  OPTIMIZATION STUFF
      256472  -8.7754029427126543        116.80166586805630     
   6.3082461160838035       -15.083649058796457     
        0   255508   0.144E-01   0.535E+02   0.361E+00   0.113E+04
  OPTIMIZATION STUFF
      255508  -8.7686150932723983        116.02068756709906     
   6.2555636766908984       -15.024178769963296     
        0   252639   0.429E-02   0.570E+02   0.474E-01   0.127E+04
  OPTIMIZATION STUFF
      252639  -8.5636990808256979        110.58527477085354     
   6.1031412259523083       -14.666840306778006     
        0   257134  -0.120E-01   0.554E+02  -0.228E+00   0.120E+04
  OPTIMIZATION STUFF
      257134  -8.6282240280944684        112.34868651350983     
   6.1564954831887189       -14.784719511283187     
        0   256701   0.314E-02   0.462E+02  -0.248E-01   0.985E+03
  OPTIMIZATION STUFF
      256701  -8.6682959728869147        113.20397044551555     
   6.1696527756388404       -14.837948748525754     
        0   256370   0.458E-02   0.623E+02   0.120E+00   0.132E+04
  OPTIMIZATION STUFF
      256370  -8.7295275889649417        115.18355996907987     
   6.2433090619141867       -14.972836650879128     
        0   256643  -0.460E-02   0.547E+02  -0.933E-01   0.116E+04
  OPTIMIZATION STUFF
      256643  -8.6890310479440078        113.83192849283310     
   6.1913381381328350       -14.880369186076843     
        0   256396  -0.608E-02   0.556E+02  -0.194E+00   0.122E+04
  OPTIMIZATION STUFF
      256396  -8.6236139899338919        112.20139178766250     
   6.1509896390970251       -14.774603629030917     
        0   256608  -0.116E-01   0.608E+02  -0.170E+00   0.126E+04
  OPTIMIZATION STUFF
      256608  -8.7509667251918728        115.86377032483111     
   6.2677230075535197       -15.018689732745393     
        0   256673   0.150E-01   0.555E+02   0.323E+00   0.117E+04
  OPTIMIZATION STUFF
      256673  -8.6726270001156056        113.31590595958909     
   6.1726369467558087       -14.845263946871414     
        0   255522  -0.998E-02   0.649E+02  -0.304E+00   0.139E+04
  OPTIMIZATION STUFF
      255522  -8.7643647707487400        116.25755921236161     
   6.2804035998986567       -15.044768370647397     
        0   256735   0.973E-02   0.654E+02   0.315E+00   0.136E+04
  OPTIMIZATION STUFF
      256735  -8.6608161377503752        113.33569498176274     
   6.1907962985261769       -14.851612436276552     
        0   255761  -0.106E-01   0.672E+02  -0.292E+00   0.139E+04
  OPTIMIZATION STUFF
      255761  -8.7589236079919566        116.21038078377390     
   6.2842372658211323       -15.043160873813090     
        0   256739   0.153E-01   0.667E+02   0.320E+00   0.132E+04
  OPTIMIZATION STUFF
      256739  -8.7045153363826717        114.62810988001861     
   6.2337406618095264       -14.938255998192197     
        0   256375  -0.112E-02   0.630E+02  -0.442E-01   0.127E+04
  OPTIMIZATION STUFF
      256375  -8.7353775207182522        115.38486089184894     
   6.2512431133638682       -14.986620634082120     
        0   256462  -0.483E-02   0.584E+02  -0.145E+00   0.117E+04
  OPTIMIZATION STUFF
      256462  -8.7530588336262269        115.43754933222991     
   6.2306910039984960       -14.983749837624723     
        0   256778  -0.113E-01   0.601E+02  -0.163E+00   0.117E+04
  OPTIMIZATION STUFF
      256778  -8.6615809076961305        113.23708416672547     
   6.1817554421183099       -14.843336349814440     
        0   256559   0.173E-01   0.618E+02   0.266E+00   0.125E+04
  OPTIMIZATION STUFF
      256559  -8.6730058671605370        113.71399297393785     
   6.2042696751621582       -14.877275542322696     
        0   256849   0.296E-02   0.620E+02   0.870E-01   0.120E+04
  OPTIMIZATION STUFF
      256849  -8.5952177605480102        111.28943910539388     
   6.1165080523247850       -14.711725812872796     
        0   256511  -0.158E-01   0.620E+02  -0.291E+00   0.119E+04
  OPTIMIZATION STUFF
      256511  -8.5457848256678055        109.97768033002181     
   6.0784243059700662       -14.624209131637873     
        0   255732  -0.161E-02   0.601E+02  -0.557E-01   0.115E+04
  OPTIMIZATION STUFF
      255732  -8.5837983653850820        110.90033049333945     
   6.1007160330367656       -14.684514398421847     
        0   256456   0.372E-02   0.600E+02   0.494E-01   0.118E+04
  OPTIMIZATION STUFF
      256456  -8.6797894202330994        113.56908406093126     
   6.1830687915743603       -14.862858211807460     
        0   256293   0.173E-02   0.603E+02   0.414E-01   0.117E+04
  OPTIMIZATION STUFF
      256293  -8.6276426569460991        112.12630955677437     
   6.1392256629658464       -14.766868319911946     
        0   251584   0.242E-01   0.610E+02   0.529E+00   0.118E+04
  OPTIMIZATION STUFF
      251584  -8.7519011316496798        115.69315904075306     
   6.2527902269772424       -15.004691358626921     
        0   256289  -0.160E-01   0.527E+02  -0.415E+00   0.101E+04
  OPTIMIZATION STUFF
      256289  -8.6417427752096660        112.40569989333004     
   6.1421479712264810       -14.783890746436146     
        0   257141  -0.527E-02   0.615E+02  -0.512E-01   0.113E+04
  OPTIMIZATION STUFF
      257141  -8.6528335308488362        112.89062441587822     
   6.1659627231516962       -14.818796254000532     
        0   256681  -0.170E-02   0.570E+02  -0.649E-01   0.993E+03
  OPTIMIZATION STUFF
      256681  -8.6648849993799981        112.95061845528789     
   6.1538919719806087       -14.818776971360606     
        0   255887  -0.722E-02   0.542E+02  -0.147E+00   0.105E+04
  OPTIMIZATION STUFF
      255887  -8.6212895050298517        111.85301236349854     
   6.1258778663927567       -14.747167371422609     
        0   256394   0.430E-02   0.554E+02   0.342E-01   0.102E+04
  OPTIMIZATION STUFF
      256394  -8.6831424107377444        113.55348751835550     
   6.1770968418184129       -14.860239252556157     
        0   256919   0.245E-01   0.538E+02   0.556E+00   0.995E+03
  OPTIMIZATION STUFF
      256919  -8.6656895859880496        113.07200711225299     
   6.1626156063437261       -14.828305192331776     
        0   256774  -0.245E-01   0.619E+02  -0.530E+00   0.114E+04
  OPTIMIZATION STUFF
      256774  -8.6778462003148995        113.58531780420711     
   6.1871078160872033       -14.864954016402102     
        0   256558   0.300E-02   0.611E+02   0.224E-01   0.113E+04
  OPTIMIZATION STUFF
      256558  -8.6530783846346573        112.96138330350479     
   6.1713546140918902       -14.824432998726547     
        0   256798  -0.638E-02   0.628E+02  -0.104E+00   0.114E+04
  OPTIMIZATION STUFF
      256798  -8.6554076498225054        112.66454735930358     
   6.1439780089692411       -14.799385658791746     
        0   256321   0.386E-01   0.619E+02   0.752E+00   0.113E+04
  OPTIMIZATION STUFF
      256321  -8.6028889002928910        111.34368392254879     
   6.1101543754447132       -14.713043275737604     
        0   256433  -0.161E-01   0.529E+02  -0.229E+00   0.967E+03
  OPTIMIZATION STUFF
      256433  -8.7271597839017776        114.66286549041315     
   6.2048003671883460       -14.931960151090124     
        0   255966  -0.450E-02   0.694E+02  -0.235E+00   0.127E+04
  OPTIMIZATION STUFF
      255966  -8.5900222035951028        111.22544323995365     
   6.1185751430947368       -14.708597346689839     
        0   251413  -0.937E-03   0.595E+02   0.195E-01   0.110E+04
  OPTIMIZATION STUFF
      251413  -8.5882783035797736        110.73793468601446     
   6.0810698455350254       -14.669348149114800     
        0   256545   0.369E-03   0.590E+02  -0.807E-02   0.108E+04
  OPTIMIZATION STUFF
      256545  -8.6120121290533440        111.49844501677262     
   6.1099666206789296       -14.721978749732273     
        0   256007  -0.116E-01   0.624E+02  -0.219E+00   0.117E+04
  OPTIMIZATION STUFF
      256007  -8.6768853285705152        113.41011342091160     
   6.1742833119115410       -14.851168640482056     
        0   255138   0.115E-01   0.630E+02   0.208E+00   0.115E+04
  OPTIMIZATION STUFF
      255138  -8.6563853607705017        113.26192612143187     
   6.1910353421112063       -14.847420702881708     
        0   256432  -0.173E-02   0.637E+02  -0.252E-01   0.113E+04
  OPTIMIZATION STUFF
      256432  -8.6906942047150189        113.92666192940769     
   6.1966520129454148       -14.887346217660433     
        0   256651  -0.509E-03   0.606E+02  -0.426E-02   0.103E+04
  OPTIMIZATION STUFF
      256651  -8.5696220974111021        110.40199555079246     
   6.0797674839055977       -14.649389581316701     
        0   256926  -0.462E-02   0.635E+02  -0.144E+00   0.114E+04
  OPTIMIZATION STUFF
      256926  -8.7220110973936116        114.68537810842695     
   6.2138474816630023       -14.935858579056614     
        0   256904   0.801E-03   0.685E+02   0.304E-01   0.122E+04
  OPTIMIZATION STUFF
      256904  -8.6808095141658601        113.64289877313178     
   6.1876041366508945       -14.868413650816755     
        0   255500   0.141E-01   0.640E+02   0.304E+00   0.114E+04
  OPTIMIZATION STUFF
      255500  -8.6556758454743363        112.78312734797862     
   6.1532432916349693       -14.808919137109307     
        0   256728  -0.138E-01   0.584E+02  -0.281E+00   0.104E+04
  OPTIMIZATION STUFF
      256728  -8.5829159992486002        110.80511564477848     
   6.0941503587145665       -14.677066357963167     
        0   256989   0.466E-02   0.744E+02   0.877E-01   0.124E+04
  OPTIMIZATION STUFF
      256989  -8.6867938368362623        113.90297841243490     
   6.2002089681508670       -14.887002804987130     
        0   256864  -0.108E-01   0.575E+02  -0.218E+00   0.100E+04
  OPTIMIZATION STUFF
      256864  -8.6535904754611703        112.44212152529792     
   6.1284168761847155       -14.782007351645886     
        0   256590   0.645E-02   0.600E+02   0.111E+00   0.102E+04
  OPTIMIZATION STUFF
      256590  -8.5857843840110988        110.73702105044856     
   6.0845153925123503       -14.670299776523450     
        0   256568   0.184E-02   0.679E+02  -0.238E-01   0.113E+04
  OPTIMIZATION STUFF
      256568  -8.6060327157705832        111.48929368336080     
   6.1176379901435158       -14.723670705914099     
        0   256946  -0.224E-02   0.691E+02  -0.636E-01   0.120E+04
  OPTIMIZATION STUFF
      256946  -8.5721173111687552        110.63683993419187     
   6.0955430223855220       -14.667660333554277     
        0   257100   0.162E-01   0.644E+02   0.369E+00   0.104E+04
  OPTIMIZATION STUFF
      257100  -8.6303004914128092        112.07738287890221     
   6.1315003308180644       -14.761800822230875     
        0   259464  -0.180E-01   0.613E+02  -0.328E+00   0.104E+04
  OPTIMIZATION STUFF
      259464  -8.6452079458549118        112.50207854007142     
   6.1451166069488474       -14.790324552803760     
        0   259508   0.228E-02   0.655E+02   0.598E-02   0.108E+04
  OPTIMIZATION STUFF
      259508  -8.6846246565704988        113.66972074084993     
   6.1844171362657674       -14.869041792836267     
        0   257051   0.673E-02   0.141E+03   0.994E-01   0.254E+04
  OPTIMIZATION STUFF
      257051  -9.1658938288950278        134.98999093283763     
   7.1397745937992809       -16.305668422694310     
        0   256844  -0.662E-02   0.639E+02  -0.685E-01   0.104E+04
  OPTIMIZATION STUFF
      256844  -8.7481218056641445        115.42488633461004     
   6.2366057441426861       -14.984727549806831     
        0   256035   0.182E-02   0.642E+02  -0.498E-01   0.106E+04
  OPTIMIZATION STUFF
      256035  -8.6492989806487994        112.59538883526804     
   6.1469517631599873       -14.796250743808788     
        0   256535   0.287E-02   0.725E+02   0.138E+00   0.120E+04
  OPTIMIZATION STUFF
      256535  -8.6477070462460244        112.96370609046264     
   6.1790669953294319       -14.826774041575456     
        0   257142   0.116E-01   0.697E+02   0.901E-01   0.111E+04
  OPTIMIZATION STUFF
      257142  -8.6119792304944038        111.54396976510793     
   6.1137372775284478       -14.725716508022852     
        0   257031  -0.141E-01   0.680E+02  -0.222E+00   0.112E+04
  OPTIMIZATION STUFF
      257031  -8.6103295227329113        111.49043294460998     
   6.1116821297057005       -14.722011652438612     
        0   257001  -0.473E-02   0.578E+02  -0.371E-01   0.974E+03
  OPTIMIZATION STUFF
      257001  -8.6296173286939482        112.00062074794100     
   6.1261999239533571       -14.755817252647304     
        0   256895   0.494E-02   0.666E+02   0.967E-01   0.110E+04
  OPTIMIZATION STUFF
      256895  -8.7426121077367274        115.26559461847786     
   6.2315590466698660       -14.974171154406594     
