tried moves    experiment_1   _      experiment_2    _                                                                                                                                                                                                                                                                                                                                                                                                                                                                          
        0   272940   0.777E+01   0.192E+05   0.130E+03   0.176E+06
  OPTIMIZATION STUFF
      272940  -254.987467469256        250726.075788885     
   430.937892534992       -685.925360004247     
        0   261060  -0.652E+01   0.131E+05  -0.992E+02   0.246E+06
  OPTIMIZATION STUFF
      261060  -326.229811494262        327092.627570979     
   469.751783033761       -795.981594528023     
        0   265594  -0.140E+01   0.461E+04  -0.318E+02   0.120E+06
  OPTIMIZATION STUFF
      265594  -105.228149069545        47272.5155103590     
   190.261798986966       -295.489948056511     
        0   276106  -0.667E-01   0.499E+03  -0.708E+00   0.173E+05
  OPTIMIZATION STUFF
      276106  -35.7449149063302        3311.68843927788     
   45.0997727002819       -80.8446876066121     
        0   274035  -0.576E-01   0.170E+03  -0.130E+01   0.689E+04
  OPTIMIZATION STUFF
      274035  -24.1967222467926        1337.34634389409     
   27.4201563891540       -51.6168786359466     
        0   276175  -0.109E-01   0.583E+02  -0.825E+00   0.328E+04
  OPTIMIZATION STUFF
      276175  -15.7845823526848        508.050147799809     
   16.0902799152507       -31.8748622679355     
        0   280090  -0.124E-01   0.333E+02  -0.501E+00   0.201E+04
  OPTIMIZATION STUFF
      280090  -12.9922169152482        327.387174192862     
   12.5932312700117       -25.5854481852599     
        0   276564  -0.195E-02   0.293E+02  -0.660E-01   0.163E+04
  OPTIMIZATION STUFF
      276564  -11.5958000328419        256.873763719304     
   11.0639588447195       -22.6597588775615     
        0   269893  -0.283E-02   0.230E+02  -0.123E+00   0.128E+04
  OPTIMIZATION STUFF
      269893  -10.7407756550955        214.384452099005     
   9.95088892641825       -20.6916645815137     
        0   267127   0.271E-02   0.235E+02   0.104E+00   0.146E+04
  OPTIMIZATION STUFF
      267127  -10.3060330210689        203.435256981007     
   9.86006796881458       -20.1661009898835     
        0   248081  -0.359E-02   0.368E+02   0.118E-01   0.206E+04
  OPTIMIZATION STUFF
      248081  -10.4922267135172        216.060284609549     
   10.2943413194679       -20.7865680329851     
        0   208314  -0.313E-03   0.416E+02   0.117E+01   0.331E+04
  OPTIMIZATION STUFF
      208314  -10.8751774772682        248.545865265772     
   11.4138678853266       -22.2890453625948     
