tried moves    experiment_1   _      experiment_2    _                                                                                                                                                                                                                                                                                                                                                                                                                                                                          
        0    94603   0.625E+02   0.197E+05   0.145E+03   0.452E+05
  OPTIMIZATION STUFF
       94603   3.6357523217425656        1986.4921805018394     
   44.421543034396983       -40.785790712654418     
        0    95945   0.196E+02   0.404E+05   0.595E+02   0.956E+05
  OPTIMIZATION STUFF
       95945  -7.9892431874697127        7685.5560396034853     
   87.302508743420162       -95.291751930889873     
        0    96145   0.348E+02   0.636E+05   0.107E+03   0.166E+06
  OPTIMIZATION STUFF
       96145  -18.990159380762307        13206.109774450795     
   113.33791784369448       -132.32807722445679     
        0    96133   0.534E+02   0.844E+05   0.160E+03   0.227E+06
  OPTIMIZATION STUFF
       96133  -34.561732039744022        21050.765027109101     
   140.91221276213793       -175.47394480188194     
        0    95981  -0.275E+02   0.748E+05  -0.635E+02   0.211E+06
  OPTIMIZATION STUFF
       95981  -33.992994000475726        19571.714296741742     
   135.70626608828852       -169.69926008876425     
        0    95970  -0.205E+02   0.960E+05  -0.502E+02   0.278E+06
  OPTIMIZATION STUFF
       95970  -45.472493665101297        27873.096559002934     
   160.64043351186604       -206.11292717696733     
        0    96004   0.185E+02   0.826E+05   0.631E+02   0.246E+06
  OPTIMIZATION STUFF
       96004  -55.224375656849276        32127.767922335264     
   170.52283206552269       -225.74720772237197     
        0    95868  -0.566E+01   0.102E+06  -0.767E+01   0.307E+06
  OPTIMIZATION STUFF
       95868  -69.159816435065210        41617.499581011820     
   191.92295165425085       -261.08276808931606     
        0    94289   0.147E+02   0.111E+06   0.508E+02   0.341E+06
  OPTIMIZATION STUFF
       94289  -82.937209227471897        49978.002518773414     
   207.60400247666701       -290.54121170413890     
        0    96062  -0.239E+02   0.111E+06  -0.711E+02   0.345E+06
  OPTIMIZATION STUFF
       96062  -101.21064843734817        64793.440458788398     
   233.55908267862313       -334.76973111597130     
        0    96075   0.571E+02   0.110E+06   0.180E+03   0.344E+06
  OPTIMIZATION STUFF
       96075  -116.39381424519433        73529.117954164234     
   244.91140839009404       -361.30522263528837     
        0    96141  -0.242E+01   0.118E+06  -0.665E+01   0.388E+06
  OPTIMIZATION STUFF
       96141  -135.66884331524508        89062.078982775391     
   265.81204625877825       -401.48088957402331     
        0    96165  -0.330E+02   0.115E+06  -0.685E+02   0.355E+06
  OPTIMIZATION STUFF
       96165  -151.25757238480554        101458.04922576531     
   280.31981025610844       -431.57738264091398     
        0    96086   0.160E+03   0.138E+06   0.523E+03   0.447E+06
  OPTIMIZATION STUFF
       96086  -166.99566676859280        116513.68474336791     
   297.70141421209445       -464.69708098068725     
        0    96121   0.298E+03   0.182E+06   0.949E+03   0.591E+06
  OPTIMIZATION STUFF
       96121  -179.86544003690645        129886.97803817560     
   312.30658257312734       -492.17202261003376     
        0    96132  -0.444E+03   0.186E+06  -0.145E+04   0.604E+06
  OPTIMIZATION STUFF
       96132  -212.07053520303850        161619.16756662104     
   341.53368159717110       -553.60421680020954     
        0    96190   0.269E+03   0.256E+06   0.843E+03   0.819E+06
  OPTIMIZATION STUFF
       96190  -271.40929720472815        249138.67273701672     
   418.89815722661314       -690.30745443134128     
        0    96197  -0.177E+03   0.961E+08  -0.570E+03   0.303E+09
  OPTIMIZATION STUFF
       96197  -5544.9540046177872        3925800557.5034385     
   62410.368069657401       -67955.322074275187     
        0    96184   0.122E+03   0.186E+06   0.361E+03   0.596E+06
  OPTIMIZATION STUFF
       96184  -312.90011640241801        287793.77076314023     
   435.76058554955785       -748.66070195197585     
        0    96070  -0.109E+03   0.192E+06  -0.211E+03   0.616E+06
  OPTIMIZATION STUFF
       96070  -354.39481934029334        352516.18180567393     
   476.36172582443561       -830.75654516472900     
        0    96204  -0.101E+03   0.268E+06  -0.347E+03   0.935E+06
  OPTIMIZATION STUFF
       96204  -368.33157792312278        390531.05147263681     
   504.83947961436149       -873.17105753748433     
        0    96158   0.585E+02   0.178E+06   0.264E+03   0.641E+06
  OPTIMIZATION STUFF
       96158  -331.68057906413065        297832.62424997980     
   433.38276121883615       -765.06334028296681     
        0    96154  -0.523E+02   0.217E+06  -0.215E+03   0.795E+06
  OPTIMIZATION STUFF
       96154  -308.19763026786910        260686.39504087198     
   407.06340505889477       -715.26103532676393     
        0    96155   0.174E+02   0.221E+06   0.136E+03   0.844E+06
  OPTIMIZATION STUFF
       96155  -238.37741408021196        168700.41074254591     
   334.47962449000846       -572.85703857022042     
        0    96133  -0.146E+03   0.171E+06  -0.614E+03   0.678E+06
  OPTIMIZATION STUFF
       96133  -199.87206734004224        127625.00847363105     
   296.10161291497326       -495.97368025501549     
        0    96150   0.685E+01   0.166E+06   0.382E+02   0.694E+06
  OPTIMIZATION STUFF
       96150  -145.52480944565775        70214.156238273616     
   221.44228610199681       -366.96709554765459     
        0    96189   0.741E+02   0.103E+06   0.358E+03   0.445E+06
  OPTIMIZATION STUFF
       96189  -123.39013376882190        43294.063093543409     
   167.53787029222872       -290.92800406105061     
        0    96257  -0.777E+02   0.698E+05  -0.365E+03   0.311E+06
  OPTIMIZATION STUFF
       96257  -93.247548257632673        23720.254095838656     
   122.57711384993172       -215.82466210756439     
        0    96067   0.118E+03   0.767E+05   0.557E+03   0.354E+06
  OPTIMIZATION STUFF
       96067  -78.648619989346770        20409.055198471728     
   119.26210534886198       -197.91072533820875     
        0    96115  -0.136E+03   0.556E+05  -0.619E+03   0.258E+06
  OPTIMIZATION STUFF
       96115  -61.173565277808315        9364.7080484494672     
   74.983351216461330       -136.15691649426964     
        0    96217  -0.232E+01   0.274E+05  -0.130E+02   0.131E+06
  OPTIMIZATION STUFF
       96217  -55.838883191515436        7799.4494683197909     
   68.421258335725497       -124.26014152724093     
        0    96039  -0.123E+02   0.185E+05  -0.582E+02   0.908E+05
  OPTIMIZATION STUFF
       96039  -47.616698813486558        5045.2984643818927     
   52.706246863987580       -100.32294567747414     
        0    96189  -0.221E+01   0.123E+05  -0.100E+02   0.617E+05
  OPTIMIZATION STUFF
       96189  -42.368623578173306        3971.3855923885308     
   46.650673397922006       -89.019296976095319     
        0    96163   0.175E+01   0.138E+05   0.129E+02   0.716E+05
  OPTIMIZATION STUFF
       96163  -42.089690389970407        3979.8668990796546     
   46.992817131515828       -89.082507521486235     
        0    96202  -0.192E+01   0.127E+05  -0.925E+01   0.688E+05
  OPTIMIZATION STUFF
       96202  -38.658537723037384        3276.0865170702723     
   42.209050903648233       -80.867588626685617     
        0    96204   0.823E+00   0.910E+04   0.158E+01   0.536E+05
  OPTIMIZATION STUFF
       96204  -36.916466917275677        2902.3641874660998     
   39.236955256642815       -76.153422173918500     
        0    96159   0.220E+01   0.600E+04   0.134E+02   0.335E+05
  OPTIMIZATION STUFF
       96159  -29.870649712943887        1807.7709518878769     
   30.257482340976129       -60.128132053920012     
        0    96273   0.268E+01   0.732E+04   0.239E+02   0.406E+05
  OPTIMIZATION STUFF
       96273  -30.569640013061171        1918.5739207829081     
   31.369906443194207       -61.939546456255378     
        0    96068  -0.632E+01   0.141E+05  -0.429E+02   0.893E+05
  OPTIMIZATION STUFF
       96068  -34.035618095350550        2871.1734935274931     
   41.385386241944623       -75.421004337295173     
        0    96224  -0.233E+01   0.674E+04  -0.897E+01   0.375E+05
  OPTIMIZATION STUFF
       96224  -27.862039231097832        1588.5702672729496     
   28.500474332153054       -56.362513563250886     
        0    95655  -0.101E+01   0.590E+04  -0.890E+01   0.372E+05
  OPTIMIZATION STUFF
       95655  -26.335017209126651        1393.5115043051439     
   26.457104393719035       -52.792121602845683     
        0    96154   0.940E+00   0.541E+04   0.626E+01   0.334E+05
  OPTIMIZATION STUFF
       96154  -24.152160088801740        1168.0871049237028     
   24.181816887252189       -48.333976976053933     
        0    96039   0.294E+00   0.468E+04   0.269E+01   0.272E+05
  OPTIMIZATION STUFF
       96039  -22.315331506350145        984.69103072436383     
   22.061663819532299       -44.376995325882447     
        0    96145  -0.140E+01   0.339E+04  -0.761E+01   0.223E+05
  OPTIMIZATION STUFF
       96145  -22.183912611387520        948.09727625111407     
   21.353484434663955       -43.537397046051474     
        0    96179  -0.547E+00   0.297E+04  -0.257E+01   0.190E+05
  OPTIMIZATION STUFF
       96179  -19.734606744203418        747.80055268226545     
   18.930025074835648       -38.664631819039066     
        0    96115   0.989E+00   0.246E+04   0.433E+01   0.154E+05
  OPTIMIZATION STUFF
       96115  -19.943338776377811        752.24847814981035     
   18.828481526677489       -38.771820303055300     
        0    96083  -0.102E+01   0.239E+04  -0.526E+01   0.152E+05
  OPTIMIZATION STUFF
       96083  -19.304904103930902        707.88796664753795     
   18.308704055327613       -37.613608159258519     
        0    96163   0.947E+00   0.187E+04   0.798E+01   0.129E+05
  OPTIMIZATION STUFF
       96163  -18.721864890363960        652.91429291952693     
   17.389826564588969       -36.111691454952933     
        0    96090  -0.650E+00   0.226E+04  -0.347E+01   0.137E+05
  OPTIMIZATION STUFF
       96090  -18.097560232042831        608.19587270735042     
   16.753333589316853       -34.850893821359683     
        0    96075  -0.109E+01   0.195E+04  -0.648E+01   0.124E+05
  OPTIMIZATION STUFF
       96075  -17.558656065119553        567.34261391472523     
   16.094601924296406       -33.653257989415962     
        0    96205   0.568E+00   0.196E+04   0.113E+01   0.124E+05
  OPTIMIZATION STUFF
       96205  -17.094275773999154        541.15888786322751     
   15.777979072926072       -32.872254846925230     
        0    96187  -0.858E+00   0.209E+04  -0.557E+01   0.133E+05
  OPTIMIZATION STUFF
       96187  -16.183361179752186        477.41453939430079     
   14.680373303155159       -30.863734482907347     
        0    96149   0.957E-01   0.194E+04   0.208E+01   0.129E+05
  OPTIMIZATION STUFF
       96149  -16.400016521918808        488.35071090370354     
   14.811825309005426       -31.211841830924236     
        0    96136   0.445E+00   0.118E+04   0.346E+01   0.827E+04
  OPTIMIZATION STUFF
       96136  -15.419817150922379        425.25647825983367     
   13.692542396938332       -29.112359547860713     
        0    96123  -0.138E+01   0.153E+04  -0.100E+02   0.106E+05
  OPTIMIZATION STUFF
       96123  -15.183382628416693        411.60146258561559     
   13.456089868335072       -28.639472496751765     
        0    96226   0.623E+00   0.131E+04   0.441E+01   0.893E+04
  OPTIMIZATION STUFF
       96226  -14.440819563182037        370.06252872197172     
   12.709258792926937       -27.150078356108974     
        0    96160   0.334E+00   0.126E+04   0.195E+01   0.850E+04
  OPTIMIZATION STUFF
       96160  -14.614698802316020        379.53841118135773     
   12.882119006550917       -27.496817808866936     
        0    96190  -0.269E-01   0.127E+04   0.281E+00   0.874E+04
  OPTIMIZATION STUFF
       96190  -14.479245093222151        370.99075852955997     
   12.702055741491700       -27.181300834713852     
        0    95928  -0.763E+00   0.102E+04  -0.352E+01   0.704E+04
  OPTIMIZATION STUFF
       95928  -14.202812743850508        354.83760718082823     
   12.374074403523919       -26.576887147374428     
        0    96296  -0.271E+00   0.896E+03  -0.286E+01   0.659E+04
  OPTIMIZATION STUFF
       96296  -13.396797441530387        312.67279985697695     
   11.541170571808642       -24.937968013339031     
        0    96058   0.302E+00   0.114E+04   0.251E+01   0.740E+04
  OPTIMIZATION STUFF
       96058  -13.005900580413842        294.51936352704962     
   11.196692083800487       -24.202592664214329     
        0    94908  -0.491E+00   0.120E+04  -0.421E+01   0.900E+04
  OPTIMIZATION STUFF
       94908  -13.141516663152217        301.40383408672000     
   11.344795012639612       -24.486311675791828     
        0    96026  -0.722E-01   0.936E+03  -0.123E+00   0.639E+04
  OPTIMIZATION STUFF
       96026  -12.756403086439498        280.87685583225493     
   10.869730269354976       -23.626133355794472     
        0    96169  -0.199E+00   0.949E+03  -0.106E+01   0.623E+04
  OPTIMIZATION STUFF
       96169  -12.568703300605907        272.72001985132260     
   10.712036089962577       -23.280739390568485     
        0    96128  -0.508E-01   0.689E+03  -0.554E+00   0.464E+04
  OPTIMIZATION STUFF
       96128  -12.498799689078309        267.63750346490474     
   10.555449293952423       -23.054248983030732     
        0    96151   0.338E+00   0.700E+03   0.409E+01   0.498E+04
  OPTIMIZATION STUFF
       96151  -12.253702159480246        257.52632865667283     
   10.362099789300524       -22.615801948780771     
        0    96184  -0.477E+00   0.718E+03  -0.477E+01   0.483E+04
  OPTIMIZATION STUFF
       96184  -11.466946082844439        222.26193818781715     
   9.5273860906838319       -20.994332173528271     
        0    96105   0.136E-01   0.659E+03  -0.513E-01   0.487E+04
  OPTIMIZATION STUFF
       96105  -11.647331178067665        229.81579845764463     
   9.7033744071873027       -21.350705585254968     
        0    96183  -0.367E-01   0.833E+03   0.402E-01   0.588E+04
  OPTIMIZATION STUFF
       96183  -11.639480100631694        229.03369656592491     
   9.6724453760630631       -21.311925476694757     
        0    96166  -0.161E+00   0.666E+03  -0.124E+01   0.509E+04
  OPTIMIZATION STUFF
       96166  -11.496823097956021        223.15493419330912     
   9.5382384562147564       -21.035061554170777     
        0    96055   0.228E+00   0.691E+03   0.247E+01   0.475E+04
  OPTIMIZATION STUFF
       96055  -11.187976587238195        210.14137800911482     
   9.2179475965382238       -20.405924183776420     
        0    96093  -0.580E+00   0.565E+03  -0.433E+01   0.445E+04
  OPTIMIZATION STUFF
       96093  -11.226634794749044        210.77614788284836     
   9.2053690348719019       -20.432003829620946     
        0    96104   0.298E+00   0.620E+03   0.146E+01   0.420E+04
  OPTIMIZATION STUFF
       96104  -11.030265567629678        203.84816803733344     
   9.0653962707041416       -20.095661838333818     
        0    96102  -0.105E+00   0.831E+03  -0.121E+01   0.574E+04
  OPTIMIZATION STUFF
       96102  -10.916175441848726        201.00252515894513     
   9.0465263433941274       -19.962701785242853     
        0    96087   0.159E+00   0.446E+03   0.188E+01   0.305E+04
  OPTIMIZATION STUFF
       96087  -10.534949920921068        184.32650770918795     
   8.5639557374424307       -19.098905658363499     
        0    96167  -0.158E+00   0.695E+03  -0.128E+01   0.510E+04
  OPTIMIZATION STUFF
       96167  -10.585878880229600        187.17793931992063     
   8.6670126141035198       -19.252891494333120     
        0    95937  -0.294E+00   0.574E+03  -0.135E+01   0.456E+04
  OPTIMIZATION STUFF
       95937  -10.443727355257812        180.52458336084544     
   8.4529960540559301       -18.896723409313744     
        0    96189   0.143E+00   0.455E+03   0.140E+01   0.346E+04
  OPTIMIZATION STUFF
       96189  -10.207691727665345        171.47890212762817     
   8.2025564137396003       -18.410248141404946     
        0    96011   0.333E-01   0.568E+03  -0.372E+00   0.387E+04
  OPTIMIZATION STUFF
       96011  -10.162762543306442        170.51754761778520     
   8.1997442098002526       -18.362506753106693     
        0    96077   0.344E+00   0.424E+08   0.183E+01   0.303E+09
  OPTIMIZATION STUFF
       96077  -13371.085418950708        13563236598.620424     
   115691.18667098004       -129062.27208993075     
        0    96092  -0.358E+00   0.429E+08  -0.212E+01   0.317E+09
  OPTIMIZATION STUFF
       96092  -13730.316890102726        14737471705.276625     
   120619.02877810775       -134349.34566821047     
        0    96127  -0.928E-01   0.368E+03  -0.739E+00   0.287E+04
  OPTIMIZATION STUFF
       96127  -10.045547495764426        165.22507818208319     
   8.0194796397537083       -18.065027135518136     
        0    96223  -0.182E+00   0.647E+03  -0.670E+00   0.530E+04
  OPTIMIZATION STUFF
       96223  -9.9779887402819316        164.23580821618833     
   8.0421109738050323       -18.020099714086964     
        0    95980   0.153E+00   0.531E+03   0.145E+01   0.393E+04
  OPTIMIZATION STUFF
       95980  -9.9112006612137140        161.22278938781389     
   7.9366800893680187       -17.847880750581734     
        0    96067   0.156E+00   0.519E+03   0.113E+01   0.357E+04
  OPTIMIZATION STUFF
       96067  -9.9281533456387017        161.74981761502548     
   7.9486847189021486       -17.876838064540848     
        0    96193  -0.334E+00   0.485E+03  -0.328E+01   0.379E+04
  OPTIMIZATION STUFF
       96193  -9.8985293127916822        160.61983908565361     
   7.9144776536078130       -17.813006966399495     
        0    95848   0.303E+00   0.415E+03   0.248E+01   0.330E+04
  OPTIMIZATION STUFF
       95848  -9.3936127541916150        143.53939099714046     
   7.4363586802566939       -16.829971434448311     
        0    96204  -0.517E-01   0.450E+03  -0.875E-01   0.346E+04
  OPTIMIZATION STUFF
       96204  -9.5316054418778933        147.64685299097113     
   7.5362690166510680       -17.067874458528962     
        0    96161  -0.126E+00   0.454E+03  -0.998E+00   0.329E+04
  OPTIMIZATION STUFF
       96161  -9.4656912637524968        146.22344638464261     
   7.5249010148946329       -16.990592278647128     
        0    96303   0.159E+00   0.367E+03   0.706E+00   0.243E+04
  OPTIMIZATION STUFF
       96303  -9.3045620823185988        140.05624894198817     
   7.3130960200360526       -16.617658102354653     
        0    96266  -0.193E+00   0.326E+03  -0.734E+00   0.225E+04
  OPTIMIZATION STUFF
       96266  -9.2866425736939622        139.11914094819679     
   7.2716855444010751       -16.558328118095037     
        0    96227  -0.208E+00   0.379E+08  -0.191E+01   0.277E+09
  OPTIMIZATION STUFF
       96227  -12824.734564888688        12943654617.655279     
   113045.03881637366       -125869.77338126235     
        0    96187   0.741E-01   0.469E+03   0.497E+00   0.389E+04
  OPTIMIZATION STUFF
       96187  -9.4014164515026817        144.28904768169949     
   7.4767918512630951       -16.878208302765778     
        0    96187   0.565E-01   0.380E+03   0.663E+00   0.307E+04
  OPTIMIZATION STUFF
       96187  -9.2138483236849140        137.02179807781303     
   7.2198889981731531       -16.433737321858068     
        0    96172  -0.140E-01   0.338E+03  -0.163E+00   0.254E+04
  OPTIMIZATION STUFF
       96172  -9.1802313107232845        135.70656418625799     
   7.1714654895546861       -16.351696800277971     
        0    96277  -0.841E-01   0.214E+03  -0.704E+00   0.163E+04
  OPTIMIZATION STUFF
       96277  -8.8426455732220610        124.38040654996283     
   6.7961772943574035       -15.638822867579464     
        0    96295   0.185E-02   0.288E+03   0.298E+00   0.222E+04
  OPTIMIZATION STUFF
       96295  -8.8475382645924014        125.54233755087688     
   6.8748384859173344       -15.722376750509735     
        0    96298   0.405E-01   0.713E+03   0.136E+00   0.612E+04
  OPTIMIZATION STUFF
       96298  -9.1511976269869404        138.74777563086229     
   7.4164248545165536       -16.567622481503495     
        0    96206   0.133E+00   0.410E+03   0.101E+01   0.340E+04
  OPTIMIZATION STUFF
       96206  -9.2351246163868126        139.08864266814680     
   7.3349244023338871       -16.570049018720699     
        0    96090  -0.980E-01   0.342E+03  -0.743E+00   0.268E+04
  OPTIMIZATION STUFF
       96090  -8.9711242405081428        129.29319572511599     
   6.9865675110517031       -15.957691751559846     
        0    96225  -0.847E-01   0.302E+03  -0.679E+00   0.236E+04
  OPTIMIZATION STUFF
       96225  -8.8259603457890865        124.47437127787353     
   6.8247194266454736       -15.650679772434561     
        0    95916  -0.939E-01   0.394E+03  -0.778E+00   0.310E+04
  OPTIMIZATION STUFF
       95916  -8.9834310349645161        130.04398468176171     
   7.0243826434639844       -16.007813678428501     
        0    96059   0.168E+00   0.347E+03   0.121E+01   0.236E+04
  OPTIMIZATION STUFF
       96059  -8.7612492817819998        122.85150373784187     
   6.7891100123886829       -15.550359294170683     
        0    96008  -0.160E+00   0.340E+03  -0.126E+01   0.278E+04
  OPTIMIZATION STUFF
       96008  -8.7936547241869079        124.43284174881961     
   6.8632702366003979       -15.656924960787306     
        0    96094  -0.901E-01   0.302E+03  -0.408E+00   0.255E+04
  OPTIMIZATION STUFF
       96094  -8.7150056782314209        121.60466157184965     
   6.7567253607234727       -15.471731038954893     
        0    95999   0.768E-01   0.338E+03   0.817E+00   0.286E+04
  OPTIMIZATION STUFF
       95999  -8.7477542338495695        122.61750277025023     
   6.7892782115934205       -15.537032445442989     
        0    96045   0.203E+00   0.335E+03   0.777E+00   0.279E+04
  OPTIMIZATION STUFF
       96045  -8.6107927929140953        119.10965386556484     
   6.7055127576542208       -15.316305550568316     
        0    96103  -0.220E+00   0.352E+03  -0.129E+01   0.279E+04
  OPTIMIZATION STUFF
       96103  -8.8526796173017974        126.21781891334916     
   6.9172163842660339       -15.769896001567831     
        0    96073   0.267E+00   0.259E+03   0.190E+01   0.190E+04
  OPTIMIZATION STUFF
       96073  -8.4813243972170778        114.25737229429900     
   6.5057289186892335       -14.987053315906312     
        0    96050  -0.260E+00   0.335E+03  -0.163E+01   0.275E+04
  OPTIMIZATION STUFF
       96050  -8.7560627824664952        123.02922236794397     
   6.8088609118889387       -15.564923694355434     
        0    96199   0.116E+00   0.278E+03   0.116E+01   0.220E+04
  OPTIMIZATION STUFF
       96199  -8.5746421408862883        117.52732391772956     
   6.6334633543471515       -15.208105495233440     
        0    96063  -0.192E+00   0.247E+03  -0.155E+01   0.202E+04
  OPTIMIZATION STUFF
       96063  -8.4894411043436708        114.72193493314815     
   6.5307981647749820       -15.020239269118653     
        0    96369   0.753E-01   0.302E+03   0.549E+00   0.213E+04
  OPTIMIZATION STUFF
       96369  -8.4082193162438887        112.43671762193594     
   6.4605391069073397       -14.868758423151228     
        0    96136   0.208E-01   0.280E+03   0.121E+00   0.234E+04
  OPTIMIZATION STUFF
       96136  -8.3521148091776354        111.29142849446261     
   6.4446572219768399       -14.796772031154475     
        0    96210   0.500E-01   0.245E+03   0.655E+00   0.214E+04
  OPTIMIZATION STUFF
       96210  -8.5862651657520050        117.70054655430508     
   6.6314852829286117       -15.217750448680617     
        0    95954  -0.207E+00   0.316E+03  -0.195E+01   0.233E+04
  OPTIMIZATION STUFF
       95954  -8.3656530346703537        111.45691568678136     
   6.4399351697274145       -14.805588204397768     
        0    96077   0.277E+00   0.340E+03   0.249E+01   0.254E+04
  OPTIMIZATION STUFF
       96077  -8.4682726175176040        114.83438031847815     
   6.5667906311896145       -15.035063248707218     
        0    95948  -0.161E+00   0.270E+03  -0.159E+01   0.228E+04
  OPTIMIZATION STUFF
       95948  -8.1938747756998325        107.13902187929740     
   6.3245108932981866       -14.518385668998018     
        0    95989   0.845E-01   0.226E+03   0.121E+01   0.209E+04
  OPTIMIZATION STUFF
       95989  -8.3993748799542907        112.43050672591124     
   6.4715537818907203       -14.870928661845010     
        0    95846   0.139E-01   0.307E+03   0.976E-01   0.255E+04
  OPTIMIZATION STUFF
       95846  -8.2039397254765571        107.19745922632278     
   6.3160772800109415       -14.520017005487500     
