   30601390.168696962     
   41140497.285176881     
   52704971.614326231     
   65246661.476375267     
   82018013.160710484     
   57943965.631565027     
   34111831.357202448     
   15783474.312683284     
   7467007.3581209090     
   4105520.2375207720     
   3450321.8840541518     
   3581055.3527694787     
   1802750.2637009413     
   1640164.4057953174     
   1736845.1226743313     
   809436.89362911589     
   1044641.3399436445     
   908915.91673427436     
   798518.70814631809     
   677421.39484391001     
   727796.38308770757     
   568634.44987737748     
   602438.96542622475     
   651790.94135547127     
   500749.86970581731     
   521426.05199819617     
   563662.87366219179     
   538520.76951126463     
   483790.26433484285     
   358311.03587434342     
   501774.04074344394     
   420036.12374476856     
   418576.08971442655     
   491094.00062140799     
   510246.83704166958     
   427780.78857521835     
   382618.26618097717     
   412036.44553022331     
   362264.86838002666     
   497721.82845072012     
   438591.41301327961     
   435782.29284669319     
   456976.40078503708     
   464038.98414863553     
   460525.41534979595     
   456798.85160064918     
   473860.40063222055     
   396435.08402732876     
   381709.65814482881     
   484664.75835666503     
   464606.37362008990     
   356071.68998638313     
   502165.46011599770     
   466078.57392910705     
   334914.59283071954     
   410328.20564643404     
   311133.60133909027     
   383829.64461535774     
   347819.66030520422     
   443696.81574012520     
   456753.26788025833     
   395103.04268418252     
   389534.68780898518     
   421368.44500051683     
   396245.37123280391     
   344839.06306193990     
   298317.55737578729     
   385163.82215820829     
   305043.61719885643     
   388428.24051985028     
   310960.25236318778     
   396994.18270275346     
   385349.72069202317     
   346916.90172152669     
   302119.96722078865     
   374750.78493374056     
   397862.95429881645     
   319193.23401546251     
   304560.01711865206     
   318181.56162814231     
   329229.50971642113     
   468451.80644215184     
   357883.36997190228     
   343363.53169432550     
   326252.91076903977     
   286803.16719913611     
   296685.75162085844     
   445797.41755587130     
   303499.97962182399     
   310019.60585288069     
   281603.51025060349     
   484164.96988792537     
   421347.06338925759     
   359960.65889786510     
   364613.82733296388     
   362657.07001243084     
   303522.86035120534     
   359421.34631661855     
   352525.78838111734     
   351269.39137917908     
   313102.02157850296     
   321142.11795975844     
   402381.29193419300     
   326725.70321872621     
   350486.61977593583     
   291807.47677033051     
   322074.75280145218     
   316442.30506236124     
   299533.96013762109     
   398432.45020651974     
   308610.48470983299     
   310725.92701807595     
   338022.98521072319     
   318729.59620674589     
   306474.18381211825     
   342671.73271845694     
   368848.15502663993     
   308082.86771234492     
   297338.22906240256     
   323465.86518316827     
