 140   20   20     8.9448891  0.206992E+09
 100  100   20     8.9448891  0.206992E+09
 110   90   10     8.9229384  0.208999E+09
 130   50   30     8.9229384  0.699057E+08
 140   20    0     8.8567600  0.172676E+09
 100  100    0     8.8567600  0.961964E+09
 100   80   60     8.8567600  0.716057E+08
 120   60   40     8.7677451  0.522153E-19
 130   50   10     8.7453498  0.109061E+09
 110   70   50     8.7453498  0.274155E+09
  80   80   80     8.6778171  0.799513E+07
 130   30   30     8.5640793  0.829776E+07
  90   90   50     8.5640793  0.578937E+09
 120   60   20     8.4951057  0.139087E+09
 100   80   40     8.4022603  0.236504E-19
 130   30   10     8.3788882  0.470230E+09
 110   70   30     8.3788882  0.772794E+09
  90   70   70     8.3788882  0.586499E+09
 120   40   40     8.3083773  0.108960E+09
 100   60   60     8.2134213  0.206992E+09
 130   10   10     8.1895103  0.105856E+09
 110   70   10     8.1895103  0.174243E+08
  90   90   30     8.1895103  0.164341E+09
 110   50   50     8.1895103  0.459617E+09
 100   80   20     8.1173546  0.195533E+05
 120   40   20     8.0201373  0.294962E-18
  80   80   60     8.0201373  0.167409E-20
  90   90   10     7.9956483  0.358157E+08
 120   40    0     7.9217270  0.546364E+09
 110   50   30     7.7969676  0.103981E+09
  90   70   50     7.7969676  0.189849E+09
 120   20   20     7.7211444  0.415971E+09
 100   60   40     7.7211444  0.327938E+09
 110   50   10     7.5930900  0.740816E+08
  70   70   70     7.5930900  0.119027E+10
 120    0    0     7.5152101  0.130703E+06
  80   80   40     7.5152101  0.265683E+09
 100   60   20     7.4100970  0.206992E+09
 110   30   30     7.3835850  0.109081E+07
  90   70   30     7.3835850  0.643643E+07
 100   60    0     7.3034714  0.535806E+09
  80   60   60     7.3034714  0.352799E+06
 100   40   40     7.1952658  0.142455E-19
  80   80   20     7.1952658  0.345863E-20
 110   30   10     7.1679592  0.393967E+09
  90   70   10     7.1679592  0.264621E+09
  90   50   50     7.1679592  0.994512E+06
  80   80    0     7.0854080  0.306707E+09
 110   10   10     6.9456426  0.147011E+09
  70   70   50     6.9456426  0.122220E+08
 100   40   20     6.8604168  0.903871E+08
  80   60   40     6.7451075  0.231247E-19
  90   50   30     6.7159708  0.104946E+09
 100   20   20     6.5083628  0.206992E+09
  60   60   60     6.5083628  0.206992E+09
  90   50   10     6.4781614  0.472154E+09
  70   70   30     6.4781614  0.599935E+08
 100   20    0     6.3867005  0.211576E+09
  80   60   20     6.3867005  0.641261E+08
  70   70   10     6.2312830  0.704889E+09
  90   30   30     6.2312830  0.461641E+09
  70   50   50     6.2312830  0.862169E+08
  80   40   40     6.1361433  0.489368E+09
  90   30   10     5.9742112  0.109989E+09
  60   60   40     5.8749099  0.104878E+09
  80   40   20     5.7398365  0.737668E-20
  90   10   10     5.7055685  0.691664E+08
  70   50   30     5.7055685  0.421352E+09
  80   40    0     5.6015068  0.260599E+07
  60   60   20     5.4596735  0.206992E+09
  70   50   10     5.4236357  0.131024E+09
  50   50   50     5.4236357  0.824321E+09
  80   20   20     5.3140560  0.275883E+09
  60   60    0     5.3140560  0.233461E+09
  60   40   40     5.1643341  0.423480E-20
  70   30   30     5.1262205  0.100923E+10
  80    0    0     5.0101400  0.103674E+10
  70   30   10     4.8104520  0.420265E+05
  50   50   30     4.8104520  0.305181E+09
  60   40   20     4.6865569  0.268687E+07
  70   10   10     4.4724446  0.345930E+09
  50   50   10     4.4724446  0.178157E+07
  40   40   40     4.3389085  0.896587E+07
  60   20   20     4.1541887  0.206992E+09
  50   30   30     4.1067107  0.387866E+08
  60   20    0     3.9608635  0.445903E+08
  40   40   20     3.7576050  0.195596E-19
  50   30   10     3.7050485  0.158163E+09
  40   40    0     3.5427040  0.135477E+10
  50   10   10     3.2541814  0.376248E+09
  30   30   30     3.2541814  0.251367E+08
  40   20   20     3.0680717  0.484789E+08
  30   30   10     2.7298368  0.567290E+09
  40    0    0     2.5050700  0.170855E+09
