tried moves    experiment_1   _      experiment_2    _                                                                                                                                                                                                                                                                                                                                                                                                                                                                          
        0   174579   0.125E+02   0.149E+05   0.110E+03   0.115E+06
  OPTIMIZATION STUFF
      174579  -132.849671156459        109620.194080632     
   303.267470979418       -436.117142135877     
        0   175069  -0.501E+01   0.208E+05  -0.219E+02   0.209E+06
  OPTIMIZATION STUFF
      175069  -284.399968646110        301840.774977940     
   470.061094765384       -754.461063411494     
        0   175820  -0.195E+01   0.145E+05  -0.319E+01   0.225E+06
  OPTIMIZATION STUFF
      175820  -324.448680899431        342017.177664790     
   486.569862535083       -811.018543434514     
        0   174532  -0.479E+01   0.998E+04  -0.703E+02   0.216E+06
  OPTIMIZATION STUFF
      174532  -258.639442361862        238959.333463827     
   414.807150756315       -673.446593118176     
        0   174704  -0.530E+00   0.523E+04  -0.936E+01   0.128E+06
  OPTIMIZATION STUFF
      174704  -112.163334855910        67812.5784527876     
   235.014818185553       -347.178153041463     
        0   175948  -0.542E-01   0.122E+04   0.444E+00   0.516E+05
  OPTIMIZATION STUFF
      175948  -62.9301533859343        13352.6598628264     
   96.9146823636605       -159.844835749595     
        0   174216   0.754E-02   0.475E+03   0.150E+01   0.220E+05
  OPTIMIZATION STUFF
      174216  -39.9929879619202        4261.89211116194     
   51.5989634105148       -91.5919513724350     
        0   175424  -0.950E-01   0.168E+03  -0.312E+01   0.892E+04
  OPTIMIZATION STUFF
      175424  -27.4990120866165        1764.43857585118     
   31.7528409770102       -59.2518530636267     
        0   171861  -0.455E-01   0.148E+07  -0.205E+01   0.639E+08
  OPTIMIZATION STUFF
      171861  -8565.67106822782        11530336151.3490     
   107037.215166034       -115602.886234262     
        0   173847   0.355E-02   0.577E+02   0.973E+00   0.321E+04
  OPTIMIZATION STUFF
      173847  -15.8532599370082        522.247120120270     
   16.4596861905056       -32.3129461275138     
        0   174355   0.101E-01   0.438E+02  -0.312E+00   0.222E+04
  OPTIMIZATION STUFF
      174355  -14.5388087624298        423.120941054904     
   14.5514253880642       -29.0902341504940     
        0   177136  -0.162E-01   0.473E+02  -0.111E+01   0.212E+04
  OPTIMIZATION STUFF
      177136  -13.7788604165346        377.403080880511     
   13.6947466753557       -27.4736070918903     
