tried moves    experiment_1   _      experiment_2    _                                                                                                                                                                                                                                                                                                                                                                                                                                                                          
        0   256042   0.250E+02   0.187E+10   0.743E+02   0.205E+11
  OPTIMIZATION STUFF
      256042   366426.82274401520        40896226877524.352     
   6384509.2419933164       -6018082.4192493008     
        0   261162  -0.862E+01   0.358E+05   0.196E+02   0.162E+06
  OPTIMIZATION STUFF
      261162  -79.413891700323475        44483.629139035438     
   195.38951595222485       -274.80340765254834     
        0   261868   0.744E+01   0.538E+05   0.718E+02   0.365E+06
  OPTIMIZATION STUFF
      261868  -207.98382028600324        150685.23554236526     
   327.76205704993487       -535.74587733593808     
        0   261035  -0.772E+01   0.479E+05  -0.242E+02   0.398E+06
  OPTIMIZATION STUFF
      261035  -275.73168743722755        222500.29134350104     
   382.71703370312656       -658.44872114035411     
        0   260686   0.225E+02   0.583E+05   0.280E+03   0.584E+06
  OPTIMIZATION STUFF
      260686  -358.86592463713123        375648.89628781314     
   496.85424867072436       -855.72017330785559     
        0   258859  -0.206E+02   0.420E+05  -0.203E+03   0.486E+06
  OPTIMIZATION STUFF
      258859  -376.78773117027129        370696.71079707594     
   478.25486556504086       -855.04259673531215     
        0   257380  -0.145E+02   0.449E+05  -0.174E+03   0.615E+06
  OPTIMIZATION STUFF
      257380  -314.99937591764967        283866.16437974968     
   429.69938044083904       -744.69875635848871     
        0   257426   0.259E+01   0.253E+05   0.555E+02   0.398E+06
  OPTIMIZATION STUFF
      257426  -158.33015873084486        78046.549260415020     
   230.16974192252223       -388.49990065336709     
        0   257555  -0.428E+01   0.949E+04  -0.712E+02   0.174E+06
  OPTIMIZATION STUFF
      257555  -91.279276441836501        22470.089166242578     
   118.90409100824651       -210.18336745008301     
        0   258091  -0.109E+01   0.303E+04  -0.198E+02   0.646E+05
  OPTIMIZATION STUFF
      258091  -55.217527478340564        6732.0863339832267     
   60.688639737284703       -115.90616721562526     
        0   257645   0.774E-01   0.158E+04   0.419E+01   0.374E+05
  OPTIMIZATION STUFF
      257645  -40.857133647477596        3487.4227222830746     
   42.639387336067912       -83.496520983545508     
        0   257461  -0.284E+00   0.830E+03  -0.674E+01   0.218E+05
  OPTIMIZATION STUFF
      257461  -31.928503230058784        2025.6982976728953     
   31.721743003199258       -63.650246233258045     
        0   257196  -0.989E-01   0.527E+03  -0.285E+01   0.143E+05
  OPTIMIZATION STUFF
      257196  -26.595512750364552        1344.6594745104876     
   25.245557550897626       -51.841070301262178     
        0   257301   0.611E-01   0.416E+03   0.270E+01   0.123E+05
  OPTIMIZATION STUFF
      257301  -22.647192741705524        951.04992127937146     
   20.932142322261523       -43.579335063967051     
        0   257367  -0.134E+00   0.307E+03  -0.406E+01   0.935E+04
  OPTIMIZATION STUFF
      257367  -19.859946774797233        712.01956221956198     
   17.821393781682254       -37.681340556479483     
        0   257160  -0.239E-01   0.216E+03  -0.641E+00   0.694E+04
  OPTIMIZATION STUFF
      257160  -17.378559922032835        533.19752544878111     
   15.204709154899847       -32.583269076932680     
        0   257277  -0.366E-01   0.158E+03  -0.118E+01   0.486E+04
  OPTIMIZATION STUFF
      257277  -15.898817065347078        436.51736253473319     
   13.555256488069922       -29.454073553417000     
        0   257271  -0.300E-01   0.105E+03  -0.851E+00   0.327E+04
  OPTIMIZATION STUFF
      257271  -13.890695823676904        324.31625393526616     
   11.461449448885215       -25.352145272562119     
        0   257006   0.312E-01   0.113E+03   0.127E+01   0.343E+04
  OPTIMIZATION STUFF
      257006  -13.417717630188578        299.65300386877544     
   10.936994901036666       -24.354712531225246     
        0   256586  -0.178E-01   0.356E+07  -0.695E+00   0.124E+09
  OPTIMIZATION STUFF
      256586  -5606.3693200932285        6513641652.8338366     
   80512.174705944650       -86118.544026037882     
        0   256687  -0.152E-01   0.848E+02  -0.514E+00   0.286E+04
  OPTIMIZATION STUFF
      256687  -11.563004193988061        216.88474113337807     
   9.1203988478132132       -20.683403041801274     
        0   253943   0.452E-02   0.737E+02  -0.510E-01   0.234E+04
  OPTIMIZATION STUFF
      253943  -11.085608689804197        197.08499693319189     
   8.6136099812871478       -19.699218671091344     
        0   256505  -0.668E-02   0.760E+02  -0.139E+00   0.251E+04
  OPTIMIZATION STUFF
      256505  -10.936690090797663        191.32213300592846     
   8.4682313893620478       -19.404921480159711     
        0   256450   0.529E-02   0.623E+02  -0.486E-03   0.195E+04
  OPTIMIZATION STUFF
      256450  -10.348267541033101        169.05191699567490     
   7.8718025823108420       -18.220070123343945     
        0   257226  -0.957E-04   0.630E+02   0.205E+00   0.191E+04
  OPTIMIZATION STUFF
      257226  -10.068841603671993        159.51420440179149     
   7.6244759270362641       -17.693317530708256     
        0   256646  -0.221E-01   0.586E+02  -0.772E+00   0.184E+04
  OPTIMIZATION STUFF
      256646  -10.019185290404097        157.14753831119518     
   7.5341531991156998       -17.553338489519795     
        0   256487   0.603E-03   0.566E+02   0.370E-01   0.164E+04
  OPTIMIZATION STUFF
      256487  -9.6597631501948218        145.16974996298106     
   7.2013002884978530       -16.861063438692675     
        0   256688   0.379E-02   0.585E+02   0.188E-01   0.187E+04
  OPTIMIZATION STUFF
      256688  -9.5717641640696911        142.39714994117384     
   7.1259020992857520       -16.697666263355444     
        0   256681   0.332E-03   0.549E+02  -0.497E-01   0.169E+04
  OPTIMIZATION STUFF
      256681  -9.5404902599650807        141.02176646329755     
   7.0711252331442251       -16.611615493109305     
        0   256386  -0.237E-02   0.584E+02  -0.373E-02   0.180E+04
  OPTIMIZATION STUFF
      256386  -9.3940497972070407        136.29765926514358     
   6.9317737753577866       -16.325823572564829     
        0   256757   0.154E-02   0.534E+02  -0.470E-01   0.150E+04
  OPTIMIZATION STUFF
      256757  -9.2351682025791373        131.33781630526892     
   6.7859770538471569       -16.021145256426294     
        0   256693  -0.184E-02   0.564E+02   0.479E-02   0.159E+04
  OPTIMIZATION STUFF
      256693  -9.3475351259740229        134.76383876520643     
   6.8838525430087651       -16.231387668982787     
        0   256852   0.949E-03   0.491E+02  -0.179E-01   0.134E+04
  OPTIMIZATION STUFF
      256852  -9.2692760837351837        131.70184850039783     
   6.7662670198487413       -16.035543103583926     
        0   256157   0.356E-02   0.516E+02   0.103E+00   0.148E+04
  OPTIMIZATION STUFF
      256157  -9.0757997762219897        126.07389437351671     
   6.6108813932368804       -15.686681169458870     
        0   256188  -0.234E-02   0.524E+02  -0.437E-01   0.143E+04
  OPTIMIZATION STUFF
      256188  -9.1692034383311984        128.89347688035355     
   6.6947132266325546       -15.863916664963753     
        0   256399   0.606E-02   0.554E+02   0.842E-01   0.154E+04
  OPTIMIZATION STUFF
      256399  -9.0047648511573417        123.99430947713277     
   6.5504594840739285       -15.555224335231269     
        0   256375  -0.721E-02   0.573E+02  -0.128E+00   0.155E+04
  OPTIMIZATION STUFF
      256375  -9.0588855468700871        125.48368054964475     
   6.5894061339663219       -15.648291680836408     
        0   256311  -0.187E-02   0.647E+02  -0.182E+00   0.168E+04
  OPTIMIZATION STUFF
      256311  -9.0045705405646341        124.24543817874741     
   6.5698666317317995       -15.574437172296435     
        0   256294  -0.162E-02   0.546E+02  -0.196E-01   0.141E+04
  OPTIMIZATION STUFF
      256294  -8.9112411759843546        121.11646481007361     
   6.4580372802821904       -15.369278456266546     
        0   256516   0.457E-02   0.536E+02   0.559E-01   0.138E+04
  OPTIMIZATION STUFF
      256516  -8.9718122016177393        122.80167087430533     
   6.5044797403949515       -15.476291942012690     
        0   256234  -0.517E-02   0.549E+02  -0.129E+00   0.143E+04
  OPTIMIZATION STUFF
      256234  -8.9160526830599309        121.19293606813214     
   6.4573168282988824       -15.373369511358813     
        0   256237   0.651E-02   0.567E+02   0.150E+00   0.146E+04
  OPTIMIZATION STUFF
      256237  -8.8621207936292610        119.53056690925088     
   6.4026074335675744       -15.264728227196835     
        0   256571   0.390E-02   0.588E+02   0.223E-01   0.151E+04
  OPTIMIZATION STUFF
      256571  -8.9479083241882673        121.96598814099882     
   6.4730923647759839       -15.421000688964252     
        0   256613  -0.851E-02   0.594E+02  -0.183E+00   0.149E+04
  OPTIMIZATION STUFF
      256613  -8.8839064197713391        120.11469385879150     
   6.4180137568828171       -15.301920176654157     
        0   256349  -0.303E-02   0.579E+02  -0.125E+00   0.144E+04
  OPTIMIZATION STUFF
      256349  -8.8245791999262408        118.37306190124099     
   6.3639503333597860       -15.188529533286026     
        0   253880   0.628E-02   0.524E+02   0.234E+00   0.131E+04
  OPTIMIZATION STUFF
      253880  -8.7903325623929831        117.30409604173798     
   6.3272544981430610       -15.117587060536044     
        0   256376   0.110E-01   0.497E+02   0.245E+00   0.115E+04
  OPTIMIZATION STUFF
      256376  -8.7189029834179177        114.92049689707693     
   6.2370848689770977       -14.955987852395015     
        0   256911  -0.110E-01   0.500E+02  -0.264E+00   0.118E+04
  OPTIMIZATION STUFF
      256911  -8.7158916366852157        114.81255751663082     
   6.2326391275439281       -14.948530764229144     
        0   256556   0.993E-02   0.553E+02   0.164E+00   0.139E+04
  OPTIMIZATION STUFF
      256556  -8.9591874759595935        122.07468185228613     
   6.4658828958538139       -15.425070371813408     
        0   256353  -0.160E-02   0.535E+02  -0.542E-02   0.128E+04
  OPTIMIZATION STUFF
      256353  -8.7424032102626441        115.77196458575590     
   6.2723481005876351       -15.014751310850279     
        0   256314  -0.164E-01   0.491E+02  -0.382E+00   0.115E+04
  OPTIMIZATION STUFF
      256314  -8.7003139541734082        114.29819805747756     
   6.2131099423954375       -14.913423896568846     
        0   256602   0.370E-02   0.561E+02   0.237E-02   0.136E+04
  OPTIMIZATION STUFF
      256602  -8.7371326512436092        115.37483352090902     
   6.2479874003939742       -14.985120051637583     
        0   256390   0.249E-02   0.548E+02   0.110E+00   0.129E+04
  OPTIMIZATION STUFF
      256390  -8.7403922209398761        115.51428002054075     
   6.2545842263634484       -14.994976447303324     
        0   256020   0.330E-02   0.549E+02  -0.584E-01   0.124E+04
  OPTIMIZATION STUFF
      256020  -8.6447614412247908        112.71069629065465     
   6.1626938845741588       -14.807455325798950     
        0   256400   0.426E-02   0.531E+02   0.160E+00   0.120E+04
  OPTIMIZATION STUFF
      256400  -8.7619232771637954        115.86652047362827     
   6.2526171287488514       -15.014540405912648     
        0   255912  -0.191E-01   0.569E+02  -0.383E+00   0.132E+04
  OPTIMIZATION STUFF
      255912  -8.6698003349893966        113.42320514572404     
   6.1852863553065820       -14.855086690295979     
        0   256468   0.167E-01   0.486E+02   0.316E+00   0.108E+04
  OPTIMIZATION STUFF
      256468  -8.5839042527269651        111.01773388031185     
   6.1101818025593779       -14.694086055286343     
        0   254861   0.483E-02   0.600E+02   0.163E+00   0.128E+04
  OPTIMIZATION STUFF
      254861  -8.6849169392427097        114.23155153119116     
   6.2292671551030940       -14.914184094345803     
        0   256673  -0.929E-02   0.529E+02  -0.278E+00   0.115E+04
  OPTIMIZATION STUFF
      256673  -8.7313230532923214        115.05871577316540     
   6.2307875515227966       -14.962110604815118     
        0   256256   0.480E-02   0.515E+02   0.577E-01   0.114E+04
  OPTIMIZATION STUFF
      256256  -8.6464403631538680        112.52140108488079     
   6.1449548518524040       -14.791395215006272     
        0   256457  -0.832E-02   0.540E+02  -0.162E+00   0.123E+04
  OPTIMIZATION STUFF
      256457  -8.7779815774200571        116.46184780718207     
   6.2776498176989897       -15.055631395119047     
        0   256184   0.195E-01   0.604E+02   0.523E+00   0.138E+04
  OPTIMIZATION STUFF
      256184  -8.8196572499976504        117.78298342001125     
   6.3242888463901723       -15.143946096387822     
        0   255749  -0.130E-01   0.583E+02  -0.353E+00   0.122E+04
  OPTIMIZATION STUFF
      255749  -8.6717420375082188        113.51674367602151     
   6.1901238849423939       -14.861865922450612     
        0   256414   0.403E-02   0.610E+02   0.419E-01   0.138E+04
  OPTIMIZATION STUFF
      256414  -8.7083184213144875        114.61823956277783     
   6.2276343691463278       -14.935952790460815     
        0   256411   0.290E-04   0.512E+02  -0.253E-02   0.109E+04
  OPTIMIZATION STUFF
      256411  -8.6542051038097405        112.85867766638965     
   6.1614455842426370       -14.815650688052378     
        0   256468  -0.105E-01   0.629E+02  -0.257E+00   0.138E+04
  OPTIMIZATION STUFF
      256468  -8.6888184919102596        114.07855028663077     
   6.2115202246526655       -14.900338716562924     
        0   256345   0.141E-01   0.526E+02   0.281E+00   0.112E+04
  OPTIMIZATION STUFF
      256345  -8.7166100507493756        114.85315699384829     
   6.2348910348957389       -14.951501085645114     
        0   256083   0.121E-03   0.566E+02   0.387E-01   0.115E+04
  OPTIMIZATION STUFF
      256083  -8.7357277762601733        115.10667480056280     
   6.2284616896661804       -14.964189465926353     
        0   256688  -0.731E-02   0.621E+02  -0.134E+00   0.136E+04
  OPTIMIZATION STUFF
      256688  -8.7266684959107756        115.18502163788541     
   6.2474217562418319       -14.974090252152607     
        0   256608   0.367E-02   0.567E+02   0.390E-01   0.116E+04
  OPTIMIZATION STUFF
      256608  -8.7035358023585232        114.39728442484842     
   6.2165705145129504       -14.920106316871474     
        0   256403  -0.200E-02   0.667E+02  -0.100E+00   0.137E+04
  OPTIMIZATION STUFF
      256403  -8.6942789166058390        114.15824084659563     
   6.2102942737730897       -14.904573190378930     
        0   256959  -0.538E-02   0.601E+02  -0.116E+00   0.121E+04
  OPTIMIZATION STUFF
      256959  -8.6970392779895747        114.12640698121344     
   6.2038628916442065       -14.900902169633781     
        0   256651   0.791E-02   0.384E+07   0.112E+00   0.783E+08
  OPTIMIZATION STUFF
      256651  -5579.5820440037569        5979707645.2386312     
   77127.011542343986       -82706.593586347735     
        0   255543  -0.722E-02   0.532E+02  -0.101E+00   0.108E+04
  OPTIMIZATION STUFF
      255543  -8.6447214560666499        112.42001103360093     
   6.1391206194879278       -14.783842075554578     
        0   254601   0.943E-02   0.533E+02   0.211E+00   0.103E+04
  OPTIMIZATION STUFF
      254601  -8.5865783576312147        110.96435693076782     
   6.1020512157000990       -14.688629573331314     
        0   256497  -0.780E-02   0.558E+02  -0.204E+00   0.111E+04
  OPTIMIZATION STUFF
      256497  -8.7124919505021126        114.48753597493734     
   6.2112816702652625       -14.923773620767374     
        0   256278   0.861E-02   0.575E+02   0.167E+00   0.115E+04
  OPTIMIZATION STUFF
      256278  -8.7239432790030840        114.78590445861703     
   6.2192216653978454       -14.943164944400930     
        0   256803   0.741E-02   0.673E+02   0.188E+00   0.133E+04
  OPTIMIZATION STUFF
      256803  -8.7592097628111585        116.07162439133010     
   6.2727879545225971       -15.031997717333756     
        0   256170  -0.125E-01   0.602E+02  -0.266E+00   0.118E+04
  OPTIMIZATION STUFF
      256170  -8.7017561359749056        114.23725212237390     
   6.2061817788715290       -14.907937914846435     
        0   256480  -0.422E-02   0.600E+02  -0.126E+00   0.115E+04
  OPTIMIZATION STUFF
      256480  -8.6631146513035358        112.92437054255079     
   6.1542517888790353       -14.817366440182571     
        0   256480   0.497E-02   0.635E+02   0.708E-01   0.128E+04
  OPTIMIZATION STUFF
      256480  -8.6215707264039150        112.06810642161540     
   6.1430142952161901       -14.764585021620105     
        0   256938   0.450E-04   0.552E+02   0.289E-01   0.101E+04
  OPTIMIZATION STUFF
      256938  -8.5521370934636298        109.85859034471548     
   6.0596651293053263       -14.611802222768956     
        0   256546   0.465E-02   0.612E+02   0.613E-01   0.113E+04
  OPTIMIZATION STUFF
      256546  -8.6198465262297503        111.85085587316223     
   6.1277321855158737       -14.747578711745625     
        0   256683   0.160E-01   0.510E+02   0.335E+00   0.932E+03
  OPTIMIZATION STUFF
      256683  -8.6456204804839629        112.45946563222503     
   6.1410676709885941       -14.786688151472557     
        0   256616  -0.111E-01   0.565E+02  -0.303E+00   0.106E+04
  OPTIMIZATION STUFF
      256616  -8.7184527448894809        114.40095428474866     
   6.1959289876400083       -14.914381732529488     
        0   256898   0.117E-02   0.600E+02   0.655E-01   0.107E+04
  OPTIMIZATION STUFF
      256898  -8.6752136182128190        113.34101781462169     
   6.1710360955836698       -14.846249713796489     
        0   255841  -0.181E-01   0.630E+02  -0.322E+00   0.115E+04
  OPTIMIZATION STUFF
      255841  -8.6181637859620537        111.90595249943249     
   6.1345908957129884       -14.752754681675043     
        0   257050   0.445E-02   0.575E+02   0.584E-01   0.105E+04
  OPTIMIZATION STUFF
      257050  -8.6114047314971778        111.50811680532635     
   6.1116139730577208       -14.723018704554899     
        0   256898   0.462E-02   0.503E+02   0.647E-01   0.913E+03
  OPTIMIZATION STUFF
      256898  -8.6139826661421761        111.36802840651738     
   6.0965015405492604       -14.710484206691437     
        0   256855   0.453E-02   0.667E+02   0.135E+00   0.124E+04
  OPTIMIZATION STUFF
      256855  -8.6786388809097623        113.81161874035232     
   6.2042603036231210       -14.882899184532883     
        0   256570  -0.448E-02   0.665E+02  -0.136E+00   0.123E+04
  OPTIMIZATION STUFF
      256570  -8.6595474807292998        113.04214798555243     
   6.1688236653795894       -14.828371146108889     
        0   256733   0.208E-02   0.666E+02  -0.341E-01   0.125E+04
  OPTIMIZATION STUFF
      256733  -8.6470435503444953        112.84955191400076     
   6.1707527703227925       -14.817796320667288     
        0   256584   0.445E-02   0.583E+02   0.171E+00   0.106E+04
  OPTIMIZATION STUFF
      256584  -8.6604540003159070        112.78954783093540     
   6.1470386642144694       -14.807492664530375     
        0   256503   0.244E-02   0.616E+02   0.431E-01   0.109E+04
  OPTIMIZATION STUFF
      256503  -8.6762430855322279        113.33684409869272     
   6.1692503612227423       -14.845493446754970     
        0   256643  -0.150E-01   0.623E+02  -0.307E+00   0.110E+04
  OPTIMIZATION STUFF
      256643  -8.6510779145029613        112.79888397757382     
   6.1609848964895955       -14.812062810992558     
        0   256404   0.102E-01   0.608E+02   0.203E+00   0.113E+04
  OPTIMIZATION STUFF
      256404  -8.6513260050162550        112.78184992323720     
   6.1592538734952873       -14.810579878511543     
        0   256790   0.748E-02   0.545E+02   0.133E+00   0.100E+04
  OPTIMIZATION STUFF
      256790  -8.5518501038934573        109.61196501554258     
   6.0396874766895055       -14.591537580582962     
        0   257078  -0.169E-01   0.671E+02  -0.324E+00   0.118E+04
  OPTIMIZATION STUFF
      257078  -8.6486249528736998        112.64951423908200     
   6.1523004367157164       -14.800925389589416     
        0   256905   0.212E-01   0.619E+02   0.375E+00   0.105E+04
  OPTIMIZATION STUFF
      256905  -8.6777005588352640        113.50641877508716     
   6.1809329220011193       -14.858633480836383     
        0   257013   0.173E-02   0.612E+02   0.882E-02   0.110E+04
  OPTIMIZATION STUFF
      257013  -8.6226073289260210        111.79421800210478     
   6.1192206083173746       -14.741827937243396     
        0   256823  -0.497E-02   0.667E+02  -0.640E-01   0.116E+04
  OPTIMIZATION STUFF
      256823  -8.5891947317174253        111.06667590875060     
   6.1067511632117633       -14.695945894929189     
        0   256720  -0.124E-01   0.718E+02  -0.227E+00   0.123E+04
  OPTIMIZATION STUFF
      256720  -8.7629392201836414        115.88850509781977     
   6.2529514088298406       -15.015890629013482     
        0   256242  -0.765E-02   0.672E+02  -0.166E+00   0.116E+04
  OPTIMIZATION STUFF
      256242  -8.7379382412209239        115.29538042784186     
   6.2404980346484251       -14.978436275869349     
        0   256131   0.140E-01   0.734E+02   0.193E+00   0.127E+04
  OPTIMIZATION STUFF
      256131  -8.7269672047548212        115.26018483765644     
   6.2530175311436844       -14.979984735898505     
        0   256557  -0.722E-02   0.545E+02  -0.118E+00   0.937E+03
  OPTIMIZATION STUFF
      256557  -8.6944863699441886        113.59933965494677     
   6.1648395289578710       -14.859325898902060     
        0   256650   0.332E-02   0.566E+02   0.521E-01   0.954E+03
  OPTIMIZATION STUFF
      256650  -8.6576900747072205        112.71221138257944     
   6.1446410760023662       -14.802331150709588     
        0   256246   0.246E-02   0.618E+02   0.532E-01   0.104E+04
  OPTIMIZATION STUFF
      256246  -8.6403051822096693        112.11748363417732     
   6.1206707142647412       -14.760975896474410     
        0   256104  -0.239E-02   0.578E+02  -0.409E-01   0.955E+03
  OPTIMIZATION STUFF
      256104  -8.5543728573259354        109.75897307478364     
   6.0482789364106671       -14.602651793736602     
        0   254274  -0.417E-02   0.649E+02  -0.611E-01   0.111E+04
  OPTIMIZATION STUFF
      254274  -8.6789615617144946        113.25362130304691     
   6.1586725447395896       -14.837634106454084     
        0   255328   0.203E-01   0.662E+02   0.318E+00   0.112E+04
  OPTIMIZATION STUFF
      255328  -8.6710077280259625        113.30580521175776     
   6.1740934712937241       -14.845101199319686     
        0   256305  -0.114E-01   0.640E+02  -0.221E+00   0.110E+04
  OPTIMIZATION STUFF
      256305  -8.6551443673483615        112.76054385032681     
   6.1521557059850771       -14.807300073333439     
        0   256373  -0.766E-02   0.590E+02  -0.138E+00   0.950E+03
  OPTIMIZATION STUFF
      256373  -8.6169423291421463        111.50056046409748     
   6.1031848538558782       -14.720127182998024     
        0   255504  -0.233E-02   0.646E+02   0.158E-01   0.107E+04
  OPTIMIZATION STUFF
      255504  -8.6659653297380554        113.28226002115532     
   6.1792641086891020       -14.845229438427157     
        0   256104  -0.495E-03   0.577E+02  -0.298E-01   0.977E+03
  OPTIMIZATION STUFF
      256104  -8.6607205418695834        113.04490864968987     
   6.1674004528105764       -14.828120994680159     
        0   255206   0.378E-02   0.641E+02   0.599E-03   0.109E+04
  OPTIMIZATION STUFF
      255206  -8.6926765403951478        113.96255041833335     
   6.1967673009721125       -14.889443841367260     
        0   255905   0.118E-02   0.650E+02   0.480E-01   0.103E+04
  OPTIMIZATION STUFF
      255905  -8.6000567841695101        111.25796245245019     
   6.1071258183789014       -14.707182602548411     
        0   255678   0.273E-02   0.659E+02   0.322E-01   0.107E+04
  OPTIMIZATION STUFF
      255678  -8.7093628488241812        114.31460806072840     
   6.2017422413584349       -14.911105090182616     
        0   255574   0.104E-01   0.703E+02   0.165E+00   0.113E+04
  OPTIMIZATION STUFF
      255574  -8.7099470576416174        114.36772918765362     
   6.2052035777026484       -14.915150635344265     
        0   255726  -0.108E-01   0.663E+02  -0.162E+00   0.110E+04
  OPTIMIZATION STUFF
      255726  -8.6772256883687060        113.38925138821031     
   6.1721151756366748       -14.849340864005381     
        0   255573   0.917E-03   0.592E+02   0.526E-01   0.911E+03
  OPTIMIZATION STUFF
      255573  -8.5590206524332526        109.94405064765085     
   6.0569972856913115       -14.616017938124564     
