   25429273.082806673     
   28299107.762771696     
   49058169.104757793     
   40733276.168052308     
   119639925.26645288     
   61678349.821094811     
   13080622.268669965     
   28028913.959267959     
   8589916.7036745083     
   3205132.2427114034     
   4304518.8086395878     
   2495801.0428090449     
   1738196.9397245857     
   2447810.5693128016     
   1367357.9582043940     
   1196327.9178537922     
   882948.99171777884     
   656457.21091819566     
   991955.38692459441     
   809178.05693990015     
   673186.04617910681     
   661405.99801919132     
   624106.13969013270     
   625338.86297838273     
   677941.60427926993     
   474041.93915020139     
   483685.50585305470     
   489474.42002616310     
   476761.34896884032     
   475226.32681150991     
   463561.12983015756     
   464305.37427765812     
   459974.44557750475     
   487206.80494686175     
   475429.93944641424     
   498554.07977023412     
   463907.75407517818     
   416731.81516341935     
   411298.50763372472     
   426793.32455607690     
   392527.73413118254     
   432518.45019643893     
   439215.58518065035     
   390141.09160030354     
   357302.53304425452     
   418418.32940708159     
   484065.69207779941     
   413484.78998290794     
   458137.97000865091     
   456328.79883098835     
   354162.74003140366     
   355707.90414615982     
   384653.08602751978     
   370518.52656515408     
   412519.98051728535     
   309612.22687888826     
   394926.57178772613     
   437579.13399168360     
   363965.48425513087     
   379990.69934480672     
   336257.20739920571     
   475162.87224348227     
   381491.17394423921     
   393250.04713324603     
   392621.00896322547     
   323910.09196778765     
   399566.32177405059     
   409492.76399395539     
   373167.83848423802     
   384109.85761187796     
   357870.28532425128     
   326761.25374923181     
   357609.74094624643     
   329837.79279289267     
   385889.49850277149     
   331656.23502423224     
   376690.46804238652     
   426845.13488797419     
   355521.92065318197     
   322079.75912806334     
   341518.07324040885     
   348934.29135105992     
   365852.05334972712     
   456016.67483311018     
   375372.84791122808     
   392485.36906901316     
   305439.20808824344     
   321568.06776945636     
   339377.34245861735     
   375237.10226333590     
   339318.02358304977     
   331088.20664415782     
   376034.89332254673     
   387714.66083129839     
   305041.38080583193     
   359623.61874616711     
   395601.84798678732     
   308030.72759179794     
   409837.58046330733     
   412561.99384294089     
   394811.01430546859     
   333468.64118528710     
   289040.66830886854     
   342096.86889242416     
   310048.33717467723     
   324287.45566639595     
   338541.12315471988     
   327429.48147247703     
   310841.53668692731     
   397295.41595215013     
   337776.45767195086     
   300427.45446788979     
   303882.88612500258     
   296130.30987399293     
   297237.02459469711     
   309837.22934452392     
   318776.16472817695     
   363477.96416821383     
   319285.82081006630     
   332991.79049084813     
