tried moves    experiment_1   _      experiment_2    _                                                                                                                                                                                                                                                                                                                                                                                                                                                                          
        0    93686   0.760E+02   0.241E+10   0.174E+03   0.311E+11
  OPTIMIZATION STUFF
       93686   595681.95002026076        39645175897580.312     
   6268200.6119779199       -5672518.6619576588     
        0    95330   0.332E+02   0.461E+05   0.957E+02   0.115E+06
  OPTIMIZATION STUFF
       95330  -7.0669225489768186        7139.9089838275386     
   84.201945283433332       -91.268867832410152     
        0    95329  -0.460E+00   0.645E+05   0.164E+02   0.167E+06
  OPTIMIZATION STUFF
       95329  -20.020699665607804        13948.799243668558     
   116.39575090426665       -136.41645056987446     
        0    95249  -0.158E+02   0.667E+05  -0.314E+02   0.181E+06
  OPTIMIZATION STUFF
       95249  -27.378491679907320        17176.023369313618     
   128.16568012789875       -155.54417180780607     
        0    95523   0.345E+02   0.702E+05   0.787E+02   0.194E+06
  OPTIMIZATION STUFF
       95523  -34.864318456059749        20015.844664540116     
   137.11427337492827       -171.97859183098802     
        0    95428  -0.252E+02   0.935E+05  -0.366E+02   0.271E+06
  OPTIMIZATION STUFF
       95428  -46.065991787731726        29056.346314249291     
   164.11663753215859       -210.18262931989031     
        0    95446   0.533E+02   0.174E+06   0.167E+03   0.344E+06
  OPTIMIZATION STUFF
       95446  -59.104713110648554        36448.545452878177     
   181.53561177076554       -240.64032488141410     
        0    95536  -0.141E+02   0.952E+05  -0.328E+02   0.288E+06
  OPTIMIZATION STUFF
       95536  -68.549152462045868        40313.898375855766     
   188.71913541713505       -257.26828787918089     
        0    95633  -0.144E+02   0.850E+05  -0.395E+02   0.262E+06
  OPTIMIZATION STUFF
       95633  -85.140625671297528        51502.894330620358     
   210.36627151451904       -295.50689718581657     
        0    95556   0.544E+02   0.115E+06   0.175E+03   0.358E+06
  OPTIMIZATION STUFF
       95556  -100.81851156221623        64962.612603402427     
   234.09023971490504       -334.90875127712127     
        0    95668   0.240E+02   0.147E+06   0.777E+02   0.462E+06
  OPTIMIZATION STUFF
       95668  -117.99755880299654        76692.043555400014     
   250.53666332880979       -368.53422213180636     
        0    95696  -0.216E+02   0.156E+06  -0.695E+02   0.488E+06
  OPTIMIZATION STUFF
       95696  -138.85955884407676        96791.477308585178     
   278.40528052860918       -417.26483937268597     
        0    95629  -0.109E+02   0.120E+06  -0.386E+02   0.381E+06
  OPTIMIZATION STUFF
       95629  -160.34829051353969        112874.36031011696     
   295.23344329445882       -455.58173380799849     
        0    95708   0.409E+02   0.125E+06   0.170E+03   0.392E+06
  OPTIMIZATION STUFF
       95708  -164.29939958557401        108849.47122083182     
   286.10344023910602       -450.40283982468003     
        0    95788   0.366E+02   0.171E+06   0.106E+03   0.545E+06
  OPTIMIZATION STUFF
       95788  -184.95734076448227        132339.40644416847     
   313.25738385790629       -498.21472462238853     
        0    95838  -0.285E+02   0.135E+06  -0.107E+03   0.434E+06
  OPTIMIZATION STUFF
       95838  -220.06345755576231        167577.99661692430     
   345.18121511103050       -565.24467266679278     
        0    95806  -0.712E+01   0.179E+06  -0.287E+02   0.567E+06
  OPTIMIZATION STUFF
       95806  -249.74060799276424        207067.35796986459     
   380.39057124128226       -630.13117923404650     
        0    95666   0.918E+01   0.183E+06   0.145E+02   0.576E+06
  OPTIMIZATION STUFF
       95666  -270.88959469812784        226651.13097954055     
   391.49707337836458       -662.38666807649247     
        0    95684   0.117E+03   0.270E+06   0.434E+03   0.844E+06
  OPTIMIZATION STUFF
       95684  -300.71865718864024        274668.47779427946     
   429.22810603796734       -729.94676322660757     
        0    95826  -0.439E+01   0.237E+06   0.162E+02   0.773E+06
  OPTIMIZATION STUFF
       95826  -339.76233088352069        331848.17907837272     
   465.19860016015707       -804.96093104367776     
        0    95863  -0.164E+03   0.204E+06  -0.542E+03   0.688E+06
  OPTIMIZATION STUFF
       95863  -382.71139802180659        409319.25031365029     
   512.69019508651093       -895.40159310831746     
        0    95820   0.210E+01   0.191E+06   0.222E+02   0.701E+06
  OPTIMIZATION STUFF
       95820  -338.40239976089248        308428.05490995670     
   440.35425596447436       -778.75665572536684     
        0    95813  -0.229E+02   0.207E+06  -0.711E+02   0.769E+06
  OPTIMIZATION STUFF
       95813  -266.23958159422284        196241.51484877238     
   354.05931712257700       -620.29889871679984     
        0    95711   0.379E+02   0.209E+06   0.151E+03   0.811E+06
  OPTIMIZATION STUFF
       95711  -210.18709368281199        136983.41366126371     
   304.63880138688262       -514.82589506969464     
        0    95777  -0.576E+02   0.134E+06  -0.183E+03   0.527E+06
  OPTIMIZATION STUFF
       95777  -143.64528106260525        59726.359249026871     
   197.71796194952046       -341.36324301212574     
        0    95682  -0.895E+02   0.858E+05  -0.349E+03   0.358E+06
  OPTIMIZATION STUFF
       95682  -122.65909126611314        40577.810733379127     
   159.78910495759860       -282.44819622371176     
        0    95837   0.124E+02   0.873E+05   0.618E+02   0.372E+06
  OPTIMIZATION STUFF
       95837  -114.70839851815099        37466.253629410232     
   155.91099043624632       -270.61938895439732     
        0    95789   0.202E+02   0.952E+05   0.817E+02   0.423E+06
  OPTIMIZATION STUFF
       95789  -96.893681953001050        29110.599499424672     
   140.43579991232772       -237.32948186532877     
        0    95284  -0.460E+02   0.564E+05  -0.180E+03   0.263E+06
  OPTIMIZATION STUFF
       95284  -87.625057259179698        20113.177768361995     
   111.51245270680523       -199.13750996598492     
        0    95827   0.137E+02   0.293E+05   0.677E+02   0.139E+06
  OPTIMIZATION STUFF
       95827  -63.755685383041069        9675.3176763855536     
   74.903472934999726       -138.65915831804080     
        0    95833  -0.160E+02   0.293E+05  -0.770E+02   0.138E+06
  OPTIMIZATION STUFF
       95833  -57.118608456946824        7915.8444718815399     
   68.215167227117036       -125.33377568406385     
        0    95887  -0.118E+02   0.248E+05  -0.515E+02   0.127E+06
  OPTIMIZATION STUFF
       95887  -51.221732301962490        6351.6414155719422     
   61.057149913487073       -112.27888221544956     
        0    95811   0.253E+01   0.172E+05   0.864E+01   0.855E+05
  OPTIMIZATION STUFF
       95811  -44.294785989097640        4555.6406466636618     
   50.927522822573067       -95.222308811670700     
        0    95813  -0.691E+01   0.151E+05  -0.286E+02   0.793E+05
  OPTIMIZATION STUFF
       95813  -43.329364418069851        4197.1017347999277     
   48.162930910878231       -91.492295328948074     
        0    95851   0.251E+01   0.109E+05   0.149E+02   0.571E+05
  OPTIMIZATION STUFF
       95851  -35.676915845175550        2730.9082745954142     
   38.184629766067864       -73.861545611243415     
        0    95875   0.147E+00   0.984E+04   0.183E+00   0.501E+05
  OPTIMIZATION STUFF
       95875  -34.864331349240288        2567.5769325763172     
   36.770305032005076       -71.634636381245372     
        0    95751  -0.117E+01   0.752E+04  -0.459E+01   0.415E+05
  OPTIMIZATION STUFF
       95751  -30.575819905195790        1944.3273595859923     
   31.771789321834319       -62.347609227030105     
        0    95709   0.239E+01   0.676E+04   0.150E+02   0.373E+05
  OPTIMIZATION STUFF
       95709  -30.485186241504600        1900.7064504823541     
   31.166646760649961       -61.651833002154561     
        0    95814  -0.464E+01   0.583E+04  -0.267E+02   0.338E+05
  OPTIMIZATION STUFF
       95814  -27.847119736222826        1573.2310617383516     
   28.244804551188185       -56.091924287411011     
        0    95770   0.182E+01   0.405E+04   0.711E+01   0.230E+05
  OPTIMIZATION STUFF
       95770  -24.227556534802048        1151.3878113024373     
   23.757384444744922       -47.984940979546970     
        0    95725  -0.417E+01   0.414E+04  -0.199E+02   0.243E+05
  OPTIMIZATION STUFF
       95725  -24.252925403962440        1149.8893473469695     
   23.699893600959538       -47.952819004921977     
        0    95738   0.186E+01   0.444E+04   0.116E+02   0.274E+05
  OPTIMIZATION STUFF
       95738  -24.732553149379619        1209.1095797250175     
   24.441980166061214       -49.174533315440833     
        0    95762  -0.465E+00   0.455E+04   0.173E+01   0.290E+05
  OPTIMIZATION STUFF
       95762  -22.509983039030466        996.97970758844372     
   22.142275654751579       -44.652258693782045     
        0    95678  -0.277E+01   0.306E+04  -0.203E+02   0.187E+05
  OPTIMIZATION STUFF
       95678  -22.076478978150718        940.93736033077153     
   21.297099245156392       -43.373578223307106     
        0    95817   0.270E+01   0.290E+04   0.184E+02   0.182E+05
  OPTIMIZATION STUFF
       95817  -21.159995030370293        850.11528182521454     
   20.059159806430554       -41.219154836800847     
        0    95865  -0.232E+01   0.369E+04  -0.149E+02   0.228E+05
  OPTIMIZATION STUFF
       95865  -21.009662124294781        849.43283982614480     
   20.199676661994321       -41.209338786289102     
        0    95750  -0.138E+00   0.180E+04  -0.126E+01   0.117E+05
  OPTIMIZATION STUFF
       95750  -19.492412366524189        708.73434590253225     
   18.132297318208391       -37.624709684732579     
        0    95677   0.928E+00   0.226E+04   0.773E+01   0.143E+05
  OPTIMIZATION STUFF
       95677  -19.713077542271783        727.79282616269279     
   18.417041021159523       -38.130118563431310     
        0    95833  -0.786E+00   0.221E+04  -0.775E+01   0.133E+05
  OPTIMIZATION STUFF
       95833  -18.208618767245568        615.12616907363713     
   16.839607230061798       -35.048225997307370     
        0    95702  -0.168E-01   0.201E+04   0.303E+01   0.128E+05
  OPTIMIZATION STUFF
       95702  -17.450254340675585        558.00331386187599     
   15.921430127586181       -33.371684468261762     
        0    95794  -0.579E+00   0.287E+04  -0.515E+01   0.176E+05
  OPTIMIZATION STUFF
       95794  -17.715831965289677        590.18702487452799     
   16.623366766457043       -34.339198731746720     
        0    95691  -0.517E+00   0.113E+04  -0.437E+01   0.732E+04
  OPTIMIZATION STUFF
       95691  -15.852129203062958        449.94016279449079     
   14.094330864709020       -29.946460067771980     
        0    95740   0.366E+00   0.143E+04   0.472E+01   0.908E+04
  OPTIMIZATION STUFF
       95740  -15.437326285187563        427.20327511421220     
   13.743807051864099       -29.181133337051662     
        0    95829  -0.903E+00   0.158E+04  -0.625E+01   0.107E+05
  OPTIMIZATION STUFF
       95829  -16.034688522310340        461.49779211194681     
   14.296382623042650       -30.331071145352990     
        0    95846  -0.677E+00   0.113E+04  -0.443E+01   0.730E+04
  OPTIMIZATION STUFF
       95846  -14.542646392736328        375.75380968819439     
   12.816600391056415       -27.359246783792742     
        0    95327   0.745E+00   0.120E+04   0.454E+01   0.848E+04
  OPTIMIZATION STUFF
       95327  -14.691168958280523        380.79110084797315     
   12.843701004275518       -27.534869962556041     
        0    95781   0.349E+00   0.127E+04   0.265E+01   0.808E+04
  OPTIMIZATION STUFF
       95781  -14.229872182115296        356.17335043082926     
   12.396938658858103       -26.626810840973398     
        0    95790  -0.692E+00   0.126E+04  -0.468E+01   0.877E+04
  OPTIMIZATION STUFF
       95790  -14.089790900496560        349.76265444506714     
   12.297985478335526       -26.387776378832086     
        0    95635   0.198E+00   0.109E+04   0.171E+01   0.742E+04
  OPTIMIZATION STUFF
       95635  -13.894861735863051        339.23204081602745     
   12.089865928010793       -25.984727663873844     
        0    95809  -0.285E+00   0.838E+03  -0.143E+01   0.597E+04
  OPTIMIZATION STUFF
       95809  -13.151226039032382        299.59542733904118     
   11.253474175085570       -24.404700214117952     
        0    95836  -0.201E+00   0.125E+04  -0.906E+00   0.854E+04
  OPTIMIZATION STUFF
       95836  -13.120698170615675        299.35257573581526     
   11.278291326766556       -24.398989497382232     
        0    95702   0.275E+00   0.115E+04   0.106E+01   0.682E+04
  OPTIMIZATION STUFF
       95702  -13.011410784338453        293.83292326465511     
   11.159574932131425       -24.170985716469879     
        0    95406  -0.343E+00   0.804E+03  -0.119E+01   0.612E+04
  OPTIMIZATION STUFF
       95406  -12.744606666164575        279.40392949295386     
   10.815679840754688       -23.560286506919262     
        0    95616   0.146E-01   0.858E+03  -0.136E+01   0.563E+04
  OPTIMIZATION STUFF
       95616  -12.252773552003051        256.31558359757611     
   10.304616629497220       -22.557390181500271     
        0    95704  -0.139E+00   0.952E+03   0.128E+01   0.692E+04
  OPTIMIZATION STUFF
       95704  -12.266895976008502        258.78544687754425     
   10.407147063020233       -22.674043039028735     
        0    95618  -0.266E+00   0.891E+03  -0.219E+01   0.636E+04
  OPTIMIZATION STUFF
       95618  -12.511702771538966        268.98111446876840     
   10.603697856193026       -23.115400627731994     
        0    95672  -0.141E+00   0.854E+03  -0.211E+01   0.632E+04
  OPTIMIZATION STUFF
       95672  -11.964898685443277        243.56135108992629     
   10.020107311651110       -21.985005997094387     
        0    95794   0.761E-01   0.661E+03   0.889E+00   0.487E+04
  OPTIMIZATION STUFF
       95794  -11.356840358721241        217.32707612336802     
   9.3994283437817856       -20.756268702503029     
        0    95781   0.301E-02   0.639E+03   0.322E+00   0.439E+04
  OPTIMIZATION STUFF
       95781  -11.464825806845861        220.77972765064220     
   9.4518515048282126       -20.916677311674071     
        0    95800   0.258E+00   0.582E+03   0.219E+01   0.428E+04
  OPTIMIZATION STUFF
       95800  -11.118413388525067        207.36739380423279     
   9.1514084995753162       -20.269821888100381     
        0    95645  -0.643E+00   0.578E+03  -0.509E+01   0.441E+04
  OPTIMIZATION STUFF
       95645  -11.138711315019741        207.29607236049347     
   9.1227837089971970       -20.261495024016938     
        0    95771   0.123E-01   0.669E+03   0.335E+00   0.476E+04
  OPTIMIZATION STUFF
       95771  -10.943597549463448        201.29804580936397     
   9.0297130898352247       -19.973310639298674     
        0    95764   0.820E+00   0.686E+03   0.680E+01   0.456E+04
  OPTIMIZATION STUFF
       95764  -11.035932393472708        204.85034585140022     
   9.1136459256490738       -20.149578319121780     
        0    95770  -0.608E+00   0.719E+03  -0.560E+01   0.533E+04
  OPTIMIZATION STUFF
       95770  -10.847361617309975        196.68049670772970     
   8.8890518420717974       -19.736413459381772     
        0    95814   0.206E+00   0.558E+03   0.235E+01   0.396E+04
  OPTIMIZATION STUFF
       95814  -10.608127249021498        186.56950423301052     
   8.6044837440475241       -19.212610993069021     
        0    95814  -0.629E+00   0.596E+03  -0.503E+01   0.421E+04
  OPTIMIZATION STUFF
       95814  -10.733008565307129        191.41515488712926     
   8.7302738802498681       -19.463282445556999     
        0    95361   0.325E+00   0.480E+03   0.261E+01   0.345E+04
  OPTIMIZATION STUFF
       95361  -10.206781326781456        170.64013036594329     
   8.1524073323901494       -18.359188659171608     
        0    95615   0.661E-01   0.616E+03   0.130E+01   0.465E+04
  OPTIMIZATION STUFF
       95615  -10.642794921775558        188.41425891651599     
   8.6686316780414892       -19.311426599817047     
        0    95713  -0.314E+00   0.555E+03  -0.361E+01   0.390E+04
  OPTIMIZATION STUFF
       95713  -10.234216215560467        172.01121314753502     
   8.2019529138305955       -18.436169129391061     
        0    95807   0.226E+00   0.406E+03   0.234E+01   0.306E+04
  OPTIMIZATION STUFF
       95807  -10.117350690273446        167.45599864902829     
   8.0681604879335236       -18.185511178206969     
        0    95780  -0.130E+00   0.588E+03  -0.149E+01   0.434E+04
  OPTIMIZATION STUFF
       95780  -9.9148452481065199        161.36885389625346     
   7.9413284532471655       -17.856173701353686     
        0    95748   0.402E+00   0.444E+03   0.315E+01   0.326E+04
  OPTIMIZATION STUFF
       95748  -9.9198745585773374        161.30705631595319     
   7.9311502985407651       -17.851024857118102     
        0    95726  -0.650E+00   0.517E+03  -0.462E+01   0.386E+04
  OPTIMIZATION STUFF
       95726  -9.8529318327561644        159.15389478990875     
   7.8786819385585680       -17.731613771314734     
        0    95600   0.307E+00   0.386E+03   0.209E+01   0.265E+04
  OPTIMIZATION STUFF
       95600  -9.6839673081521553        152.73594405263256     
   7.6783280229013959       -17.362295331053552     
        0    95871   0.170E-01   0.339E+03   0.928E+00   0.249E+04
  OPTIMIZATION STUFF
       95871  -9.5597839336117847        148.04091603754131     
   7.5267155639229051       -17.086499497534689     
        0    95812  -0.342E+00   0.454E+03  -0.299E+01   0.378E+04
  OPTIMIZATION STUFF
       95812  -9.7603075101189880        155.50950003136154     
   7.7618230680218696       -17.522130578140857     
        0    95763   0.726E-01   0.436E+03   0.459E+00   0.304E+04
  OPTIMIZATION STUFF
       95763  -9.5637910917230577        148.38245119075302     
   7.5442926205597107       -17.108083712282770     
        0    95978   0.184E-01   0.448E+03   0.438E-01   0.338E+04
  OPTIMIZATION STUFF
       95978  -9.4300606949328181        144.47662140043957     
   7.4532259250825570       -16.883286620015376     
        0    95939   0.218E+00   0.500E+03   0.103E+01   0.367E+04
  OPTIMIZATION STUFF
       95939  -9.3460347442523251        141.61737097908497     
   7.3667499983583911       -16.712784742610715     
        0    95873  -0.264E+00   0.391E+03  -0.750E+00   0.274E+04
  OPTIMIZATION STUFF
       95873  -9.1568580219084357        134.57716671808632     
   7.1224376364203739       -16.279295658328810     
        0    95895  -0.612E-01   0.350E+03  -0.857E+00   0.271E+04
  OPTIMIZATION STUFF
       95895  -9.2062171263596184        136.36032561934806     
   7.1837240928136232       -16.389941219173242     
        0    95902   0.273E-01   0.315E+03   0.129E+01   0.247E+04
  OPTIMIZATION STUFF
       95902  -9.1029251010053844        132.94667842167374     
   7.0769649587347718       -16.179890059740156     
        0    95834   0.204E-02   0.392E+03  -0.118E+01   0.311E+04
  OPTIMIZATION STUFF
       95834  -9.3787496813705786        141.83684810107280     
   7.3400206072778893       -16.718770288648468     
        0    95870  -0.593E-01   0.323E+03   0.550E+00   0.260E+04
  OPTIMIZATION STUFF
       95870  -9.2187619333055295        136.79236603265736     
   7.1976936896268553       -16.416455622932386     
        0    95859  -0.143E-02   0.375E+03  -0.726E+00   0.287E+04
  OPTIMIZATION STUFF
       95859  -9.0517515969703410        131.35921984094779     
   7.0302925165097268       -16.082044113480066     
        0    95831  -0.115E+00   0.421E+03  -0.923E+00   0.308E+04
  OPTIMIZATION STUFF
       95831  -8.9351638987566133        128.47292484486937     
   6.9739351120601834       -15.909099010816796     
        0    95836   0.163E+00   0.516E+03   0.185E+01   0.416E+04
  OPTIMIZATION STUFF
       95836  -9.0831284797779048        133.30899492141103     
   7.1278167724246781       -16.210945252202585     
        0    95829  -0.125E+00   0.309E+03  -0.140E+01   0.264E+04
  OPTIMIZATION STUFF
       95829  -8.6841415848306820        120.54059586266135     
   6.7176097532735408       -15.401751338104223     
        0    95858   0.383E-01   0.400E+03   0.275E+00   0.281E+04
  OPTIMIZATION STUFF
       95858  -8.7167383288528590        121.22603398377822     
   6.7264037115003505       -15.443142040353209     
        0    95913  -0.138E+00   0.295E+03  -0.108E+01   0.242E+04
  OPTIMIZATION STUFF
       95913  -8.7544737529873480        121.94712641376218     
   6.7309966366072267       -15.485470389594575     
        0    96030   0.189E+00   0.285E+03   0.166E+01   0.227E+04
  OPTIMIZATION STUFF
       96030  -8.8778040667253855        125.99042849524838     
   6.8684076355500761       -15.746211702275462     
        0    95779  -0.677E-01   0.322E+03  -0.189E+00   0.256E+04
  OPTIMIZATION STUFF
       95779  -8.6100204533468361        118.09390380523914     
   6.6303432488965663       -15.240363702243403     
        0    95862  -0.365E-01   0.336E+03  -0.624E+00   0.262E+04
  OPTIMIZATION STUFF
       95862  -8.5445484842312336        116.52821766888231     
   6.5968863010896310       -15.141434785320865     
        0    95844  -0.936E-01   0.332E+03  -0.107E+01   0.270E+04
  OPTIMIZATION STUFF
       95844  -8.6164245917170987        118.60722788649068     
   6.6606647672543549       -15.277089358971454     
        0    95963   0.160E-01   0.297E+03   0.394E+00   0.244E+04
  OPTIMIZATION STUFF
       95963  -8.5738976466979047        117.02652533323788     
   6.5965752081808340       -15.170472854878739     
        0    95808   0.739E-01   0.352E+03   0.794E+00   0.288E+04
  OPTIMIZATION STUFF
       95808  -8.7364538655760171        121.83342864442771     
   6.7459471165352003       -15.482400982111217     
        0    95963   0.137E+00   0.312E+03   0.972E+00   0.237E+04
  OPTIMIZATION STUFF
       95963  -8.4402712546500052        112.78311336239811     
   6.4455360141982716       -14.885807268848277     
        0    95781  -0.274E+00   0.398E+03  -0.158E+01   0.325E+04
  OPTIMIZATION STUFF
       95781  -8.6234248667782900        118.95220734019878     
   6.6774808803341861       -15.300905747112477     
        0    95828   0.412E-01   0.312E+03  -0.252E+00   0.240E+04
  OPTIMIZATION STUFF
       95828  -8.5152541550502914        115.17522423826739     
   6.5318964254775302       -15.047150580527822     
        0    95819   0.404E-01   0.263E+03  -0.301E-01   0.216E+04
  OPTIMIZATION STUFF
       95819  -8.3176710039807524        109.51630271872845     
   6.3507993031008523       -14.668470307081606     
        0    95872   0.232E-01   0.245E+03   0.434E+00   0.208E+04
  OPTIMIZATION STUFF
       95872  -8.4675511726145967        113.73655035699242     
   6.4836045141684568       -14.951155686783054     
        0    95897  -0.177E+00   0.248E+03  -0.106E+01   0.203E+04
  OPTIMIZATION STUFF
       95897  -8.4230472930729245        112.66191014402212     
   6.4586519059846381       -14.881699199057563     
        0    95929   0.574E-01   0.275E+03   0.901E-01   0.218E+04
  OPTIMIZATION STUFF
       95929  -8.4918714542546230        114.49794074434718     
   6.5104577372687586       -15.002329191523382     
        0    95871   0.280E-02   0.257E+03   0.300E+00   0.224E+04
  OPTIMIZATION STUFF
       95871  -8.3993097053947938        111.83741087069222     
   6.4256522893440984       -14.824961994738892     
        0    95994  -0.340E-01   0.213E+03  -0.571E+00   0.190E+04
  OPTIMIZATION STUFF
       95994  -8.2971276717260132        109.02977162247248     
   6.3393567514023808       -14.636484423128394     
        0    95889   0.591E-01   0.261E+03   0.989E+00   0.185E+04
  OPTIMIZATION STUFF
       95889  -8.2795070977442879        108.19640819881127     
   6.2965205008173548       -14.576027598561643     
        0    95896   0.222E-01   0.300E+03  -0.171E+00   0.230E+04
  OPTIMIZATION STUFF
       95896  -8.3935807172019530        111.80626301710728     
   6.4307126946336854       -14.824293411835638     
        0    95808   0.735E-02   0.199E+03   0.558E-01   0.163E+04
  OPTIMIZATION STUFF
       95808  -8.3675663647471712        111.01403333008342     
   6.4029576339091321       -14.770523998656303     
        0    95879  -0.692E-01   0.228E+03  -0.611E+00   0.203E+04
  OPTIMIZATION STUFF
       95879  -8.5215583220826794        115.17652006213508     
   6.5237691425646345       -15.045327464647315     
        0    95647  -0.319E-01   0.274E+03  -0.253E+00   0.230E+04
  OPTIMIZATION STUFF
       95647  -8.2373495857747407        107.06315895603322     
   6.2617274579599780       -14.499077043734719     
