   23464941.417745546     
   35756790.265028737     
   37275940.153490283     
   32776506.703991238     
   43592174.371735573     
   37694437.314405076     
   58709522.065767691     
   54231025.182910137     
   49071570.513879001     
   70966099.944689438     
   80690577.607595399     
   71972450.393852606     
   67234404.664878279     
   87401060.707438767     
   101041254.07503285     
   88058506.999873400     
   84629025.866108879     
   86890670.611090660     
   139670290.63100311     
   140803507.22587132     
   73111422.376354322     
   75438760.087523133     
   66436840.473174155     
   84481260.823247358     
   61400661.848156512     
   19421284.791356634     
   26527579.723801956     
   36285077.177895226     
   14746433.098710155     
   22547971.027664926     
   13641455.052496927     
   7572415.7944048736     
   8642906.6895149872     
   5244328.1131978342     
   6912550.2599816974     
   6944169.3319671834     
   6392771.4555822415     
   8055328.3940258725     
   5052401.4489170332     
   5906845.5790073508     
   3604346.9676865190     
   4888867.5700667650     
   5010113.1435120469     
   2807066.3594541568     
   4831690.9641337022     
   3178459.6509571928     
   3044171.2436898518     
   3872501.6931592287     
   3054357.0122035393     
   3342773.1682674186     
   2793459.5206264248     
   2325644.2704847804     
   2812135.6556022395     
   2126801.7435968700     
   1637539.6922255284     
   2141385.7835289557     
   2428233.4596388903     
   1913324.8398288095     
   2095940.8708381713     
   1932075.2912742267     
   1825992.2270028843     
   1953647.3696484773     
   1807037.4033849393     
   1677943.2606101206     
   1786915.4636475358     
   1551682.4825163838     
   1336375.7503799049     
   1428861.3284556337     
   1459985.7403261322     
   1693999.4176119145     
   1145420.1231130883     
   1178715.1604076095     
   1908719.1056202794     
   1314430.6037400155     
   1558898.4588945278     
   1016694.3464075966     
   1296603.8947520915     
   1426752.7614254178     
   1051522.5981223851     
   1297030.9172826684     
   1141980.4625496664     
   1482376.7378705656     
   978041.20877371088     
   1207334.9191332282     
   1297975.4006209758     
   978619.50916040177     
   1029523.0910618886     
   1035508.8455391206     
   1155436.1144940439     
   1058209.1685276632     
   970193.94987667515     
   1096036.0349265863     
   983464.20960782468     
   1030472.1047982052     
   960742.45268927515     
   861311.24716212810     
   1054317.4753332073     
   908693.89357493760     
   938744.11354406318     
   822049.88942155056     
   999181.43878736801     
   974613.24308527797     
   911322.04671408480     
   799884.12664448784     
   839230.80715721007     
   922372.73502834409     
   1028798.4120517138     
   851391.46988156124     
   831230.57776647934     
   832209.87962829147     
   876033.93604438321     
   756997.55134405335     
   771132.60769560735     
   800202.16172289022     
   742127.99933736364     
   842608.64222152345     
   828322.53369629232     
   834391.34388631047     
   769154.06187115959     
   741895.66057937965     
