tried moves    experiment_1   _      experiment_2    _                                                                                                                                                                                                                                                                                                                                                                                                                                                                          
        0    93624   0.663E+02   0.220E+10   0.151E+03   0.296E+11
  OPTIMIZATION STUFF
       93624   528983.76739442768        32272481779441.754     
   5656205.2608860433       -5127221.4934916161     
        0    95096   0.137E+02   0.454E+05   0.459E+02   0.108E+06
  OPTIMIZATION STUFF
       95096  -7.1992160741417459        7560.6838659184305     
   86.653650551123633       -93.852866625265378     
        0    95214   0.673E+02   0.644E+05   0.192E+03   0.167E+06
  OPTIMIZATION STUFF
       95214  -30.719239122350114        21487.813736788634     
   143.33227858557370       -174.05151770792381     
        0    94999   0.903E+01   0.154E+09   0.403E+02   0.406E+09
  OPTIMIZATION STUFF
       94999  -1299.9149411655851        2913549531.7298417     
   53961.650761217228       -55261.565702382810     
        0    95483  -0.120E+02   0.937E+05  -0.200E+02   0.261E+06
  OPTIMIZATION STUFF
       95483  -39.107837726784162        25223.706971165691     
   153.92947735733142       -193.03731508411559     
        0    95357   0.339E+02   0.106E+06   0.113E+03   0.306E+06
  OPTIMIZATION STUFF
       95357  -56.723629665370431        37632.666724713104     
   185.51306305028498       -242.23669271565541     
        0    95586  -0.635E+02   0.156E+09  -0.178E+03   0.462E+09
  OPTIMIZATION STUFF
       95586  -3973.1756428003828        4160824300.0558863     
   64381.970887565592       -68355.146530365979     
        0    95336   0.698E+02   0.111E+06   0.220E+03   0.311E+06
  OPTIMIZATION STUFF
       95336  -69.252344732326080        40216.844233022879     
   188.20456153371507       -257.45690626604113     
        0    95560  -0.869E+02   0.125E+09  -0.261E+03   0.385E+09
  OPTIMIZATION STUFF
       95560  -3106.9019152057585        3271966021.8225231     
   57116.662912952241       -60223.564828158000     
        0    95387   0.750E+02   0.102E+06   0.240E+03   0.320E+06
  OPTIMIZATION STUFF
       95387  -108.52654427067333        72979.490432917955     
   247.38932802686443       -355.91587229753776     
        0    95469   0.232E+02   0.879E+05   0.733E+02   0.277E+06
  OPTIMIZATION STUFF
       95469  -116.74408024695894        75203.748113163820     
   248.14223308509060       -364.88631333204955     
        0    95569  -0.897E+01   0.183E+06  -0.311E+02   0.586E+06
  OPTIMIZATION STUFF
       95569  -148.11642508232089        121491.15921633194     
   315.51970435642392       -463.63612943874477     
        0    95460  -0.246E+02   0.146E+06  -0.818E+02   0.455E+06
  OPTIMIZATION STUFF
       95460  -156.13887828788179        108986.95193056512     
   290.87386032018617       -447.01273860806793     
        0    95583  -0.327E+01   0.173E+06   0.212E+02   0.565E+06
  OPTIMIZATION STUFF
       95583  -168.26450442952594        123223.97052595236     
   308.07633319526252       -476.34083762478849     
        0    95630   0.154E+02   0.152E+06   0.384E+02   0.499E+06
  OPTIMIZATION STUFF
       95630  -184.11274023139273        131070.99857922504     
   311.72663900236813       -495.83937923376084     
        0    95641   0.131E+03   0.174E+06   0.408E+03   0.559E+06
  OPTIMIZATION STUFF
       95641  -208.57234471040056        158210.74555491121     
   338.68617122185111       -547.25851593225161     
        0    95551  -0.554E+02   0.225E+06  -0.189E+03   0.709E+06
  OPTIMIZATION STUFF
       95551  -262.84048169037715        232029.44145353982     
   403.66362560715123       -666.50410729752844     
        0    95544  -0.133E+02   0.198E+06  -0.228E+02   0.613E+06
  OPTIMIZATION STUFF
       95544  -275.60538495192594        238740.44772767206     
   403.46266185754138       -679.06804680946732     
        0    95673  -0.352E+02   0.191E+06  -0.122E+03   0.602E+06
  OPTIMIZATION STUFF
       95673  -306.28336964830891        273912.33953753347     
   424.38524599049248       -730.66861563880138     
        0    95638  -0.123E+02   0.212E+06  -0.222E+02   0.722E+06
  OPTIMIZATION STUFF
       95638  -339.57658522453136        329202.72351950739     
   462.48293621143904       -802.05952143597040     
        0    95706   0.124E+03   0.262E+06   0.469E+03   0.859E+06
  OPTIMIZATION STUFF
       95706  -349.42521496190744        348319.07000096026     
   475.62704837906881       -825.05226334097620     
        0    95725  -0.118E+03   0.212E+06  -0.367E+03   0.732E+06
  OPTIMIZATION STUFF
       95725  -333.28511205188278        303349.89628139598     
   438.48709258763813       -771.77220463952085     
        0    95601   0.576E+02   0.201E+06   0.194E+03   0.742E+06
  OPTIMIZATION STUFF
       95601  -272.06190715060217        219474.79916324341     
   381.38840811018434       -653.45031526078651     
        0    95665  -0.178E+03   0.200E+06  -0.646E+03   0.731E+06
  OPTIMIZATION STUFF
       95665  -233.96057786791161        158436.09658094050     
   322.02258396679787       -555.98316183470945     
        0    95652  -0.385E+02   0.181E+06  -0.138E+03   0.740E+06
  OPTIMIZATION STUFF
       95652  -174.73465346888753        94496.440905336407     
   252.91152955617542       -427.64618302506295     
        0    95665  -0.460E+00   0.154E+06   0.108E+02   0.641E+06
  OPTIMIZATION STUFF
       95665  -155.52280774019235        72070.793970635059     
   218.82287413166438       -374.34568187185675     
        0    93486   0.722E+01   0.979E+05   0.523E+02   0.418E+06
  OPTIMIZATION STUFF
       93486  -116.06467429581654        37414.413534559513     
   154.73656618642386       -270.80124048224042     
        0    95663  -0.622E+01   0.684E+05  -0.354E+02   0.297E+06
  OPTIMIZATION STUFF
       95663  -93.920831089342741        23468.807997921598     
   121.02762281978751       -214.94845390913025     
        0    95717  -0.136E+02   0.422E+05  -0.475E+02   0.193E+06
  OPTIMIZATION STUFF
       95717  -73.482987728700451        13305.685968536665     
   88.915333227741570       -162.39832095644203     
        0    95614   0.479E+01   0.234E+05   0.256E+02   0.109E+06
  OPTIMIZATION STUFF
       95614  -67.795641551459397        11034.471470914448     
   80.238534741983429       -148.03417629344284     
        0    95358  -0.208E+01   0.225E+05  -0.117E+02   0.115E+06
  OPTIMIZATION STUFF
       95358  -54.715049340179299        7042.2299870966581     
   63.627771945891702       -118.34282128607100     
        0    95726   0.226E+01   0.250E+05   0.190E+02   0.119E+06
  OPTIMIZATION STUFF
       95726  -52.907748567570586        6550.7872099200404     
   61.249957970849032       -114.15770653841962     
        0    95789  -0.117E+02   0.197E+05  -0.570E+02   0.985E+05
  OPTIMIZATION STUFF
       95789  -43.768808739195656        4355.8939991564457     
   49.398232566643067       -93.167041305838723     
        0    95682   0.629E+01   0.125E+05   0.310E+02   0.630E+05
  OPTIMIZATION STUFF
       95682  -41.885172653073347        3811.1350074193524     
   45.351596655923693       -87.236769308997040     
        0    95680  -0.434E+01   0.140E+05  -0.200E+02   0.752E+05
  OPTIMIZATION STUFF
       95680  -38.599479538296649        3370.7107465877170     
   43.368086491801037       -81.967566030097686     
        0    95788  -0.217E+01   0.924E+04  -0.151E+02   0.509E+05
  OPTIMIZATION STUFF
       95788  -34.341601953740380        2518.2377976786383     
   36.590875541991245       -70.932477495731632     
        0    95678  -0.953E+00   0.800E+04   0.287E+01   0.437E+05
  OPTIMIZATION STUFF
       95678  -32.671429810500278        2224.2208143901780     
   34.011740451316683       -66.683170261816969     
        0    95583  -0.606E+01   0.771E+04  -0.341E+02   0.426E+05
  OPTIMIZATION STUFF
       95583  -31.412575929446135        2045.5591536332151     
   32.539348904211288       -63.951924833657422     
        0    95664   0.393E+01   0.594E+04   0.231E+02   0.340E+05
  OPTIMIZATION STUFF
       95664  -27.557143358630540        1540.6930025247921     
   27.951687828048538       -55.508831186679075     
        0    95571  -0.341E+01   0.475E+04  -0.195E+02   0.279E+05
  OPTIMIZATION STUFF
       95571  -27.411033503869664        1497.1797192876804     
   27.309612987690162       -54.720646491559826     
        0    95615  -0.536E+00   0.490E+04   0.322E+01   0.281E+05
  OPTIMIZATION STUFF
       95615  -24.630706716498867        1206.9870179176637     
   24.501332709946233       -49.132039426445104     
        0    95618   0.301E+01   0.518E+04   0.112E+02   0.316E+05
  OPTIMIZATION STUFF
       95618  -24.462765978962672        1197.4918006546129     
   24.475801954443074       -48.938567933405750     
        0    95500  -0.425E+01   0.470E+04  -0.217E+02   0.285E+05
  OPTIMIZATION STUFF
       95500  -23.810149571844129        1122.3941196114579     
   23.568430091498854       -47.378579663342983     
        0    95453   0.377E-01   0.559E+04  -0.161E+01   0.332E+05
  OPTIMIZATION STUFF
       95453  -23.058211893376523        1069.7174817189123     
   23.195610489897906       -46.253822383274425     
        0    95575  -0.992E+00   0.420E+04  -0.377E+01   0.247E+05
  OPTIMIZATION STUFF
       95575  -21.398449778283840        890.46409726084028     
   20.798327921905276       -42.196777700189116     
        0    95572   0.664E+00   0.343E+04   0.335E+01   0.216E+05
  OPTIMIZATION STUFF
       95572  -21.294398578368860        876.11677899410813     
   20.558827013710445       -41.853225592079305     
        0    95629  -0.843E+00   0.254E+04  -0.169E+01   0.158E+05
  OPTIMIZATION STUFF
       95629  -20.211170508572096        770.30557144990769     
   19.021413147380329       -39.232583655952425     
        0    95586  -0.834E+00   0.321E+04  -0.786E+01   0.213E+05
  OPTIMIZATION STUFF
       95586  -19.947431178210554        758.07926869394021     
   18.978389238407292       -38.925820416617846     
        0    95641  -0.555E+00   0.269E+04  -0.282E+01   0.181E+05
  OPTIMIZATION STUFF
       95641  -18.089831293172967        607.94934057726016     
   16.754323154392129       -34.844154447565096     
        0    95485   0.197E+01   0.220E+04   0.118E+02   0.141E+05
  OPTIMIZATION STUFF
       95485  -17.429745015885057        558.59989172927419     
   15.962577498966267       -33.392322514851323     
        0    95436  -0.145E+01   0.186E+04  -0.818E+01   0.121E+05
  OPTIMIZATION STUFF
       95436  -17.053099158512740        533.68916497515124     
   15.584639041860523       -32.637738200373263     
        0    95567  -0.828E+00   0.178E+04  -0.384E+01   0.106E+05
  OPTIMIZATION STUFF
       95567  -17.133970673343175        537.35437995840095     
   15.613501494649334       -32.747472167992512     
        0    95567   0.442E+00   0.186E+04   0.157E+01   0.117E+05
  OPTIMIZATION STUFF
       95567  -17.092130859556178        532.81609036725899     
   15.513708552343839       -32.605839411900021     
        0    95587  -0.237E+00   0.215E+04  -0.103E+01   0.139E+05
  OPTIMIZATION STUFF
       95587  -16.516890386632500        499.67289205003414     
   15.062045810778860       -31.578936197411359     
        0    95564   0.297E+00   0.182E+04   0.243E+01   0.120E+05
  OPTIMIZATION STUFF
       95564  -15.630489418897280        443.93611062605430     
   14.128832618153364       -29.759322037050644     
        0    95359   0.499E+00   0.110E+04   0.299E+01   0.744E+04
  OPTIMIZATION STUFF
       95359  -14.794105237991381        388.08500905861717     
   13.008438002537167       -27.802543240528550     
        0    95553  -0.650E+00   0.133E+04  -0.343E+01   0.906E+04
  OPTIMIZATION STUFF
       95553  -14.565456539651564        376.66760318520107     
   12.826343164625005       -27.391799704276568     
        0    95365  -0.886E+00   0.111E+04  -0.683E+01   0.822E+04
  OPTIMIZATION STUFF
       95365  -14.240455418760973        357.56180818524388     
   12.440708888625483       -26.681164307386457     
        0    95506   0.299E+00   0.118E+04   0.326E+01   0.763E+04
  OPTIMIZATION STUFF
       95506  -13.703915596459179        329.36712284205061     
   11.898311651960269       -25.602227248419446     
        0    95238  -0.537E+00   0.112E+04  -0.391E+01   0.700E+04
  OPTIMIZATION STUFF
       95238  -13.602765950959871        321.33230168455162     
   11.674633192009008       -25.277399142968878     
        0    95595   0.165E+00   0.112E+04   0.679E-01   0.708E+04
  OPTIMIZATION STUFF
       95595  -13.264056852861501        306.56557490389179     
   11.429364405247986       -24.693421258109488     
        0    95471  -0.423E+00   0.866E+03  -0.169E+01   0.609E+04
  OPTIMIZATION STUFF
       95471  -13.039502514058352        293.95200110629889     
   11.132087643032857       -24.171590157091210     
        0    95475   0.186E-01   0.114E+04  -0.433E-01   0.739E+04
  OPTIMIZATION STUFF
       95475  -12.872483771040157        286.64593236676438     
   10.997503986408560       -23.869987757448719     
        0    95615  -0.345E-01   0.950E+03   0.175E+00   0.676E+04
  OPTIMIZATION STUFF
       95615  -12.319235761749093        260.44320677749556     
   10.424952614949278       -22.744188376698371     
        0    95625  -0.206E+00   0.685E+03  -0.156E+01   0.485E+04
  OPTIMIZATION STUFF
       95625  -12.017430164787392        244.80833487407503     
   10.019466408373907       -22.036896573161300     
        0    95575  -0.126E+00   0.707E+03  -0.162E+01   0.525E+04
  OPTIMIZATION STUFF
       95575  -12.745067415114963        278.13399288698588     
   10.756265591326789       -23.501333006441754     
        0    95484   0.307E+00   0.100E+04   0.296E+01   0.690E+04
  OPTIMIZATION STUFF
       95484  -11.582458432553715        229.01437484422868     
   9.7396628022942373       -21.322121234847952     
        0    95637  -0.519E-01   0.791E+03  -0.502E+00   0.581E+04
  OPTIMIZATION STUFF
       95637  -11.707563092791462        231.08384223866716     
   9.6962265168968891       -21.403789609688353     
        0    95539  -0.211E+00   0.718E+03  -0.161E+01   0.517E+04
  OPTIMIZATION STUFF
       95539  -11.697744972016572        231.43651586031464     
   9.7262160386234289       -21.423961010639999     
        0    95461  -0.449E+00   0.810E+03  -0.274E+01   0.584E+04
  OPTIMIZATION STUFF
       95461  -11.414414504581003        219.62898062158519     
   9.4519903797663680       -20.866404884347372     
        0    95567   0.616E+00   0.642E+03   0.298E+01   0.446E+04
  OPTIMIZATION STUFF
       95567  -11.190471079611131        209.71240397429494     
   9.1916136227912588       -20.382084702402388     
        0    95530  -0.299E+00   0.369E+08  -0.610E+00   0.260E+09
  OPTIMIZATION STUFF
       95530  -10326.484606897338        8433392951.5113821     
   91251.063923523077       -101577.54853042042     
        0    95443   0.319E+00   0.622E+03   0.146E+01   0.415E+04
  OPTIMIZATION STUFF
       95443  -11.168290889142741        208.77787019466336     
   9.1677232075447517       -20.336014096687492     
        0    95597  -0.809E-01   0.651E+03  -0.119E+00   0.458E+04
  OPTIMIZATION STUFF
       95597  -11.031676675789949        203.30689176812433     
   9.0337700595574351       -20.065446735347386     
        0    95598  -0.347E+00   0.589E+03  -0.207E+01   0.401E+04
  OPTIMIZATION STUFF
       95598  -11.008291741252505        202.36952397435036     
   9.0103849481485678       -20.018676689401072     
        0    95516  -0.303E+00   0.525E+03  -0.998E+00   0.416E+04
  OPTIMIZATION STUFF
       95516  -10.649679386578722        187.50291534119702     
   8.6073947454660917       -19.257074132044814     
        0    95575   0.357E+00   0.445E+03   0.110E+01   0.309E+04
  OPTIMIZATION STUFF
       95575  -10.606218522744269        186.10091089232859     
   8.5795710580497531       -19.185789580794022     
        0    95617  -0.312E+00   0.631E+03  -0.144E+01   0.470E+04
  OPTIMIZATION STUFF
       95617  -10.630091546114363        187.82946005919769     
   8.6504689919348099       -19.280560538049173     
        0    95653   0.522E-01   0.666E+03   0.301E+00   0.503E+04
  OPTIMIZATION STUFF
       95653  -10.317066909881699        176.48023111197330     
   8.3688924887942839       -18.685959398675983     
        0    95656   0.165E+00   0.518E+03   0.650E+00   0.420E+04
  OPTIMIZATION STUFF
       95656  -10.083505535121366        167.08320640576659     
   8.0874051789769599       -18.170910714098326     
        0    95577  -0.265E+00   0.507E+03  -0.163E+01   0.344E+04
  OPTIMIZATION STUFF
       95577  -10.060121627519701        166.27162013849306     
   8.0663233866491755       -18.126445014168876     
        0    95542  -0.223E-02   0.546E+03   0.253E+00   0.424E+04
  OPTIMIZATION STUFF
       95542  -10.174831418271063        170.28565704329046     
   8.1705852087261484       -18.345416626997213     
        0    95404  -0.699E-01   0.450E+08  -0.914E+00   0.325E+09
  OPTIMIZATION STUFF
       95404  -14300.660575455289        15815670478.481018     
   124944.63408080651       -139245.29465626180     
        0    95654  -0.256E-01   0.431E+03   0.832E-01   0.321E+04
  OPTIMIZATION STUFF
       95654  -9.8098735715788514        156.99568467025557     
   7.7950025772859348       -17.604876148864786     
        0    95613  -0.152E+00   0.421E+03  -0.477E+00   0.300E+04
  OPTIMIZATION STUFF
       95613  -9.6224755111255629        150.78553777220978     
   7.6284666093520146       -17.250942120477578     
        0    95534   0.208E+00   0.429E+03   0.710E+00   0.317E+04
  OPTIMIZATION STUFF
       95534  -9.5391580112651049        147.48805953404042     
   7.5161508746270638       -17.055308885892167     
        0    95667   0.423E-01   0.482E+03   0.673E+00   0.337E+04
  OPTIMIZATION STUFF
       95667  -9.4523501479640704        145.26794851762526     
   7.4780361859186586       -16.930386333882730     
        0    95633   0.177E+00   0.401E+03   0.118E+01   0.295E+04
  OPTIMIZATION STUFF
       95633  -9.4663571336591747        144.95530582483187     
   7.4393137077859484       -16.905670841445122     
        0    95643  -0.291E+00   0.323E+03  -0.217E+01   0.256E+04
  OPTIMIZATION STUFF
       95643  -9.3215483346156898        140.52426817849516     
   7.3234557979084318       -16.645004132524122     
        0    95581   0.886E-01   0.380E+03   0.937E+00   0.280E+04
  OPTIMIZATION STUFF
       95581  -9.4168704930166118        144.07995646694263     
   7.4432860071809479       -16.860156500197562     
        0    95603  -0.606E-01   0.437E+03  -0.855E+00   0.349E+04
  OPTIMIZATION STUFF
       95603  -9.6206574995447127        150.15225022227418     
   7.5891501170241877       -17.209807616568902     
        0    95533  -0.351E-02   0.462E+03  -0.154E+00   0.373E+04
  OPTIMIZATION STUFF
       95533  -9.3612429339686578        142.19040843425410     
   7.3863075460933771       -16.747550480062035     
        0    95639   0.986E-01   0.401E+03   0.102E+01   0.317E+04
  OPTIMIZATION STUFF
       95639  -9.1289913213351497        133.83263905655252     
   7.1059240434682414       -16.234915364803392     
        0    95607  -0.202E+00   0.342E+03  -0.120E+01   0.274E+04
  OPTIMIZATION STUFF
       95607  -9.2560982840334667        138.37822820375601     
   7.2596744252114176       -16.515772709244885     
        0    95593  -0.125E+00   0.327E+03  -0.279E+00   0.266E+04
  OPTIMIZATION STUFF
       95593  -9.0831132085875073        132.65570159173686     
   7.0818610570753231       -16.164974265662831     
        0    95641  -0.680E-01   0.338E+03  -0.151E+01   0.244E+04
  OPTIMIZATION STUFF
       95641  -8.7867995399437557        123.53185687107900     
   6.8061744552959560       -15.592973995239712     
        0    95686   0.378E+00   0.282E+03   0.264E+01   0.214E+04
  OPTIMIZATION STUFF
       95686  -8.9994593135113110        129.71554540591166     
   6.9803493802506891       -15.979808693761999     
        0    95668  -0.224E+00   0.373E+03  -0.985E+00   0.297E+04
  OPTIMIZATION STUFF
       95668  -9.0561915414830310        132.30292633251236     
   7.0914258859896124       -16.147617427472643     
        0    95643   0.490E-01   0.313E+03  -0.642E-01   0.235E+04
  OPTIMIZATION STUFF
       95643  -8.7643923804830326        123.01739932634069     
   6.7972660332865935       -15.561658413769626     
        0    95553  -0.180E+00   0.337E+03  -0.965E+00   0.249E+04
  OPTIMIZATION STUFF
       95553  -8.9448681623057791        128.05323105608193     
   6.9312743860743504       -15.876142548380130     
        0    95670   0.123E-01   0.349E+03   0.284E+00   0.292E+04
  OPTIMIZATION STUFF
       95670  -8.9510678825088661        128.64854608784341     
   6.9661273208692975       -15.917195203378164     
        0    95741   0.826E-01   0.339E+03   0.620E+00   0.245E+04
  OPTIMIZATION STUFF
       95741  -8.7277213085051955        122.67198868382434     
   6.8190079516663342       -15.546729260171530     
        0    95761   0.135E+00   0.321E+03   0.565E+00   0.269E+04
  OPTIMIZATION STUFF
       95761  -9.0603332009175777        132.28180554832630     
   7.0846430987507718       -16.144976299668350     
        0    95634  -0.164E+00   0.298E+03  -0.640E+00   0.278E+04
  OPTIMIZATION STUFF
       95634  -8.7976954655830166        123.86819152751040     
   6.8167988104659827       -15.614494276048999     
        0    95490   0.130E+00   0.513E+03   0.606E+00   0.442E+04
  OPTIMIZATION STUFF
       95490  -8.8645691265538602        128.29536110053812     
   7.0508705349826304       -15.915439661536491     
        0    93744  -0.934E-01   0.347E+03  -0.750E+00   0.267E+04
  OPTIMIZATION STUFF
       93744  -8.7190865872746635        122.04322450592295     
   6.7838597855151761       -15.502946372789840     
        0    95748  -0.852E-01   0.297E+03  -0.361E+00   0.233E+04
  OPTIMIZATION STUFF
       95748  -8.8275327341322907        125.23988393462523     
   6.8785572442517413       -15.706089978384032     
        0    95717  -0.796E-01   0.343E+03  -0.938E+00   0.273E+04
  OPTIMIZATION STUFF
       95717  -8.7780905477575644        124.40379587654918     
   6.8810553123716778       -15.659145860129243     
        0    95639   0.194E+00   0.359E+03   0.204E+01   0.271E+04
  OPTIMIZATION STUFF
       95639  -8.6966230016455039        121.72026417863802     
   6.7888889036342590       -15.485511905279763     
        0    95677  -0.906E+00   0.431E+03  -0.701E+01   0.327E+04
  OPTIMIZATION STUFF
       95677  -8.7839080620191865        124.58128760480966     
   6.8865264657012686       -15.670434527720456     
        0    95319   0.812E+00   0.438E+03   0.614E+01   0.384E+04
  OPTIMIZATION STUFF
       95319  -8.8878816816498016        128.87665863426238     
   7.0627344454719712       -15.950616127121773     
        0    95705  -0.201E-01   0.296E+03  -0.538E+00   0.230E+04
  OPTIMIZATION STUFF
       95705  -8.6975979183937948        121.70501281414030     
   6.7865162833439241       -15.484114201737718     
        0    95707  -0.244E-01   0.347E+03   0.690E+00   0.264E+04
  OPTIMIZATION STUFF
       95707  -8.7843002707681901        124.50578031488332     
   6.8805413353794505       -15.664841606147640     
        0    95684  -0.146E+00   0.228E+03  -0.203E+01   0.195E+04
  OPTIMIZATION STUFF
       95684  -8.4661851845893157        114.48360962598485     
   6.5427301676154457       -15.008915352204761     
        0    95719   0.167E+00   0.312E+03   0.184E+01   0.250E+04
  OPTIMIZATION STUFF
       95719  -8.5431215452537383        116.91110023588871     
   6.6276824379952064       -15.170803983248945     
        0    95696  -0.109E+00   0.279E+03  -0.114E+01   0.248E+04
  OPTIMIZATION STUFF
       95696  -8.6197898005095777        118.96012256343383     
   6.6827648737977370       -15.302554674307315     
        0    95629   0.199E+00   0.252E+03   0.180E+01   0.181E+04
  OPTIMIZATION STUFF
       95629  -8.3554639411980247        111.21593250741293     
   6.4344506241599611       -14.789914565357986     
        0    95615  -0.326E+00   0.240E+03  -0.257E+01   0.197E+04
  OPTIMIZATION STUFF
       95615  -8.4364914059520970        113.74026931937379     
   6.5242533731201924       -14.960744779072289     
        0    93442   0.229E+00   0.265E+03   0.138E+01   0.220E+04
  OPTIMIZATION STUFF
       93442  -8.5464348392274374        116.93875683381206     
   6.6254968396831604       -15.171931678910598     
        0    95629  -0.998E-01   0.257E+03   0.102E+00   0.181E+04
  OPTIMIZATION STUFF
       95629  -8.2858305987683867        109.53261596861685     
   6.3935613907375890       -14.679391989505977     
