   20342186.284643982     
   26007507.540223997     
   50649646.911519408     
   55333902.161312364     
   52275755.484404355     
   66290279.175700024     
   43234625.584471226     
   70891120.693908691     
   37614394.090267494     
   67626096.505914569     
   76837597.605434641     
   73007798.547978282     
   62847611.817241192     
   64557779.833087787     
   69697638.481387988     
   121265152.14347377     
   97895668.238699347     
   94440328.560225472     
   79434162.335676029     
   76142689.434364021     
   132895205.92329842     
   86491713.709324211     
   110564887.03488868     
   31741793.539661806     
   14842431.055302249     
   15831877.758323144     
   21391906.712645799     
   17406934.824956518     
   11557439.150704084     
   14461321.084294751     
   13151331.936468124     
   15189621.742664929     
   8610875.9277189393     
   12179572.357304532     
   9849037.9911849629     
   8193296.6738617113     
   8377001.6878635287     
   4542651.3568109199     
   7127622.9679807657     
   4934547.6922883317     
   5190954.7032785835     
   6547067.5169702433     
   4067712.3989245715     
   3917636.0409389092     
   3462200.2400042559     
   3845853.7254727096     
   3603560.8810794209     
   2772246.9039753992     
   2449525.0642200485     
   3760181.1147742295     
   2841845.4929035916     
   2396127.9191987542     
   2588854.5130069703     
   2467979.2900766418     
   2728462.6815713937     
   3060806.6549892463     
   2671063.8844677764     
   1934864.7378734318     
   2274417.7162805251     
   1851010.4311843019     
   1873277.3383380356     
   1671221.9206655982     
   1668896.6853564759     
   1682329.2984371274     
   1513240.5554943236     
   1346230.9827996050     
   1658310.2299956223     
   1605373.1918657923     
   1431437.5780965104     
   1126524.9926648058     
   1469947.4319947748     
   1383147.9515049383     
   1553019.2439634535     
   1533912.4935126002     
   1302775.8431682701     
   1178475.1247371309     
   1317778.6008729257     
   1149818.8073436485     
   1183633.4762492201     
   1261601.0299176201     
   1080328.5920514772     
   1104273.3214799373     
   1010422.3642715716     
   1015909.3325738769     
   955753.74349709344     
   1043484.6935842787     
   1111857.3332808851     
   1241193.9449958724     
   1005495.6023594331     
   1103491.4371521785     
   1015969.3894698106     
   1000870.5193662681     
   1108041.7060108010     
   973834.56383590167     
   935274.37672811048     
   784595.84655276057     
   1072970.4243124083     
   957273.68993351492     
   955815.81036146148     
   846380.99713425455     
   874686.81072461512     
   941984.35357821838     
   1009004.2000352675     
   932085.39210618904     
   1002350.1209786455     
   923294.62354352523     
   880594.10095418454     
   783186.05961277208     
   996439.22407106741     
   239444.43921759084     
   902482.43915652414     
   849093.02639243775     
   912798.26134085213     
   704410.74519147153     
   896456.23917934450     
   776861.76044364797     
   968308.39245771663     
   691894.86349377118     
   842610.83347081265     
   842756.89803532697     
