tried moves    experiment_1   _      experiment_2    _                                                                                                                                                                                                                                                                                                                                                                                                                                                                          
        0   336000   0.745E+01   0.158E+05   0.110E+03   0.155E+06
  OPTIMIZATION STUFF
      336000  -206.305895224005        181421.925087460     
   372.638970966916       -578.944866190921     
        0   331000  -0.693E+01   0.119E+05  -0.962E+02   0.208E+06
  OPTIMIZATION STUFF
      331000  -252.125995264306        215016.821030705     
   389.164879636752       -641.290874901058     
        0   338894  -0.531E+00   0.417E+04  -0.120E+02   0.128E+06
  OPTIMIZATION STUFF
      338894  -114.775775497348        58619.8033599666     
   213.181436149935       -327.957211647283     
        0   337898  -0.482E-01   0.147E+04  -0.110E+01   0.502E+05
  OPTIMIZATION STUFF
      337898  -46.1369548100675        11230.2590551338     
   95.4025180799100       -141.539472889978     
        0   341259  -0.143E-01   0.268E+03  -0.356E+00   0.166E+05
  OPTIMIZATION STUFF
      341259  -20.9795797657177        1481.66720348213     
   32.2726577203678       -53.2522374860855     
        0   337597  -0.975E-02   0.497E+02  -0.651E+00   0.208E+04
  OPTIMIZATION STUFF
      337597  -15.3240836162409        496.508168216543     
   16.1765456615125       -31.5006292777534     
        0   329613   0.480E-02   0.163E+03   0.571E+00   0.108E+05
  OPTIMIZATION STUFF
      329613  -14.9806793524644        685.841124989743     
   21.4806976406352       -36.4613769930996     
        0   297055   0.171E-02   0.375E+02   0.201E+01   0.266E+04
  OPTIMIZATION STUFF
      297055  -13.4184854187217        392.319342261320     
   14.5692687300658       -27.9877541487875     
        0   293960  -0.488E-02   0.301E+02  -0.728E+00   0.333E+04
  OPTIMIZATION STUFF
      293960  -13.2717485138691        404.837690315120     
   15.1227769176078       -28.3945254314770     
        0   289704   0.597E-02   0.335E+02   0.641E+00   0.361E+04
  OPTIMIZATION STUFF
      289704  -13.7510423855833        449.502644192726     
   16.1372698280291       -29.8883122136124     
        0   284570   0.738E-02   0.319E+02  -0.101E-01   0.309E+04
  OPTIMIZATION STUFF
      284570  -14.8464344723593        544.973543661264     
   18.0154635554905       -32.8618980278498     
        0   282382   0.216E-02   0.443E+02  -0.279E+00   0.426E+04
  OPTIMIZATION STUFF
      282382  -16.4861737209333        696.617457672618     
   20.6112477476699       -37.0974214686032     
