        2206
  11759      0        0
  11760      1     5358
  11761      0        0
  11762      1     5784
  11763      0        0
  11764      1     5111
  11765      1     5112
  11766      1     5126
  11767      2     4460   5484
  11768      1     4895
  11769      1     5482
  11770      2     5646   5720
  11771      0        0
  11772      1     5379
  11773      0        0
  11774      2     5237   5494
  11775      0        0
  11776      0        0
  11777      0        0
  11778      1     5141
  11779      1     5310
  11780      1     4688
  11781      1     5270
  11782      2     4795   5280
  11783      1     4691
  11784      2     5507   5705
  11785      0        0
  11786      2     4889   5309
  11787      1     5419
  11788      0        0
  11789      1     5192
  11790      0        0
  11791      1     4456
  11792      1     5230
  11793      3     4563   5548   5690
  11794      0        0
  11795      0        0
  11796      1     5233
  11797      0        0
  11798      1     4848
  11799      2     4704   5791
  11800      1     4673
  11801      0        0
  11802      1     5570
  11803      0        0
  11804      1     4844
  11805      1     5793
  11806      0        0
  11807      1     4558
  11808      1     5620
  11809      0        0
  11810      0        0
  11811      1     5493
  11812      2     4948   5219
  11813      0        0
  11814      1     4588
  11815      1     4678
  11816      1     5770
  11817      1     5272
  11818      1     4971
  11819      1     5394
  11820      0        0
  11821      0        0
  11822      2     4534   4885
  11823      1     4685
  11824      0        0
  11825      1     5119
  11826      1     5043
  11827      1     5399
  11828      0        0
  11829      1     4510
  11830      0        0
  11831      0        0
  11832      0        0
  11833      1     5164
  11834      1     5387
  11835      0        0
  11836      2     5609   5696
  11837      1     4733
  11838      3     5375   5595   5837
  11839      0        0
  11840      0        0
  11841      2     4454   5152
  11842      1     5656
  11843      1     5208
  11844      0        0
  11845      2     4645   4907
  11846      0        0
  11847      0        0
  11848      0        0
  11849      2     4748   5627
  11850      1     4634
  11851      1     5745
  11852      0        0
  11853      2     4765   4974
  11854      0        0
  11855      0        0
  11856      1     4773
  11857      1     5146
  11858      0        0
  11859      1     4736
  11860      2     4765   4815
  11861      1     5114
  11862      0        0
  11863      1     5645
  11864      1     5601
  11865      1     4987
  11866      1     4499
  11867      1     5403
  11868      2     4536   5679
  11869      1     5390
  11870      1     4618
  11871      2     4740   4965
  11872      1     5536
  11873      1     4473
  11874      1     4880
  11875      0        0
  11876      1     4944
  11877      1     5273
  11878      1     5873
  11879      1     5772
  11880      1     5657
  11881      0        0
  11882      1     5399
  11883      0        0
  11884      1     4414
  11885      2     4576   5339
  11886      1     5024
  11887      1     5815
  11888      0        0
  11889      1     5176
  11890      1     4658
  11891      1     5433
  11892      1     4679
  11893      1     5001
  11894      0        0
  11895      2     4849   5276
  11896      1     4865
  11897      0        0
  11898      1     5699
  11899      1     5731
  11900      1     4425
  11901      1     4670
  11902      0        0
  11903      1     5136
  11904      2     5415   5699
  11905      1     5737
  11906      1     5718
  11907      1     4620
  11908      1     4486
  11909      2     4479   5412
  11910      1     5190
  11911      0        0
  11912      1     4549
  11913      2     5066   5573
  11914      1     5102
  11915      2     4800   5715
  11916      1     5424
  11917      2     4609   5523
  11918      0        0
  11919      1     5360
  11920      1     5207
  11921      1     5613
  11922      1     4872
  11923      1     4433
  11924      1     5029
  11925      1     4755
  11926      0        0
  11927      0        0
  11928      0        0
  11929      1     4783
  11930      1     4933
  11931      1     5560
  11932      2     4947   5194
  11933      2     4449   4804
  11934      1     4618
  11935      0        0
  11936      1     5724
  11937      1     4973
  11938      1     5509
  11939      2     4969   5012
  11940      1     5020
  11941      2     4498   4510
  11942      0        0
  11943      2     4996   5474
  11944      1     4537
  11945      1     4721
  11946      2     4729   5550
  11947      1     4612
  11948      1     4698
  11949      0        0
  11950      0        0
  11951      1     4531
  11952      1     5498
  11953      2     5416   5496
  11954      0        0
  11955      0        0
  11956      3     4444   5718   5772
  11957      1     4880
  11958      0        0
  11959      1     4718
  11960      1     5322
  11961      1     5867
  11962      0        0
  11963      1     5124
  11964      2     5041   5374
  11965      1     5542
  11966      2     5282   5615
  11967      0        0
  11968      0        0
  11969      0        0
  11970      2     4767   5504
  11971      1     4429
  11972      1     5301
  11973      2     5017   5718
  11974      1     5616
  11975      1     5604
  11976      2     4946   5461
  11977      1     5213
  11978      1     4716
  11979      0        0
  11980      3     4622   5307   5684
  11981      1     4582
  11982      1     4958
  11983      1     5549
  11984      0        0
  11985      1     4908
  11986      1     5032
  11987      2     4760   5212
  11988      0        0
  11989      1     4706
  11990      1     5239
  11991      1     5836
  11992      1     4651
  11993      1     4814
  11994      1     5266
  11995      0        0
  11996      1     4591
  11997      0        0
  11998      1     5736
  11999      1     5456
  12000      1     5769
  12001      1     5235
  12002      1     5179
  12003      3     4717   4795   5280
  12004      1     5104
  12005      0        0
  12006      1     4413
  12007      1     4710
  12008      0        0
  12009      1     5406
  12010      1     5577
  12011      1     4497
  12012      0        0
  12013      0        0
  12014      1     4574
  12015      1     5796
  12016      3     5054   5373   5618
  12017      1     4529
  12018      0        0
  12019      0        0
  12020      0        0
  12021      1     4910
  12022      1     5200
  12023      1     5283
  12024      1     5546
  12025      0        0
  12026      1     4458
  12027      1     4761
  12028      1     5875
  12029      2     5147   5632
  12030      2     5240   5368
  12031      1     5713
  12032      1     4952
  12033      0        0
  12034      0        0
  12035      1     4779
  12036      0        0
  12037      0        0
  12038      1     4909
  12039      0        0
  12040      1     5069
  12041      0        0
  12042      1     5849
  12043      0        0
  12044      1     5566
  12045      3     5228   5284   5552
  12046      0        0
  12047      0        0
  12048      0        0
  12049      1     5603
  12050      1     4921
  12051      0        0
  12052      2     4782   4822
  12053      0        0
  12054      1     4905
  12055      0        0
  12056      1     5741
  12057      0        0
  12058      2     4504   5048
  12059      1     5064
  12060      1     4438
  12061      0        0
  12062      1     5643
  12063      1     4646
  12064      2     4593   5088
  12065      1     4827
  12066      2     4886   5046
  12067      0        0
  12068      1     4995
  12069      0        0
  12070      2     4485   4677
  12071      1     5550
  12072      3     4483   5109   5822
  12073      0        0
  12074      2     4623   5128
  12075      0        0
  12076      0        0
  12077      1     5708
  12078      0        0
  12079      1     5061
  12080      1     4535
  12081      0        0
  12082      0        0
  12083      1     4882
  12084      2     4664   5681
  12085      1     4788
  12086      1     5235
  12087      0        0
  12088      2     5312   5744
  12089      0        0
  12090      1     4837
  12091      1     4417
  12092      1     4578
  12093      0        0
  12094      1     4719
  12095      1     5647
  12096      2     4797   5777
  12097      2     4831   5347
  12098      2     4585   5622
  12099      0        0
  12100      0        0
  12101      2     4463   5067
  12102      0        0
  12103      0        0
  12104      1     5871
  12105      1     5011
  12106      0        0
  12107      2     4699   5749
  12108      1     5434
  12109      0        0
  12110      1     4809
  12111      1     4760
  12112      1     4884
  12113      0        0
  12114      1     5653
  12115      1     5821
  12116      0        0
  12117      1     5333
  12118      0        0
  12119      2     4707   5076
  12120      1     4522
  12121      1     5059
  12122      1     5824
  12123      1     4557
  12124      0        0
  12125      1     4533
  12126      2     5030   5291
  12127      2     4957   5425
  12128      1     5043
  12129      1     4598
  12130      2     5169   5259
  12131      0        0
  12132      1     5596
  12133      1     4559
  12134      0        0
  12135      2     5335   5826
  12136      1     4900
  12137      1     4701
  12138      0        0
  12139      0        0
  12140      1     4652
  12141      1     5491
  12142      0        0
  12143      1     5418
  12144      0        0
  12145      3     4945   5162   5669
  12146      0        0
  12147      1     5340
  12148      0        0
  12149      1     5842
  12150      1     5286
  12151      0        0
  12152      0        0
  12153      0        0
  12154      1     5769
  12155      0        0
  12156      0        0
  12157      2     4532   5141
  12158      0        0
  12159      1     4824
  12160      0        0
  12161      1     5724
  12162      0        0
  12163      1     5147
  12164      1     4502
  12165      0        0
  12166      0        0
  12167      1     4831
  12168      0        0
  12169      0        0
  12170      0        0
  12171      2     4725   5094
  12172      1     5465
  12173      2     5053   5787
  12174      2     4521   5145
  12175      1     5532
  12176      1     5500
  12177      2     4874   5057
  12178      1     5692
  12179      1     5012
  12180      2     5083   5753
  12181      2     4452   5352
  12182      0        0
  12183      1     4425
  12184      1     4700
  12185      0        0
  12186      1     5196
  12187      0        0
  12188      2     4796   5044
  12189      1     4642
  12190      0        0
  12191      0        0
  12192      1     5305
  12193      2     4953   5414
  12194      0        0
  12195      1     5518
  12196      2     5739   5820
  12197      2     5100   5137
  12198      1     5602
  12199      0        0
  12200      1     4981
  12201      0        0
  12202      0        0
  12203      1     5709
  12204      0        0
  12205      2     5031   5548
  12206      1     4997
  12207      1     4936
  12208      1     4448
  12209      1     5415
  12210      0        0
  12211      0        0
  12212      0        0
  12213      0        0
  12214      2     4626   5332
  12215      0        0
  12216      1     5039
  12217      0        0
  12218      0        0
  12219      0        0
  12220      1     5844
  12221      0        0
  12222      0        0
  12223      1     4467
  12224      3     4548   5134   5210
  12225      0        0
  12226      1     4619
  12227      0        0
  12228      0        0
  12229      1     4772
  12230      1     4602
  12231      2     4915   5526
  12232      2     5527   5656
  12233      0        0
  12234      1     5641
  12235      0        0
  12236      0        0
  12237      1     4591
  12238      2     5309   5320
  12239      0        0
  12240      2     4774   5409
  12241      0        0
  12242      1     5252
  12243      0        0
  12244      1     4466
  12245      2     5023   5314
  12246      2     4706   5756
  12247      0        0
  12248      1     5554
  12249      0        0
  12250      0        0
  12251      1     5404
  12252      1     5853
  12253      1     4962
  12254      0        0
  12255      2     5522   5832
  12256      0        0
  12257      1     5470
  12258      0        0
  12259      1     4807
  12260      1     5330
  12261      1     4655
  12262      1     4713
  12263      1     5073
  12264      0        0
  12265      1     4954
  12266      2     5589   5762
  12267      1     5359
  12268      3     4614   4908   5866
  12269      1     5833
  12270      1     5403
  12271      1     5132
  12272      0        0
  12273      1     4967
  12274      1     4752
  12275      1     4544
  12276      0        0
  12277      1     5589
  12278      2     4650   5544
  12279      1     5026
  12280      0        0
  12281      1     5211
  12282      2     4705   5217
  12283      0        0
  12284      2     5422   5866
  12285      0        0
  12286      1     4642
  12287      2     4544   5793
  12288      0        0
  12289      2     5388   5554
  12290      0        0
  12291      0        0
  12292      1     5494
  12293      1     5353
  12294      0        0
  12295      0        0
  12296      0        0
  12297      1     4882
  12298      1     4542
  12299      1     5537
  12300      1     5427
  12301      0        0
  12302      1     4988
  12303      0        0
  12304      0        0
  12305      1     4640
  12306      2     4651   5621
  12307      1     5055
  12308      1     5136
  12309      0        0
  12310      0        0
  12311      1     4797
  12312      1     5851
  12313      0        0
  12314      0        0
  12315      1     5371
  12316      1     5605
  12317      1     5551
  12318      1     4493
  12319      0        0
  12320      0        0
  12321      0        0
  12322      2     4832   5620
  12323      1     5006
  12324      0        0
  12325      1     5169
  12326      1     5579
  12327      1     4599
  12328      2     4419   4488
  12329      2     4868   5704
  12330      1     5269
  12331      1     4925
  12332      2     4894   5639
  12333      2     4687   5400
  12334      1     4613
  12335      1     5449
  12336      0        0
  12337      2     4842   5529
  12338      1     5607
  12339      1     4607
  12340      2     4784   4976
  12341      0        0
  12342      1     5161
  12343      1     4545
  12344      1     5284
  12345      0        0
  12346      0        0
  12347      0        0
  12348      1     5635
  12349      2     5517   5592
  12350      0        0
  12351      0        0
  12352      2     4484   5386
  12353      1     4973
  12354      1     4839
  12355      1     4735
  12356      0        0
  12357      0        0
  12358      0        0
  12359      1     5245
  12360      0        0
  12361      0        0
  12362      1     5211
  12363      1     5085
  12364      0        0
  12365      1     5436
  12366      1     5041
  12367      1     5592
  12368      2     4505   4868
  12369      1     5775
  12370      0        0
  12371      1     5130
  12372      0        0
  12373      1     5222
  12374      0        0
  12375      1     5252
  12376      0        0
  12377      1     5458
  12378      1     5543
  12379      1     4467
  12380      1     5734
  12381      1     5255
  12382      1     5267
  12383      0        0
  12384      2     5394   5666
  12385      0        0
  12386      2     4589   5439
  12387      2     5177   5342
  12388      1     5061
  12389      0        0
  12390      1     4554
  12391      1     4740
  12392      1     4906
  12393      0        0
  12394      1     5788
  12395      0        0
  12396      0        0
  12397      2     5000   5622
  12398      0        0
  12399      1     4465
  12400      2     4911   5139
  12401      1     5166
  12402      1     4865
  12403      0        0
  12404      0        0
  12405      2     5381   5603
  12406      2     5085   5874
  12407      2     4485   5712
  12408      2     4630   4703
  12409      0        0
  12410      1     4643
  12411      0        0
  12412      1     4887
  12413      0        0
  12414      0        0
  12415      1     5292
  12416      0        0
  12417      1     4660
  12418      2     4582   4633
  12419      1     5548
  12420      1     5754
  12421      1     4978
  12422      1     4572
  12423      0        0
  12424      0        0
  12425      1     5737
  12426      1     5804
  12427      2     5135   5492
  12428      1     5777
  12429      1     5476
  12430      0        0
  12431      0        0
  12432      1     5109
  12433      1     4507
  12434      1     4743
  12435      0        0
  12436      1     5140
  12437      1     5863
  12438      2     4733   5193
  12439      2     5104   5162
  12440      1     4916
  12441      1     5648
  12442      2     4420   5674
  12443      2     4769   5160
  12444      1     5277
  12445      1     5264
  12446      1     4417
  12447      0        0
  12448      0        0
  12449      0        0
  12450      0        0
  12451      1     4610
  12452      2     4645   4907
  12453      0        0
  12454      0        0
  12455      2     4509   5069
  12456      0        0
  12457      1     5803
  12458      1     5357
  12459      1     5150
  12460      1     4666
  12461      0        0
  12462      2     4991   5650
  12463      1     5459
  12464      2     4513   5160
  12465      1     5825
  12466      1     5347
  12467      1     4543
  12468      1     4596
  12469      2     4451   5878
  12470      2     5404   5557
  12471      1     5776
  12472      1     5296
  12473      0        0
  12474      1     5812
  12475      0        0
  12476      1     4756
  12477      1     4779
  12478      1     5172
  12479      1     4833
  12480      0        0
  12481      0        0
  12482      1     5334
  12483      0        0
  12484      0        0
  12485      1     5304
  12486      0        0
  12487      1     5481
  12488      1     5859
  12489      1     5801
  12490      1     4918
  12491      0        0
  12492      0        0
  12493      1     5431
  12494      0        0
  12495      2     5341   5799
  12496      0        0
  12497      0        0
  12498      0        0
  12499      2     5668   5870
  12500      0        0
  12501      1     5459
  12502      2     4838   5065
  12503      1     5220
  12504      1     5279
  12505      1     4799
  12506      0        0
  12507      2     5452   5628
  12508      0        0
  12509      0        0
  12510      1     5649
  12511      2     4450   5801
  12512      0        0
  12513      0        0
  12514      0        0
  12515      2     4504   5727
  12516      0        0
  12517      0        0
  12518      1     5188
  12519      0        0
  12520      1     5759
  12521      1     5246
  12522      1     5638
  12523      2     5072   5496
  12524      1     5271
  12525      1     4817
  12526      0        0
  12527      1     4693
  12528      2     5213   5260
  12529      2     4601   5590
  12530      2     5321   5572
  12531      1     4820
  12532      1     4721
  12533      0        0
  12534      1     4981
  12535      1     5015
  12536      1     5374
  12537      3     4893   5120   5489
  12538      1     5287
  12539      1     4843
  12540      1     4923
  12541      0        0
  12542      1     5414
  12543      1     5552
  12544      0        0
  12545      1     5164
  12546      1     5595
  12547      3     5062   5275   5538
  12548      0        0
  12549      1     5155
  12550      1     4881
  12551      2     5142   5392
  12552      0        0
  12553      1     5875
  12554      0        0
  12555      0        0
  12556      1     5044
  12557      0        0
  12558      1     4599
  12559      1     4745
  12560      1     4654
  12561      0        0
  12562      0        0
  12563      0        0
  12564      1     4972
  12565      1     5808
  12566      1     5126
  12567      0        0
  12568      0        0
  12569      2     5025   5687
  12570      1     4812
  12571      1     5337
  12572      0        0
  12573      2     5228   5410
  12574      0        0
  12575      1     5034
  12576      2     4552   5242
  12577      1     5188
  12578      2     4609   4633
  12579      0        0
  12580      1     5840
  12581      0        0
  12582      2     4945   5669
  12583      3     4435   4508   5057
  12584      2     5682   5848
  12585      2     5091   5214
  12586      1     5761
  12587      0        0
  12588      0        0
  12589      1     5689
  12590      0        0
  12591      1     4645
  12592      0        0
  12593      2     4810   5061
  12594      0        0
  12595      2     4790   5424
  12596      0        0
  12597      0        0
  12598      2     5644   5760
  12599      0        0
  12600      0        0
  12601      1     5392
  12602      1     5874
  12603      1     5805
  12604      0        0
  12605      2     4415   5312
  12606      1     4600
  12607      1     5027
  12608      0        0
  12609      1     4825
  12610      1     5594
  12611      1     4860
  12612      3     4537   5389   5608
  12613      0        0
  12614      1     4603
  12615      2     5084   5106
  12616      1     5059
  12617      2     4668   5563
  12618      0        0
  12619      2     4459   5458
  12620      0        0
  12621      1     5418
  12622      1     4997
  12623      0        0
  12624      1     5283
  12625      0        0
  12626      2     5050   5261
  12627      1     5136
  12628      0        0
  12629      1     5559
  12630      2     5227   5875
  12631      1     5389
  12632      0        0
  12633      0        0
  12634      1     5326
  12635      2     4505   4864
  12636      1     5285
  12637      1     5707
  12638      2     4531   5662
  12639      0        0
  12640      0        0
  12641      1     5077
  12642      1     5187
  12643      0        0
  12644      1     5585
  12645      1     4641
  12646      1     5090
  12647      0        0
  12648      0        0
  12649      1     5013
  12650      2     4583   5017
  12651      2     5479   5594
  12652      0        0
  12653      2     4823   5752
  12654      2     4983   5047
  12655      1     5655
  12656      0        0
  12657      2     5475   5855
  12658      1     5224
  12659      0        0
  12660      1     4424
  12661      1     5568
  12662      0        0
  12663      1     4493
  12664      0        0
  12665      1     5707
  12666      2     4878   5829
  12667      2     4432   4613
  12668      1     5622
  12669      1     5800
  12670      1     5735
  12671      0        0
  12672      0        0
  12673      1     5788
  12674      0        0
  12675      2     5545   5708
  12676      1     5294
  12677      2     5464   5544
  12678      1     4635
  12679      0        0
  12680      2     4639   5121
  12681      0        0
  12682      1     4913
  12683      1     4592
  12684      0        0
  12685      0        0
  12686      0        0
  12687      2     4842   5354
  12688      2     5513   5528
  12689      1     4643
  12690      0        0
  12691      1     5848
  12692      0        0
  12693      1     4822
  12694      0        0
  12695      1     5829
  12696      0        0
  12697      0        0
  12698      2     5328   5559
  12699      1     4415
  12700      1     5487
  12701      1     5601
  12702      2     4667   5102
  12703      2     4929   5053
  12704      1     4549
  12705      2     5491   5865
  12706      0        0
  12707      0        0
  12708      2     4936   5782
  12709      0        0
  12710      0        0
  12711      1     5054
  12712      0        0
  12713      0        0
  12714      0        0
  12715      1     4917
  12716      1     5271
  12717      0        0
  12718      0        0
  12719      1     4954
  12720      1     4411
  12721      1     5733
  12722      0        0
  12723      0        0
  12724      1     4536
  12725      1     4692
  12726      1     5152
  12727      1     4518
  12728      1     4935
  12729      0        0
  12730      2     4784   4979
  12731      1     5544
  12732      0        0
  12733      0        0
  12734      0        0
  12735      0        0
  12736      1     4422
  12737      2     5300   5468
  12738      1     4804
  12739      1     5606
  12740      1     4749
  12741      0        0
  12742      0        0
  12743      1     5748
  12744      0        0
  12745      2     4489   4734
  12746      0        0
  12747      1     4945
  12748      1     5362
  12749      1     5540
  12750      2     5040   5731
  12751      1     5462
  12752      1     4944
  12753      2     4516   5107
  12754      1     5278
  12755      0        0
  12756      0        0
  12757      2     5309   5319
  12758      0        0
  12759      1     4449
  12760      1     5685
  12761      0        0
  12762      0        0
  12763      0        0
  12764      1     5083
  12765      1     4982
  12766      0        0
  12767      1     4506
  12768      1     5097
  12769      0        0
  12770      0        0
  12771      0        0
  12772      2     4463   5080
  12773      1     4499
  12774      2     4851   5276
  12775      0        0
  12776      1     4805
  12777      0        0
  12778      0        0
  12779      0        0
  12780      1     5165
  12781      0        0
  12782      2     4760   5547
  12783      0        0
  12784      0        0
  12785      0        0
  12786      0        0
  12787      2     4576   5290
  12788      0        0
  12789      1     5271
  12790      0        0
  12791      0        0
  12792      1     5178
  12793      2     4836   4998
  12794      1     4463
  12795      1     5518
  12796      1     5265
  12797      0        0
  12798      1     4885
  12799      1     5709
  12800      1     5483
  12801      0        0
  12802      2     4476   4876
  12803      1     5152
  12804      0        0
  12805      1     5783
  12806      1     4757
  12807      0        0
  12808      1     4624
  12809      2     4614   4631
  12810      2     4587   5467
  12811      0        0
  12812      0        0
  12813      0        0
  12814      1     5048
  12815      0        0
  12816      2     4766   5360
  12817      2     4732   5787
  12818      0        0
  12819      0        0
  12820      1     5647
  12821      0        0
  12822      0        0
  12823      2     4854   5527
  12824      0        0
  12825      0        0
  12826      0        0
  12827      0        0
  12828      0        0
  12829      0        0
  12830      0        0
  12831      1     5833
  12832      0        0
  12833      1     5314
  12834      1     5218
  12835      1     5605
  12836      1     5450
  12837      1     5257
  12838      1     5098
  12839      0        0
  12840      0        0
  12841      0        0
  12842      0        0
  12843      1     4981
  12844      0        0
  12845      1     4475
  12846      0        0
  12847      1     4692
  12848      1     5463
  12849      1     4584
  12850      1     5719
  12851      1     5070
  12852      2     5168   5879
  12853      1     5286
  12854      1     4863
  12855      1     4541
  12856      1     4808
  12857      0        0
  12858      0        0
  12859      0        0
  12860      0        0
  12861      1     5430
  12862      1     4676
  12863      0        0
  12864      0        0
  12865      1     5438
  12866      3     4475   4754   4924
  12867      1     4555
  12868      0        0
  12869      0        0
  12870      1     5153
  12871      1     5089
  12872      0        0
  12873      0        0
  12874      1     5454
  12875      1     5779
  12876      0        0
  12877      1     5586
  12878      0        0
  12879      0        0
  12880      1     5541
  12881      0        0
  12882      1     5519
  12883      0        0
  12884      0        0
  12885      0        0
  12886      0        0
  12887      1     4573
  12888      0        0
  12889      1     5525
  12890      2     4924   5328
  12891      0        0
  12892      0        0
  12893      0        0
  12894      0        0
  12895      2     4937   5380
  12896      1     4532
  12897      1     4846
  12898      0        0
  12899      1     5311
  12900      0        0
  12901      2     4725   4731
  12902      1     5289
  12903      1     4694
  12904      2     5003   5555
  12905      1     4839
  12906      0        0
  12907      1     4612
  12908      0        0
  12909      2     4639   5564
  12910      0        0
  12911      1     5043
  12912      1     5634
  12913      1     5441
  12914      1     4606
  12915      1     5387
  12916      1     5843
  12917      1     4755
  12918      1     4494
  12919      0        0
  12920      1     5338
  12921      1     4738
  12922      0        0
  12923      0        0
  12924      1     4940
  12925      0        0
  12926      1     4477
  12927      1     4920
  12928      0        0
  12929      3     4472   4717   5306
  12930      0        0
  12931      0        0
  12932      1     5696
  12933      0        0
  12934      1     4697
  12935      1     5395
  12936      1     5378
  12937      0        0
  12938      0        0
  12939      2     5034   5413
  12940      0        0
  12941      1     5789
  12942      1     5667
  12943      1     5379
  12944      1     5037
  12945      1     4507
  12946      0        0
  12947      0        0
  12948      1     4551
  12949      2     4435   5869
  12950      1     4799
  12951      1     5058
  12952      1     5148
  12953      1     5270
  12954      1     4575
  12955      0        0
  12956      1     5872
  12957      2     5686   5826
  12958      1     4852
  12959      1     5361
  12960      0        0
  12961      1     4846
  12962      0        0
  12963      0        0
  12964      1     4801
  12965      1     5078
  12966      0        0
  12967      1     5164
  12968      1     4481
  12969      1     5797
  12970      0        0
  12971      0        0
  12972      0        0
  12973      0        0
  12974      1     5461
  12975      2     5132   5305
  12976      1     5011
  12977      2     4567   4662
  12978      0        0
  12979      0        0
  12980      1     5327
  12981      1     4991
  12982      1     4801
  12983      0        0
  12984      0        0
  12985      1     4568
  12986      0        0
  12987      0        0
  12988      2     5387   5561
  12989      2     4909   4953
  12990      0        0
  12991      1     5616
  12992      1     4468
  12993      1     5349
  12994      0        0
  12995      0        0
  12996      1     5721
  12997      0        0
  12998      2     4892   5121
  12999      1     4670
  13000      0        0
  13001      0        0
  13002      0        0
  13003      0        0
  13004      1     5754
  13005      0        0
  13006      2     4763   5672
  13007      0        0
  13008      0        0
  13009      1     4605
  13010      1     5830
  13011      1     5339
  13012      1     5269
  13013      0        0
  13014      1     4811
  13015      0        0
  13016      1     5488
  13017      1     4840
  13018      1     4608
  13019      1     5545
  13020      0        0
  13021      0        0
  13022      0        0
  13023      0        0
  13024      0        0
  13025      1     5068
  13026      1     4750
  13027      1     5823
  13028      1     5154
  13029      2     4418   4847
  13030      1     5577
  13031      0        0
  13032      1     5096
  13033      1     4657
  13034      1     4541
  13035      0        0
  13036      1     5382
  13037      2     4838   5065
  13038      0        0
  13039      0        0
  13040      1     5166
  13041      1     5287
  13042      1     4474
  13043      1     5760
  13044      1     4499
  13045      1     5232
  13046      1     4802
  13047      0        0
  13048      0        0
  13049      1     5757
  13050      1     5496
  13051      0        0
  13052      0        0
  13053      0        0
  13054      1     4822
  13055      1     4907
  13056      0        0
  13057      1     4522
  13058      1     4462
  13059      0        0
  13060      0        0
  13061      1     5246
  13062      0        0
  13063      2     5330   5843
  13064      0        0
  13065      0        0
  13066      0        0
  13067      0        0
  13068      0        0
  13069      0        0
  13070      1     5366
  13071      0        0
  13072      2     5004   5098
  13073      0        0
  13074      1     5217
  13075      0        0
  13076      1     4584
  13077      0        0
  13078      2     4675   5391
  13079      0        0
  13080      0        0
  13081      0        0
  13082      0        0
  13083      0        0
  13084      0        0
  13085      1     5229
  13086      1     4572
  13087      0        0
  13088      2     4833   4900
  13089      0        0
  13090      1     5480
  13091      0        0
  13092      1     5354
  13093      1     5438
  13094      1     5065
  13095      0        0
  13096      2     4530   4601
  13097      0        0
  13098      0        0
  13099      1     5442
  13100      0        0
  13101      1     4871
  13102      2     4537   5608
  13103      2     5725   5745
  13104      2     4659   5030
  13105      0        0
  13106      0        0
  13107      1     4688
  13108      2     5683   5722
  13109      2     4679   4781
  13110      1     4964
  13111      1     5354
  13112      0        0
  13113      1     5502
  13114      1     5259
  13115      1     4534
  13116      1     5457
  13117      1     5658
  13118      2     4702   5202
  13119      2     4930   5203
  13120      0        0
  13121      0        0
  13122      1     5463
  13123      0        0
  13124      1     5195
  13125      0        0
  13126      3     4589   5103   5805
  13127      1     4640
  13128      1     5242
  13129      1     5510
  13130      1     5158
  13131      1     5828
  13132      0        0
  13133      1     5714
  13134      1     5854
  13135      0        0
  13136      0        0
  13137      3     4744   4960   5864
  13138      1     5081
  13139      1     5646
  13140      0        0
  13141      1     4921
  13142      0        0
  13143      0        0
  13144      1     5479
  13145      2     4629   5247
  13146      0        0
  13147      1     4483
  13148      0        0
  13149      0        0
  13150      0        0
  13151      0        0
  13152      1     5018
  13153      0        0
  13154      0        0
  13155      1     4769
  13156      1     4891
  13157      1     5229
  13158      0        0
  13159      1     4866
  13160      1     4795
  13161      0        0
  13162      1     4548
  13163      1     5553
  13164      0        0
  13165      2     5725   5870
  13166      1     5245
  13167      0        0
  13168      0        0
  13169      0        0
  13170      0        0
  13171      0        0
  13172      0        0
  13173      2     4841   5473
  13174      1     4818
  13175      0        0
  13176      1     4687
  13177      0        0
  13178      0        0
  13179      0        0
  13180      1     4718
  13181      1     5199
  13182      0        0
  13183      1     5844
  13184      1     5371
  13185      0        0
  13186      1     5258
  13187      0        0
  13188      0        0
  13189      0        0
  13190      1     4787
  13191      0        0
  13192      0        0
  13193      2     4701   5131
  13194      1     4653
  13195      1     4523
  13196      2     5298   5852
  13197      0        0
  13198      0        0
  13199      1     5718
  13200      1     5015
  13201      0        0
  13202      0        0
  13203      1     5146
  13204      1     4842
  13205      0        0
  13206      1     5369
  13207      1     4963
  13208      0        0
  13209      0        0
  13210      0        0
  13211      2     5352   5423
  13212      2     4664   5175
  13213      0        0
  13214      0        0
  13215      0        0
  13216      0        0
  13217      2     5331   5670
  13218      2     5386   5628
  13219      0        0
  13220      1     4978
  13221      1     5877
  13222      0        0
  13223      1     5396
  13224      1     5184
  13225      0        0
  13226      0        0
  13227      1     5378
  13228      1     4730
  13229      1     5480
  13230      2     4585   5622
  13231      2     4544   5876
  13232      2     4529   4664
  13233      2     4571   5721
  13234      0        0
  13235      0        0
  13236      2     4780   5531
  13237      1     5437
  13238      0        0
  13239      1     5815
  13240      0        0
  13241      2     5013   5511
  13242      1     5014
  13243      1     4713
  13244      0        0
  13245      2     5204   5464
  13246      1     4500
  13247      2     4619   4735
  13248      1     4661
  13249      2     4656   5580
  13250      0        0
  13251      0        0
  13252      1     4943
  13253      2     4650   5172
  13254      0        0
  13255      0        0
  13256      2     5236   5798
  13257      0        0
  13258      1     5213
  13259      0        0
  13260      0        0
  13261      0        0
  13262      2     4501   5570
  13263      0        0
  13264      1     5353
  13265      1     4908
  13266      0        0
  13267      2     4559   5221
  13268      0        0
  13269      0        0
  13270      2     4470   5349
  13271      0        0
  13272      1     5685
  13273      0        0
  13274      0        0
  13275      1     5741
  13276      1     4724
  13277      0        0
  13278      1     5856
  13279      1     5311
  13280      2     4829   5554
  13281      0        0
  13282      0        0
  13283      0        0
  13284      1     4521
  13285      1     4888
  13286      0        0
  13287      0        0
  13288      1     4440
  13289      0        0
  13290      0        0
  13291      0        0
  13292      0        0
  13293      3     4415   4722   5744
  13294      0        0
  13295      1     4586
  13296      1     4603
  13297      0        0
  13298      0        0
  13299      1     5631
  13300      1     4765
  13301      1     4773
  13302      0        0
  13303      1     5194
  13304      1     5796
  13305      0        0
  13306      1     5039
  13307      0        0
  13308      1     4528
  13309      1     4771
  13310      0        0
  13311      0        0
  13312      1     4835
  13313      0        0
  13314      1     5652
  13315      0        0
  13316      0        0
  13317      0        0
  13318      1     4695
  13319      1     5195
  13320      0        0
  13321      1     5216
  13322      0        0
  13323      0        0
  13324      1     4927
  13325      0        0
  13326      1     5293
  13327      0        0
  13328      0        0
  13329      0        0
  13330      1     5405
  13331      0        0
  13332      1     5355
  13333      1     5719
  13334      0        0
  13335      2     5679   5742
  13336      1     5180
  13337      2     4919   5363
  13338      1     5774
  13339      0        0
  13340      1     4663
  13341      1     5073
  13342      2     5286   5443
  13343      0        0
  13344      0        0
  13345      2     4712   5786
  13346      0        0
  13347      0        0
  13348      1     5876
  13349      0        0
  13350      1     4823
  13351      2     5468   5653
  13352      0        0
  13353      1     5469
  13354      1     4817
  13355      0        0
  13356      0        0
  13357      0        0
  13358      1     5192
  13359      1     5695
  13360      0        0
  13361      1     4705
  13362      0        0
  13363      0        0
  13364      1     5216
  13365      0        0
  13366      1     5456
  13367      1     5590
  13368      0        0
  13369      1     4875
  13370      0        0
  13371      0        0
  13372      1     5874
  13373      0        0
  13374      0        0
  13375      1     4622
  13376      0        0
  13377      1     5747
  13378      0        0
  13379      1     5558
  13380      0        0
  13381      0        0
  13382      0        0
  13383      0        0
  13384      0        0
  13385      0        0
  13386      2     4667   4714
  13387      1     5020
  13388      1     4474
  13389      1     4821
  13390      0        0
  13391      1     5704
  13392      0        0
  13393      2     4655   5757
  13394      1     4416
  13395      2     5155   5490
  13396      2     4430   5149
  13397      1     4709
  13398      0        0
  13399      1     5859
  13400      0        0
  13401      1     5572
  13402      1     4444
  13403      1     5576
  13404      1     5751
  13405      0        0
  13406      2     4462   5383
  13407      1     5637
  13408      2     4490   5118
  13409      0        0
  13410      1     4795
  13411      2     4750   5358
  13412      1     4689
  13413      0        0
  13414      0        0
  13415      2     5141   5774
  13416      1     4517
  13417      1     5756
  13418      0        0
  13419      1     4996
  13420      1     4419
  13421      0        0
  13422      1     5420
  13423      1     4698
  13424      0        0
  13425      1     4808
  13426      1     4436
  13427      0        0
  13428      1     5254
  13429      2     5094   5846
  13430      2     4495   5462
  13431      1     4732
  13432      2     4515   5802
  13433      1     5244
  13434      1     5209
  13435      1     4484
  13436      0        0
  13437      0        0
  13438      1     4646
  13439      1     4957
  13440      1     5203
  13441      1     4616
  13442      2     5151   5310
  13443      0        0
  13444      0        0
  13445      0        0
  13446      1     5853
  13447      1     4709
  13448      0        0
  13449      0        0
  13450      1     5640
  13451      1     4515
  13452      1     5632
  13453      0        0
  13454      0        0
  13455      0        0
  13456      0        0
  13457      0        0
  13458      1     5010
  13459      0        0
  13460      0        0
  13461      1     5021
  13462      1     5647
  13463      0        0
  13464      1     4631
  13465      1     4814
  13466      0        0
  13467      1     5443
  13468      1     4514
  13469      1     5498
  13470      1     5703
  13471      1     5338
  13472      0        0
  13473      1     4687
  13474      0        0
  13475      0        0
  13476      1     4570
  13477      1     4564
  13478      1     4669
  13479      0        0
  13480      1     4899
  13481      0        0
  13482      0        0
  13483      2     4423   4441
  13484      1     5521
  13485      0        0
  13486      1     4637
  13487      2     5396   5879
  13488      1     5167
  13489      1     4424
  13490      0        0
  13491      0        0
  13492      0        0
  13493      2     5575   5858
  13494      1     5007
  13495      1     4624
  13496      1     5380
  13497      2     5150   5398
  13498      0        0
  13499      1     5473
  13500      2     5002   5243
  13501      1     4923
  13502      0        0
  13503      0        0
  13504      1     5436
  13505      2     4477   4598
  13506      0        0
  13507      0        0
  13508      1     5123
  13509      2     5582   5868
  13510      0        0
  13511      1     5663
  13512      0        0
  13513      0        0
  13514      1     4533
  13515      0        0
  13516      0        0
  13517      0        0
  13518      1     4921
  13519      0        0
  13520      1     4432
  13521      1     4690
  13522      1     4755
  13523      1     5671
  13524      0        0
  13525      1     4821
  13526      0        0
  13527      1     4501
  13528      1     5610
  13529      1     5432
  13530      0        0
  13531      3     4917   5211   5574
  13532      1     5364
  13533      1     4884
  13534      1     5435
  13535      0        0
  13536      0        0
  13537      0        0
  13538      0        0
  13539      0        0
  13540      0        0
  13541      1     5505
  13542      2     4789   5714
  13543      0        0
  13544      1     5639
  13545      2     5461   5513
  13546      1     5867
  13547      1     4847
  13548      1     5469
  13549      1     5803
  13550      0        0
  13551      1     5471
  13552      0        0
  13553      0        0
  13554      1     5261
  13555      2     4739   5771
  13556      1     5516
  13557      0        0
  13558      1     5870
  13559      1     5109
  13560      1     4663
  13561      0        0
  13562      2     4929   5787
  13563      1     4818
  13564      2     4980   5316
  13565      1     4587
  13566      1     4845
  13567      1     5344
  13568      1     5536
  13569      0        0
  13570      1     5076
  13571      1     4740
  13572      1     5440
  13573      2     4911   4918
  13574      2     4646   5092
  13575      2     4921   5392
  13576      2     4496   5637
  13577      0        0
  13578      1     4879
  13579      2     5256   5842
  13580      0        0
  13581      0        0
  13582      0        0
  13583      1     5060
  13584      2     4464   5846
  13585      0        0
  13586      1     5863
  13587      1     5806
  13588      0        0
  13589      0        0
  13590      1     4508
  13591      2     5167   5533
  13592      2     4912   5368
  13593      1     4926
  13594      1     5776
  13595      1     5540
  13596      0        0
  13597      1     5702
  13598      0        0
  13599      0        0
  13600      1     4461
  13601      0        0
  13602      1     5482
  13603      2     4569   5618
  13604      1     4620
  13605      0        0
  13606      1     4627
  13607      0        0
  13608      0        0
  13609      0        0
  13610      0        0
  13611      1     5730
  13612      0        0
  13613      0        0
  13614      1     5814
  13615      0        0
  13616      0        0
  13617      3     4703   5455   5723
  13618      1     5729
  13619      0        0
  13620      0        0
  13621      0        0
  13622      0        0
  13623      0        0
  13624      1     5790
  13625      1     5747
  13626      1     5818
  13627      1     4931
  13628      2     4547   4568
  13629      0        0
  13630      0        0
  13631      0        0
  13632      1     5585
  13633      1     5713
  13634      0        0
  13635      1     5624
  13636      0        0
  13637      0        0
  13638      1     4479
  13639      0        0
  13640      0        0
  13641      0        0
  13642      0        0
  13643      0        0
  13644      1     4630
  13645      0        0
  13646      0        0
  13647      2     5048   5221
  13648      0        0
  13649      1     5110
  13650      2     5383   5873
  13651      1     5407
  13652      1     4864
  13653      1     4920
  13654      0        0
  13655      0        0
  13656      0        0
  13657      0        0
  13658      1     5485
  13659      0        0
  13660      0        0
  13661      0        0
  13662      1     4905
  13663      0        0
  13664      1     4738
  13665      1     4456
  13666      1     5581
  13667      0        0
  13668      0        0
  13669      0        0
  13670      0        0
  13671      1     5349
  13672      0        0
  13673      1     5072
  13674      1     5525
  13675      2     4438   4806
  13676      2     5016   5572
  13677      0        0
  13678      1     5277
  13679      1     4914
  13680      0        0
  13681      2     5047   5075
  13682      0        0
  13683      0        0
  13684      2     4867   5241
  13685      1     4487
  13686      1     5272
  13687      1     4487
  13688      1     5428
  13689      1     5676
  13690      1     5855
  13691      1     4876
  13692      1     5150
  13693      0        0
  13694      2     4519   5479
  13695      1     5424
  13696      0        0
  13697      1     5709
  13698      0        0
  13699      0        0
  13700      0        0
  13701      2     4989   5865
  13702      0        0
  13703      0        0
  13704      1     5354
  13705      3     4452   5352   5423
  13706      0        0
  13707      0        0
  13708      0        0
  13709      0        0
  13710      1     4534
  13711      1     4957
  13712      1     5624
  13713      1     5185
  13714      1     5538
  13715      1     4535
  13716      1     5280
  13717      0        0
  13718      0        0
  13719      0        0
  13720      3     4798   4961   5013
  13721      0        0
  13722      0        0
  13723      0        0
  13724      1     4937
  13725      0        0
  13726      0        0
  13727      1     5705
  13728      1     5038
  13729      1     4496
  13730      2     4524   5373
  13731      0        0
  13732      0        0
  13733      1     5278
  13734      0        0
  13735      0        0
  13736      0        0
  13737      0        0
  13738      1     4965
  13739      0        0
  13740      1     4538
  13741      0        0
  13742      0        0
  13743      0        0
  13744      0        0
  13745      0        0
  13746      0        0
  13747      1     5245
  13748      2     5294   5514
  13749      0        0
  13750      1     5318
  13751      1     5410
  13752      2     4857   5775
  13753      0        0
  13754      1     5743
  13755      0        0
  13756      1     5205
  13757      0        0
  13758      0        0
  13759      1     5501
  13760      1     5861
  13761      1     4594
  13762      0        0
  13763      2     5695   5831
  13764      1     5239
  13765      1     5798
  13766      0        0
  13767      1     4677
  13768      0        0
  13769      0        0
  13770      1     4880
  13771      1     5201
  13772      0        0
  13773      1     5535
  13774      0        0
  13775      0        0
  13776      2     5445   5816
  13777      0        0
  13778      0        0
  13779      0        0
  13780      1     4956
  13781      1     4948
  13782      0        0
  13783      0        0
  13784      0        0
  13785      1     5597
  13786      0        0
  13787      0        0
  13788      2     4749   5335
  13789      1     4631
  13790      1     4784
  13791      0        0
  13792      1     5665
  13793      0        0
  13794      1     4951
  13795      0        0
  13796      0        0
  13797      0        0
  13798      0        0
  13799      2     4837   5561
  13800      0        0
  13801      1     5441
  13802      0        0
  13803      1     4753
  13804      0        0
  13805      1     4609
  13806      1     5644
  13807      0        0
  13808      0        0
  13809      2     4546   5362
  13810      0        0
  13811      0        0
  13812      0        0
  13813      0        0
  13814      0        0
  13815      0        0
  13816      0        0
  13817      0        0
  13818      1     5126
  13819      0        0
  13820      1     5495
  13821      1     5843
  13822      1     4939
  13823      0        0
  13824      0        0
  13825      0        0
  13826      1     5457
  13827      1     4951
  13828      1     5636
  13829      1     4771
  13830      1     5807
  13831      0        0
  13832      1     4436
  13833      1     4448
  13834      0        0
  13835      1     5074
  13836      1     5134
  13837      2     4606   5221
  13838      0        0
  13839      0        0
  13840      0        0
  13841      1     5379
  13842      0        0
  13843      1     4465
  13844      1     5219
  13845      0        0
  13846      0        0
  13847      0        0
  13848      0        0
  13849      0        0
  13850      0        0
  13851      0        0
  13852      0        0
  13853      1     5025
  13854      1     4963
  13855      2     5101   5163
  13856      1     4762
  13857      0        0
  13858      0        0
  13859      0        0
  13860      0        0
  13861      1     4785
  13862      0        0
  13863      0        0
  13864      0        0
  13865      0        0
  13866      1     5436
  13867      1     5416
  13868      0        0
  13869      1     5600
  13870      0        0
  13871      0        0
  13872      1     5412
  13873      1     4628
  13874      0        0
  13875      1     5584
  13876      1     5308
  13877      0        0
  13878      2     5042   5703
  13879      2     4662   5524
  13880      1     4465
  13881      0        0
  13882      0        0
  13883      0        0
  13884      0        0
  13885      1     5490
  13886      1     5556
  13887      0        0
  13888      0        0
  13889      1     4437
  13890      0        0
  13891      2     4460   4840
  13892      1     5834
  13893      1     5004
  13894      0        0
  13895      0        0
  13896      2     4566   4689
  13897      1     4967
  13898      1     5251
  13899      0        0
  13900      1     4648
  13901      2     4440   5696
  13902      1     4473
  13903      0        0
  13904      1     5738
  13905      0        0
  13906      1     5760
  13907      1     4722
  13908      0        0
  13909      1     5778
  13910      1     4689
  13911      1     5735
  13912      1     5324
  13913      1     5348
  13914      1     5212
  13915      1     4577
  13916      0        0
  13917      1     5142
  13918      0        0
  13919      0        0
  13920      1     5674
  13921      0        0
  13922      1     4516
  13923      1     4738
  13924      0        0
  13925      0        0
  13926      1     4813
  13927      2     4411   4603
  13928      1     4912
  13929      0        0
  13930      1     5579
  13931      0        0
  13932      0        0
  13933      0        0
  13934      0        0
  13935      2     4971   5819
  13936      1     4985
  13937      0        0
  13938      0        0
  13939      1     5809
  13940      2     4728   5804
  13941      0        0
  13942      1     4468
  13943      1     5179
  13944      0        0
  13945      0        0
  13946      1     4952
  13947      1     4895
  13948      0        0
  13949      0        0
  13950      0        0
  13951      0        0
  13952      2     4445   5523
  13953      0        0
  13954      0        0
  13955      1     5872
  13956      0        0
  13957      1     4962
  13958      2     5451   5753
  13959      1     4500
  13960      2     5089   5535
  13961      1     5744
  13962      1     4514
  13963      2     5569   5626
  13964      0        0
