tried moves    experiment_1   _      experiment_2    _                                                                                                                                                                                                                                                                                                                                                                                                                                                                          
        0   255982   0.414E+02   0.366E+05   0.976E+02   0.764E+05
  OPTIMIZATION STUFF
      255982  -7.4062654925127100        7004.9308032594890     
   83.367128022464016       -90.773393514976732     
        0   261046  -0.628E+01   0.432E+05   0.427E+02   0.136E+06
  OPTIMIZATION STUFF
      261046  -48.057040197009300        26305.797548333252     
   154.90745119533884       -202.96449139234812     
        0   260874  -0.168E+02   0.314E+08  -0.406E+02   0.152E+09
  OPTIMIZATION STUFF
      260874  -1827.4731524889030        1685275059.9778879     
   41011.405753214800       -42838.878905703707     
        0   261660   0.168E+01   0.604E+05   0.397E+02   0.384E+06
  OPTIMIZATION STUFF
      261660  -257.33511897299161        224758.07802954857     
   398.16669194284049       -655.50181091583204     
        0   260363   0.387E+00   0.482E+05   0.429E+02   0.371E+06
  OPTIMIZATION STUFF
      260363  -342.31584657088706        341223.46760927874     
   473.33215482970905       -815.64800140059606     
        0   260784  -0.808E+01   0.439E+05  -0.527E+02   0.423E+06
  OPTIMIZATION STUFF
      260784  -393.47392109623638        411941.57244145096     
   507.06986289721823       -900.54378399345455     
        0   259958  -0.105E+00   0.924E+07   0.207E+02   0.111E+09
  OPTIMIZATION STUFF
      259958  -3399.5496227865488        2832070435.9558315     
   53108.506835704233       -56508.056458490784     
        0   260796  -0.985E+01   0.216E+05  -0.122E+03   0.303E+06
  OPTIMIZATION STUFF
      260796  -201.48828230561452        125454.71875641652     
   291.30257611279291       -492.79085841840742     
        0   260156   0.133E+01   0.741E+04   0.260E+02   0.119E+06
  OPTIMIZATION STUFF
      260156  -94.690942070884205        22928.224086841095     
   118.16027071977089       -212.85121279065510     
        0   260807  -0.235E+01   0.267E+04  -0.396E+02   0.501E+05
  OPTIMIZATION STUFF
      260807  -57.365052951575699        7527.9193889270991     
   65.093548749396163       -122.45860170097185     
        0   260441  -0.239E+00   0.330E+04  -0.378E+01   0.934E+05
  OPTIMIZATION STUFF
      260441  -48.179072888955211        11060.987063768274     
   93.486704933530604       -141.66577782248581     
        0   259709  -0.211E+00   0.486E+03  -0.491E+01   0.135E+05
  OPTIMIZATION STUFF
      259709  -28.641644626744991        1590.9231402983680     
   27.759310751054642       -56.400955377799633     
        0   260634   0.248E-02   0.324E+03   0.487E+00   0.929E+04
  OPTIMIZATION STUFF
      260634  -21.749407928411188        867.62175224469320     
   19.864163888980020       -41.613571817391204     
        0   260549  -0.379E-01   0.185E+03  -0.134E+01   0.566E+04
  OPTIMIZATION STUFF
      260549  -17.173977564552931        515.77073694612716     
   14.860189485950700       -32.034167050503633     
        0   261187  -0.266E-01   0.145E+03  -0.687E+00   0.438E+04
  OPTIMIZATION STUFF
      261187  -15.292624838893017        395.28833151983275     
   12.705272805284626       -27.997897644177641     
        0   261049   0.320E-01   0.113E+03   0.108E+01   0.339E+04
  OPTIMIZATION STUFF
      261049  -13.233141158332915        287.26769573433501     
   10.590168592518744       -23.823309750851656     
        0   260020  -0.127E-01   0.917E+02  -0.801E+00   0.272E+04
  OPTIMIZATION STUFF
      260020  -12.326283088162436        245.49687073732818     
   9.6726219799912005       -21.998905068153636     
        0   260178  -0.207E-01   0.885E+02  -0.510E+00   0.259E+04
  OPTIMIZATION STUFF
      260178  -11.455288413864283        209.54034083703675     
   8.8496727731720952       -20.304961187036376     
        0   261216   0.493E-02   0.760E+02   0.376E-01   0.208E+04
  OPTIMIZATION STUFF
      261216  -10.907666801828469        187.46100649991547     
   8.2754946341716984       -19.183161436000169     
        0   260524  -0.697E-02   0.778E+02  -0.258E+00   0.214E+04
  OPTIMIZATION STUFF
      260524  -10.479567340340193        171.78501773592848     
   7.8717016010011234       -18.351268941341317     
        0   254231  -0.108E-01   0.788E+02  -0.345E+00   0.204E+04
  OPTIMIZATION STUFF
      254231  -10.387996535715969        168.62789399332380     
   7.7921384720291540       -18.180135007745122     
        0   260438  -0.738E-02   0.578E+02  -0.167E+00   0.148E+04
  OPTIMIZATION STUFF
      260438  -10.017667351840199        154.99486619875273     
   7.3919690899399537       -17.409636441780151     
        0   260711   0.158E-01   0.390E+07   0.373E+00   0.947E+08
  OPTIMIZATION STUFF
      260711  -5412.9515526920231        5825843554.9505806     
   76135.034710958062       -81547.986263650091     
        0   260445   0.335E-02   0.665E+02   0.109E+00   0.165E+04
  OPTIMIZATION STUFF
      260445  -9.6446262480130205        142.88251901585744     
   7.0614236207719276       -16.706049868784948     
        0   261099  -0.568E-02   0.770E+02  -0.764E-01   0.181E+04
  OPTIMIZATION STUFF
      261099  -9.6656092567610852        143.83305377503680     
   7.0999332018443120       -16.765542458605395     
        0   260543  -0.440E-02   0.671E+02  -0.215E+00   0.159E+04
  OPTIMIZATION STUFF
      260543  -9.5808760720781407        140.53758682389793     
   6.9817190229468888       -16.562595095025031     
        0   261192  -0.337E-02   0.780E+02  -0.137E+00   0.184E+04
  OPTIMIZATION STUFF
      261192  -9.3978929819995987        135.37052251726922     
   6.8593097332130961       -16.257202715212696     
        0   260751   0.933E-02   0.682E+02   0.289E+00   0.154E+04
  OPTIMIZATION STUFF
      260751  -9.4107275408217799        135.28910328745158     
   6.8357377392546326       -16.246465280076414     
        0   260390  -0.756E-02   0.780E+02  -0.331E+00   0.183E+04
  OPTIMIZATION STUFF
      260390  -9.4214034619604750        135.87070381380457     
   6.8635166365911688       -16.284920098551645     
        0   261115   0.165E-01   0.736E+02   0.460E+00   0.170E+04
  OPTIMIZATION STUFF
      261115  -9.3328333939860784        133.01029804537544     
   6.7755825495283979       -16.108415943514476     
        0   260924  -0.441E-02   0.606E+02  -0.185E+00   0.139E+04
  OPTIMIZATION STUFF
      260924  -9.2061986022852587        128.76190082030652     
   6.6338381134594675       -15.840036715744727     
        0   260966   0.397E-02   0.669E+02   0.111E+00   0.149E+04
  OPTIMIZATION STUFF
      260966  -9.1702506115711024        127.82779550427105     
   6.6131913041474064       -15.783441915718509     
        0   261353  -0.278E-02   0.655E+02  -0.297E-01   0.153E+04
  OPTIMIZATION STUFF
      261353  -9.1463556255067093        127.02254280030604     
   6.5853414165150026       -15.731697042021711     
        0   261098   0.332E-02   0.659E+02  -0.350E-01   0.146E+04
  OPTIMIZATION STUFF
      261098  -9.2290402970316823        129.42178175889870     
   6.6518115543560050       -15.880851851387687     
        0   260916  -0.187E-01   0.743E+02  -0.373E+00   0.171E+04
  OPTIMIZATION STUFF
      260916  -9.1749050650479624        127.98265977755327     
   6.6184421750824800       -15.793347240130442     
        0   260452   0.211E-01   0.638E+02   0.430E+00   0.142E+04
  OPTIMIZATION STUFF
      260452  -9.0514027518143880        124.08957940564852     
   6.4932031871870022       -15.544605939001389     
        0   261119  -0.134E-01   0.478E+07  -0.329E+00   0.101E+09
  OPTIMIZATION STUFF
      261119  -6030.3915722149613        7226279702.4409676     
   84793.361060443436       -90823.752632658405     
        0   260627   0.878E-02   0.726E+02   0.201E+00   0.152E+04
  OPTIMIZATION STUFF
      260627  -9.0348837711709908        123.53437279157288     
   6.4734262977965482       -15.508310068967539     
        0   260531  -0.188E-01   0.674E+02  -0.421E+00   0.145E+04
  OPTIMIZATION STUFF
      260531  -9.0220674419675753        123.07917875418266     
   6.4561194092714329       -15.478186851239009     
        0   260479   0.160E-01   0.677E+07   0.272E+00   0.143E+09
  OPTIMIZATION STUFF
      260479  -12152.071380829701        14373626589.363266     
   119272.60268191721       -131424.67406274693     
        0   260627  -0.307E-03   0.730E+02   0.431E-01   0.150E+04
  OPTIMIZATION STUFF
      260627  -8.9595124424824988        121.32487588296129     
   6.4071844577757071       -15.366696900258205     
        0   260519   0.849E-03   0.689E+02   0.269E-01   0.146E+04
  OPTIMIZATION STUFF
      260519  -8.9628323070388998        121.42374187331426     
   6.4102557600468657       -15.373088067085765     
        0   260850  -0.156E-01   0.726E+02  -0.369E+00   0.150E+04
  OPTIMIZATION STUFF
      260850  -9.0157216475206408        122.94709359932997     
   6.4547545866405853       -15.470476234161225     
        0   260400   0.339E-02   0.655E+02   0.408E-01   0.132E+04
  OPTIMIZATION STUFF
      260400  -8.9363167415010238        120.42288041867521     
   6.3690755619825801       -15.305392303483604     
        0   255481   0.368E-02   0.761E+02   0.103E+00   0.154E+04
  OPTIMIZATION STUFF
      255481  -9.0352738419391514        123.58771414145623     
   6.4770009064864551       -15.512274748425607     
        0   259808  -0.110E-01   0.634E+02  -0.162E+00   0.126E+04
  OPTIMIZATION STUFF
      259808  -8.8984229469884166        119.24631175857181     
   6.3296430243009594       -15.228065971289375     
        0   260910   0.164E-01   0.720E+02   0.265E+00   0.140E+04
  OPTIMIZATION STUFF
      260910  -8.9695926495918474        121.41046913317224     
   6.3997559979705585       -15.369348647562406     
        0   260832  -0.861E-02   0.743E+02  -0.181E+00   0.148E+04
  OPTIMIZATION STUFF
      260832  -8.9564318086349211        121.26225882761355     
   6.4066050358115678       -15.363036844446489     
        0   260589   0.953E-02   0.687E+02   0.131E+00   0.133E+04
  OPTIMIZATION STUFF
      260589  -8.9963708369923872        122.10388944347957     
   6.4163230285571240       -15.412693865549510     
        0   260628  -0.115E-02   0.749E+02   0.715E-01   0.139E+04
  OPTIMIZATION STUFF
      260628  -8.9043249290246624        119.77122410137081     
   6.3627212464259930       -15.267046175450655     
        0   260990   0.767E-02   0.463E+07   0.721E-01   0.899E+08
  OPTIMIZATION STUFF
      260990  -5774.2198253517563        6580067555.4182005     
   80911.840547763568       -86686.060373115324     
        0   260239  -0.169E-01   0.591E+02  -0.294E+00   0.118E+04
  OPTIMIZATION STUFF
      260239  -8.9508024074002677        120.54997406617395     
   6.3587035101388016       -15.309505917539070     
        0   260556  -0.283E-02   0.660E+02  -0.454E-01   0.121E+04
  OPTIMIZATION STUFF
      260556  -8.7585925684404895        115.41839508277988     
   6.2213705325144320       -14.979963100954922     
        0   260635   0.698E-02   0.720E+02   0.122E+00   0.140E+04
  OPTIMIZATION STUFF
      260635  -8.8897425932810439        119.23998499979118     
   6.3413296417230978       -15.231072235004142     
        0   260784  -0.232E-02   0.780E+02  -0.583E-01   0.143E+04
  OPTIMIZATION STUFF
      260784  -8.9194441368303821        120.15832627114312     
   6.3719575140693809       -15.291401650899763     
        0   258543   0.185E-01   0.826E+02   0.269E+00   0.150E+04
  OPTIMIZATION STUFF
      258543  -8.9649474121586348        121.61422898101812     
   6.4221450371545101       -15.387092449313144     
        0   260505  -0.166E-01   0.764E+02  -0.270E+00   0.140E+04
  OPTIMIZATION STUFF
      260505  -8.8809976715100785        118.86071765678112     
   6.3236538500627697       -15.204651521572849     
        0   260809   0.251E-01   0.717E+02   0.450E+00   0.133E+04
  OPTIMIZATION STUFF
      260809  -8.8744954886114069        118.51157623526535     
   6.3051491701530065       -15.179644658764413     
        0   260896  -0.111E-01   0.658E+02  -0.166E+00   0.126E+04
  OPTIMIZATION STUFF
      260896  -8.8447097755596538        117.67940066951488     
   6.2809640705575109       -15.125673846117165     
        0   260648  -0.773E-02   0.767E+02  -0.140E+00   0.139E+04
  OPTIMIZATION STUFF
      260648  -8.8381333950545180        117.63439644045638     
   6.2866361857259152       -15.124769580780434     
        0   259301  -0.347E-02   0.725E+02  -0.131E+00   0.134E+04
  OPTIMIZATION STUFF
      259301  -8.7534075224761203        115.38213807905706     
   6.2257525508580507       -14.979160073334171     
        0   259478   0.815E-02   0.826E+02   0.130E+00   0.151E+04
  OPTIMIZATION STUFF
      259478  -8.9147158800282362        120.04653181345759     
   6.3698016132239141       -15.284517493252149     
        0   260883  -0.343E-02   0.690E+02  -0.844E-01   0.128E+04
  OPTIMIZATION STUFF
      260883  -8.9165737725951715        119.62968529154874     
   6.3343821679321373       -15.250955940527309     
        0   260479  -0.901E-02   0.741E+02  -0.111E+00   0.137E+04
  OPTIMIZATION STUFF
      260479  -8.8737743722846680        118.63669198474145     
   6.3160763433104012       -15.189850715595069     
        0   260385   0.128E-01   0.792E+02   0.186E+00   0.140E+04
  OPTIMIZATION STUFF
      260385  -8.7807332047505735        116.10935941132628     
   6.2456451867134595       -15.026378391464032     
        0   258606   0.441E-02   0.689E+02   0.879E-01   0.122E+04
  OPTIMIZATION STUFF
      258606  -8.7232006257398087        114.30412877029877     
   6.1814156641817402       -14.904616289921549     
        0   259957  -0.102E-01   0.859E+02  -0.221E+00   0.154E+04
  OPTIMIZATION STUFF
      259957  -8.8697710728539025        119.18058617143399     
   6.3645696858937857       -15.234340758747688     
        0   259493   0.164E-01   0.745E+02   0.353E+00   0.136E+04
  OPTIMIZATION STUFF
      259493  -8.9087144872504620        119.69095956154688     
   6.3502571401637447       -15.258971627414207     
        0   260372  -0.155E-01   0.700E+02  -0.312E+00   0.128E+04
  OPTIMIZATION STUFF
      260372  -8.8842874275654626        118.85928587523649     
   6.3189178487806554       -15.203205276346118     
        0   260217   0.734E-02   0.700E+02   0.117E+00   0.121E+04
  OPTIMIZATION STUFF
      260217  -8.8700070649717038        118.69636508518673     
   6.3260840772581250       -15.196091142229829     
        0   260412   0.102E-01   0.697E+02   0.214E+00   0.127E+04
  OPTIMIZATION STUFF
      260412  -8.8563026438709826        118.21191224699220     
   6.3069656513378947       -15.163268295208876     
        0   260161  -0.222E-01   0.569E+02  -0.450E+00   0.972E+03
  OPTIMIZATION STUFF
      260161  -8.8333720089551768        117.10458097604068     
   6.2510894992351425       -15.084461508190319     
        0   260380  -0.686E-02   0.630E+02  -0.139E+00   0.109E+04
  OPTIMIZATION STUFF
      260380  -8.8099076622322503        116.67420813482343     
   6.2497788055070327       -15.059686467739283     
        0   257094   0.164E-01   0.662E+02   0.278E+00   0.109E+04
  OPTIMIZATION STUFF
      257094  -9.0009900887238086        122.22794392176928     
   6.4195109895119780       -15.420501078235787     
        0   260348  -0.501E-02   0.728E+02  -0.649E-01   0.123E+04
  OPTIMIZATION STUFF
      260348  -8.8072314525965645        116.69495866825523     
   6.2552084544521005       -15.062439907048665     
        0   260558  -0.121E-01   0.690E+02  -0.225E+00   0.117E+04
  OPTIMIZATION STUFF
      260558  -8.7916633970033082        116.03688284644490     
   6.2244307016977176       -15.016094098701025     
        0   259924   0.169E-01   0.839E+02   0.340E+00   0.141E+04
  OPTIMIZATION STUFF
      259924  -8.8358944112891482        117.62006936096797     
   6.2886436783711295       -15.124538089660277     
        0   259743  -0.602E-02   0.767E+02  -0.105E+00   0.128E+04
  OPTIMIZATION STUFF
      259743  -8.7428549934094519        114.98926198969053     
   6.2090054399964858       -14.951860433405937     
        0   260052   0.591E-02   0.752E+02  -0.855E-02   0.129E+04
  OPTIMIZATION STUFF
      260052  -8.8796093889768049        118.59814787421483     
   6.3048144281501104       -15.184423817126916     
        0   260344  -0.197E-02   0.700E+02   0.280E-01   0.118E+04
  OPTIMIZATION STUFF
      260344  -8.8384265914227811        117.24829138112111     
   6.2554381756318058       -15.093864767054587     
        0   260342   0.759E-03   0.770E+02  -0.577E-01   0.128E+04
  OPTIMIZATION STUFF
      260342  -8.8033371177594475        116.54363442710510     
   6.2485910426418441       -15.051928160401292     
        0   260160  -0.207E-02   0.673E+02  -0.114E-01   0.112E+04
  OPTIMIZATION STUFF
      260160  -8.9283522270195395        119.80185070127472     
   6.3313803559373953       -15.259732582956936     
        0   260065   0.644E-03   0.790E+02   0.270E-02   0.130E+04
  OPTIMIZATION STUFF
      260065  -8.8030066053204141        116.63471437191431     
   6.2563399107305120       -15.059346516050926     
        0   259995   0.414E-02   0.714E+02   0.499E-01   0.117E+04
  OPTIMIZATION STUFF
      259995  -8.8750917941888439        118.46564385010679     
   6.3006657977414289       -15.175757591930273     
        0   260258  -0.800E-02   0.882E+02  -0.981E-01   0.146E+04
  OPTIMIZATION STUFF
      260258  -8.8276592288311324        117.65754232400668     
   6.3031718097826914       -15.130831038613824     
        0   259787   0.938E-02   0.773E+02   0.928E-01   0.122E+04
  OPTIMIZATION STUFF
      259787  -8.9121024100607418        119.64530937180520     
   6.3419035000853414       -15.254005910146084     
        0   258680   0.255E-02   0.843E+02   0.912E-01   0.130E+04
  OPTIMIZATION STUFF
      258680  -8.7966759579926332        116.42912482485963     
   6.2488092397619255       -15.045485197754559     
        0   260607  -0.185E-01   0.687E+02  -0.352E+00   0.108E+04
  OPTIMIZATION STUFF
      260607  -8.7610042395623271        114.97639607534936     
   6.1823297218540754       -14.943333961416403     
        0   261530  -0.317E-03   0.704E+02  -0.853E-02   0.113E+04
  OPTIMIZATION STUFF
      261530  -8.7651189577431818        115.22968733756335     
   6.1969651438566631       -14.962084101599846     
        0   261148   0.901E-02   0.872E+02   0.158E+00   0.141E+04
  OPTIMIZATION STUFF
      261148  -8.8544328249860396        118.11754176955351     
   6.3021076726253460       -15.156540497611385     
        0   260629   0.114E-01   0.708E+02   0.193E+00   0.108E+04
  OPTIMIZATION STUFF
      260629  -8.7469281654821245        114.94991746378288     
   6.2000939615201318       -14.947022127002256     
        0   261049  -0.148E-01   0.763E+02  -0.302E+00   0.124E+04
  OPTIMIZATION STUFF
      261049  -8.7186324533746866        114.01573554526857     
   6.1645100120147633       -14.883142465389451     
        0   260698   0.137E-01   0.607E+02   0.259E+00   0.977E+03
  OPTIMIZATION STUFF
      260698  -8.7124352935890244        113.69865424482336     
   6.1475300324478033       -14.859965326036829     
        0   260871  -0.756E-02   0.728E+02  -0.138E+00   0.113E+04
  OPTIMIZATION STUFF
      260871  -8.8794809120855636        118.66712322501077     
   6.3104628956138304       -15.189943807699393     
        0   260884   0.165E-02   0.844E+02   0.328E-01   0.132E+04
  OPTIMIZATION STUFF
      260884  -8.7219109962241035        114.61456076603042     
   6.2082871502513060       -14.930198146475409     
        0   260470  -0.264E-02   0.785E+02  -0.596E-01   0.124E+04
  OPTIMIZATION STUFF
      260470  -8.8401971441149794        117.56056917964403     
   6.2778566113623047       -15.118053755477284     
        0   260616  -0.652E-02   0.711E+02  -0.104E+00   0.109E+04
  OPTIMIZATION STUFF
      260616  -8.8411148686972094        117.69650023526030     
   6.2873832485193262       -15.128498117216536     
        0   260901   0.291E-01   0.885E+02   0.468E+00   0.136E+04
  OPTIMIZATION STUFF
      260901  -8.9274369802530718        120.51368658558967     
   6.3886270472770272       -15.316064027530100     
        0   260482  -0.200E-01   0.737E+02  -0.258E+00   0.111E+04
  OPTIMIZATION STUFF
      260482  -8.8117617309219867        116.90462375895831     
   6.2655789003424944       -15.077340631264480     
        0   260368   0.141E-01   0.778E+02   0.161E+00   0.117E+04
  OPTIMIZATION STUFF
      260368  -8.8062695745260502        116.43681933339414     
   6.2358989339285245       -15.042168508454575     
        0   260474  -0.103E-01   0.720E+02  -0.103E+00   0.110E+04
  OPTIMIZATION STUFF
      260474  -8.7649182334040514        115.51274217974192     
   6.2200442555887916       -14.984962488992842     
        0   261137  -0.565E-02   0.819E+02  -0.179E+00   0.120E+04
  OPTIMIZATION STUFF
      261137  -8.8673415736906200        118.41239696032871     
   6.3073489181927034       -15.174690491883323     
        0   261039  -0.519E-02   0.842E+02  -0.811E-01   0.128E+04
  OPTIMIZATION STUFF
      261039  -8.8499064740720979        117.91245808290822     
   6.2921867012259725       -15.142093175298070     
        0   260811   0.171E-01   0.826E+02   0.245E+00   0.121E+04
  OPTIMIZATION STUFF
      260811  -8.8011859844193232        116.54173099176600     
   6.2514683282751156       -15.052654312694440     
        0   261054  -0.755E-02   0.742E+02  -0.918E-01   0.109E+04
  OPTIMIZATION STUFF
      261054  -8.7330901954349756        114.36991793425466     
   6.1727670920464961       -14.905857287481471     
        0   260586  -0.434E-02   0.729E+02  -0.122E+00   0.107E+04
  OPTIMIZATION STUFF
      260586  -8.7251005763587965        114.13683864637962     
   6.1651811472821301       -14.890281723640927     
        0   260678   0.501E-02   0.854E+02   0.662E-01   0.122E+04
  OPTIMIZATION STUFF
      260678  -8.9246400677174247        120.30551830295784     
   6.3762307019626068       -15.300870769680031     
        0   255111  -0.759E-02   0.867E+02  -0.853E-01   0.128E+04
  OPTIMIZATION STUFF
      255111  -8.8248019780421263        117.36704550188995     
   6.2841002180291268       -15.108902196071252     
        0   260866   0.853E-02   0.782E+02   0.948E-01   0.108E+04
  OPTIMIZATION STUFF
      260866  -8.7575240009825759        115.05523914195685     
   6.1936267658110449       -14.951150766793621     
        0   260624  -0.836E-02   0.774E+02  -0.103E+00   0.113E+04
  OPTIMIZATION STUFF
      260624  -8.7701023724804177        115.60075523520227     
   6.2198118630241233       -14.989914235504541     
        0   260234   0.844E-02   0.702E+02   0.151E+00   0.975E+03
  OPTIMIZATION STUFF
      260234  -8.8168794182360894        116.83882999114626     
   6.2531166081747660       -15.069996026410855     
        0   260699   0.301E-02   0.848E+02   0.325E-01   0.124E+04
  OPTIMIZATION STUFF
      260699  -8.8037827653928247        116.48942519073773     
   6.2436234840443419       -15.047406249437167     
        0   260256  -0.152E-02   0.762E+02  -0.586E-01   0.108E+04
  OPTIMIZATION STUFF
      260256  -8.7841950908696962        115.71815911064350     
   6.2093538887861932       -14.993548979655889     
        0   260612  -0.167E-01   0.771E+02  -0.255E+00   0.104E+04
  OPTIMIZATION STUFF
      260612  -8.8659035568059483        117.98127837830172     
   6.2751121503696936       -15.141015707175642     
        0   261028   0.911E-02   0.736E+02   0.117E+00   0.103E+04
  OPTIMIZATION STUFF
      261028  -8.8059937153181647        116.48174531044263     
   6.2398894217942376       -15.045883137112401     
        0   260739  -0.280E-02   0.776E+02  -0.794E-01   0.103E+04
  OPTIMIZATION STUFF
      260739  -8.7397648723979930        114.70644068419065     
   6.1905533403233637       -14.930318212721357     
        0   260587   0.337E-02   0.829E+02   0.981E-01   0.114E+04
  OPTIMIZATION STUFF
      260587  -8.7320975381317822        114.67366160130186     
   6.1987203668059365       -14.930817904937719     
        0   260828  -0.324E-02   0.772E+02  -0.556E-01   0.106E+04
  OPTIMIZATION STUFF
      260828  -8.7921745812318104        116.19675807059271     
   6.2365394413676203       -15.028714022599431     
        0   260966   0.142E-01   0.682E+02   0.191E+00   0.897E+03
  OPTIMIZATION STUFF
      260966  -8.8250618089723005        116.89269825641780     
   6.2458772261577762       -15.070939035130078     
        0   260698  -0.355E-02   0.930E+02  -0.697E-01   0.123E+04
  OPTIMIZATION STUFF
      260698  -8.8456933220147675        117.90511570726699     
   6.2975253362039236       -15.143218658218691     
