   35578773.763018101     
   45084615.503946960     
   30097550.852727510     
   40912702.745813578     
   52183142.423093811     
   36330855.325472392     
   41682995.742381372     
   7269274.8476434685     
   14378176.772340719     
   3450774.7667606287     
   2404248.5775672658     
   1074390.2560850617     
   1201986.9136836010     
   841975.98755152058     
   655718.70262265520     
   946370.02191856736     
   734844.23787745822     
   596851.02077307203     
   607951.07602273766     
   538906.46655823512     
   448469.66694473947     
   403144.26366431185     
   504447.27800747624     
   533581.59722633485     
   512160.84908848838     
   454959.18170602195     
   418210.49831966968     
   496115.78263744898     
   408063.32942950382     
   532578.69063855463     
   483171.34815898765     
   513147.96833974804     
   504646.03883586655     
   496402.36767841678     
   394118.26672314643     
   511630.97047781496     
   422184.67859394033     
   476758.27996766916     
   362178.97871573531     
   437193.73907380248     
   448326.27886904491     
   455571.08876625838     
   355270.78012701240     
   366752.22117364255     
   393949.10724136065     
   348981.63827216468     
   422437.00395834242     
   372858.07964448060     
   409428.67797874130     
   427769.28052340564     
   448595.75981948362     
   367715.41535268386     
   355151.28086567606     
   388808.31736762339     
   373052.64201089309     
   447324.75869327364     
   372803.78552647796     
   496573.50280099438     
   450355.12756675796     
   411856.14988618583     
   377067.91244178195     
   412777.87134369474     
   389882.24105408823     
   358598.21565271524     
   410422.05303457688     
   434317.29092328565     
   374329.30583185109     
   470215.88652574021     
   384908.71584549063     
   417235.18441762036     
   475480.94645809219     
   352583.36963727593     
   314726.75181358325     
   390332.38307174970     
   372136.68791895878     
   310442.37091813568     
   403257.25387472805     
   374366.23732140363     
   373701.88196073176     
   380461.96123076754     
   365666.77069921594     
   362158.05476941471     
   363016.86584674363     
   377099.34324312687     
   349456.92159352684     
   376031.45014906215     
   400269.02730075200     
   303830.36217938742     
   301549.28634763823     
   345106.50520620454     
   398378.71591109119     
   315668.03082892823     
   386607.72064322303     
   348763.89787227177     
   357733.65356231719     
   341502.35283578443     
   312780.42344691546     
   442430.59081320278     
   369980.53122223431     
   415527.10739491251     
   386136.90711846389     
   337995.23507096176     
   315496.39218084881     
   383959.48133456171     
   358017.15390996600     
   325176.22861570580     
   343760.01264761790     
   320042.67436374334     
   347007.08493475965     
   318057.02531293698     
   359583.82515867456     
   368885.80241392762     
   353206.87759380491     
   282350.34125930705     
   315252.30785883666     
   293827.88689415588     
   320267.55704810779     
   304948.06294661551     
   358574.42488610413     
   339507.48802790308     
