tried moves    experiment_1   _      experiment_2    _                                                                                                                                                                                                                                                                                                                                                                                                                                                                          
        0   310734   0.421E+01   0.168E+05   0.440E+02   0.147E+06
  OPTIMIZATION STUFF
      310734  -324.969155273423        639390682.310474     
   25284.0874337714       -25609.0565890448     
        0   316227  -0.212E+01   0.157E+05   0.109E+02   0.261E+06
  OPTIMIZATION STUFF
      316227  -416.554196898185        335819017.665853     
   18320.6304549516       -18737.1846518498     
        0   316365  -0.172E+01   0.608E+04  -0.433E+02   0.180E+06
  OPTIMIZATION STUFF
      316365  -219.577365765108        214474.330742798     
   407.750059701349       -627.327425466457     
        0   315583  -0.229E+00   0.189E+04  -0.791E+01   0.768E+05
  OPTIMIZATION STUFF
      315583  -80.0000302725901        39605.6798210866     
   182.224243660034       -262.224273932624     
        0   305091  -0.210E-01   0.870E+03  -0.277E+00   0.528E+05
  OPTIMIZATION STUFF
      305091  -38.4400530889126        10545.9507172287     
   95.2276904883779       -133.667743577290     
        0   296336  -0.237E-01   0.211E+03  -0.142E+01   0.109E+05
  OPTIMIZATION STUFF
      296336  -22.6453184359212        1680.10370699778     
   34.1656737081754       -56.8109921440966     
        0   277664   0.262E-02   0.435E+02   0.351E+00   0.230E+04
  OPTIMIZATION STUFF
      277664  -17.9225514705781        755.142555624307     
   20.8308594255922       -38.7534108961704     
        0   276000  -0.759E-02   0.441E+02   0.924E+00   0.302E+04
  OPTIMIZATION STUFF
      276000  -16.6444755614500        690.242459625139     
   20.3274172710021       -36.9718928324521     
        0   277518   0.266E-02   0.444E+02   0.125E+01   0.679E+04
  OPTIMIZATION STUFF
      277518  -16.9677794497672        795.761574012934     
   22.5356613960405       -39.5034408458077     
        0   277517   0.677E-02   0.419E+02   0.136E+01   0.587E+04
  OPTIMIZATION STUFF
      277517  -16.3282037583446        754.699975639000     
   22.0927530576201       -38.4209568159647     
        0   273986   0.664E-02   0.541E+02  -0.546E-01   0.560E+04
  OPTIMIZATION STUFF
      273986  -16.9327377983231        859.124234797150     
   23.9250209080450       -40.8577587063681     
        0   274334   0.507E-02   0.713E+02   0.779E+00   0.706E+04
  OPTIMIZATION STUFF
      274334  -19.1696437320159        1147.92605808689     
   27.9365498455781       -47.1061935775941     
