tried moves    experiment_1   _      experiment_2    _                                                                                                                                                                                                                                                                                                                                                                                                                                                                          
        0    93678   0.716E+02   0.389E+10   0.164E+03   0.529E+11
  OPTIMIZATION STUFF
       93678   928954.02106053056        100161744264337.02     
   9964877.7559532803       -9035923.7348927502     
        0    95228   0.135E+02   0.454E+05   0.461E+02   0.114E+06
  OPTIMIZATION STUFF
       95228  -7.1893390370379029        7087.9492032195403     
   83.882433246956197       -91.071772283994093     
        0    95296   0.352E+01   0.415E+05   0.235E+02   0.106E+06
  OPTIMIZATION STUFF
       95296  -17.202308290565924        11602.420561488507     
   106.33203257233839       -123.53434086290432     
        0    95350   0.269E+02   0.675E+05   0.714E+02   0.180E+06
  OPTIMIZATION STUFF
       95350  -25.835992650878882        16402.001997060179     
   125.43724917584852       -151.27324182672740     
        0    95266   0.232E+02   0.827E+05   0.876E+02   0.217E+06
  OPTIMIZATION STUFF
       95266  -35.308008231902981        22047.611214880144     
   144.22536451531684       -179.53337274721983     
        0    95319  -0.198E+02   0.810E+05  -0.454E+02   0.227E+06
  OPTIMIZATION STUFF
       95319  -45.862050998100528        27029.185910387823     
   157.87925192575321       -203.74130292385374     
        0    95314   0.196E+00   0.898E+05   0.858E+01   0.266E+06
  OPTIMIZATION STUFF
       95314  -53.588576055625623        30894.507210050164     
   167.40003502502799       -220.98861108065361     
        0    95441  -0.110E+02   0.966E+05  -0.262E+02   0.292E+06
  OPTIMIZATION STUFF
       95441  -66.359286572341787        39044.797816562277     
   186.12158096838769       -252.48086754072949     
        0    95635   0.208E+02   0.107E+06   0.712E+02   0.331E+06
  OPTIMIZATION STUFF
       95635  -78.961419020226643        47316.471412205690     
   202.68587942557292       -281.64729844579955     
        0    95631  -0.635E+01   0.116E+06  -0.174E+02   0.361E+06
  OPTIMIZATION STUFF
       95631  -98.408994690556597        60594.335273086537     
   225.63245563765986       -324.04145032821646     
        0    95609   0.771E+02   0.146E+06   0.240E+03   0.447E+06
  OPTIMIZATION STUFF
       95609  -123.76789814443023        83530.547568051959     
   261.17437653215887       -384.94227467658914     
        0    95653  -0.499E+02   0.139E+06  -0.159E+03   0.434E+06
  OPTIMIZATION STUFF
       95653  -137.25377503230200        95634.301777291694     
   277.12037640107582       -414.37415143337785     
        0    95769   0.920E+02   0.132E+06   0.276E+03   0.405E+06
  OPTIMIZATION STUFF
       95769  -141.88612278062720        90767.316724740973     
   265.77367229848363       -407.65979507911084     
        0    95741   0.300E+02   0.150E+06   0.144E+03   0.468E+06
  OPTIMIZATION STUFF
       95741  -181.98430169894877        134327.41056448498     
   318.13381539790919       -500.11811709685799     
        0    95649  -0.916E+02   0.171E+06  -0.312E+03   0.544E+06
  OPTIMIZATION STUFF
       95649  -187.97791493441972        137527.29788538726     
   319.67421131879775       -507.65212625321749     
        0    95716   0.762E+02   0.190E+06   0.230E+03   0.592E+06
  OPTIMIZATION STUFF
       95716  -216.35638669515185        167692.78054158052     
   347.68188689921487       -564.03827359436673     
        0    95616  -0.296E+02   0.155E+06  -0.773E+02   0.476E+06
  OPTIMIZATION STUFF
       95616  -249.28071961798986        208332.48838126767     
   382.35011600365021       -631.63083562164002     
        0    95653   0.619E+02   0.169E+06   0.185E+03   0.521E+06
  OPTIMIZATION STUFF
       95653  -268.46933802667422        222558.21806428515     
   387.92065245846925       -656.38999048514347     
        0    95724   0.489E+02   0.251E+06   0.183E+03   0.813E+06
  OPTIMIZATION STUFF
       95724  -332.06706700031407        328610.91930401057     
   467.27120852650393       -799.33827552681805     
        0    95654   0.552E+01   0.221E+06   0.430E+02   0.741E+06
  OPTIMIZATION STUFF
       95654  -338.40293901652780        328244.19436338736     
   462.30687343837263       -800.70981245490043     
        0    95683  -0.167E+03   0.220E+06  -0.494E+03   0.741E+06
  OPTIMIZATION STUFF
       95683  -333.11077158546931        305357.31889858487     
   440.90195367260299       -774.01272525807235     
        0    95551  -0.883E+01   0.251E+06  -0.442E+02   0.878E+06
  OPTIMIZATION STUFF
       95551  -317.00702122881700        290156.26355631062     
   435.50294149172288       -752.50996272053987     
        0    95676  -0.488E+02   0.254E+06  -0.164E+03   0.930E+06
  OPTIMIZATION STUFF
       95676  -258.36163502240220        195746.48863295422     
   359.15978920461748       -617.52142422701968     
        0    95096   0.627E+01   0.283E+06   0.305E+02   0.108E+07
  OPTIMIZATION STUFF
       95096  -248.94803370008657        194061.46009843529     
   363.43683992586091       -612.38487362594742     
        0    95676  -0.447E+02   0.205E+06  -0.149E+03   0.813E+06
  OPTIMIZATION STUFF
       95676  -194.10720817560912        122979.89780078089     
   292.06555691325815       -486.17276508886727     
        0    95617   0.415E+02   0.116E+06   0.197E+03   0.477E+06
  OPTIMIZATION STUFF
       95617  -133.92963393348407        51975.397100657465     
   184.49458055753402       -318.42421449101812     
        0    95664  -0.286E+02   0.961E+05  -0.126E+03   0.410E+06
  OPTIMIZATION STUFF
       95664  -113.62047579864129        37277.159531854282     
   156.10107946822356       -269.72155526686487     
        0    95600  -0.626E+02   0.652E+05  -0.254E+03   0.282E+06
  OPTIMIZATION STUFF
       95600  -77.151254776147411        17287.666822489275     
   106.46760403500807       -183.61885881115546     
        0    95659  -0.230E+01   0.319E+05  -0.172E+02   0.155E+06
  OPTIMIZATION STUFF
       95659  -66.975594494144943        11053.248318049560     
   81.040224951596855       -148.01581944574178     
        0    95652  -0.487E+01   0.639E+05  -0.672E+01   0.288E+06
  OPTIMIZATION STUFF
       95652  -66.497263681742851        12797.906974989090     
   91.520603679334698       -158.01786736107755     
        0    95711  -0.310E+01   0.242E+05  -0.165E+02   0.116E+06
  OPTIMIZATION STUFF
       95711  -52.570405046147705        6475.0279394766449     
   60.921100226117161       -113.49150527226487     
        0    95727   0.317E+00   0.203E+05   0.369E+01   0.102E+06
  OPTIMIZATION STUFF
       95727  -48.329441063125316        5347.4916441112546     
   54.879474948628570       -103.20891601175389     
        0    95648   0.208E+01   0.171E+05   0.131E+02   0.856E+05
  OPTIMIZATION STUFF
       95648  -43.063763646776692        4218.7727396146220     
   48.623913871562991       -91.687677518339683     
        0    95656  -0.428E+01   0.120E+05  -0.223E+02   0.609E+05
  OPTIMIZATION STUFF
       95656  -38.542418619674535        3213.9842122428845     
   41.574826267690526       -80.117244887365061     
        0    95594  -0.436E+01   0.140E+05  -0.178E+02   0.740E+05
  OPTIMIZATION STUFF
       95594  -39.908257784451443        3495.0944269228848     
   43.616801665558370       -83.525059450009820     
        0    95640  -0.238E+01   0.114E+05  -0.156E+02   0.617E+05
  OPTIMIZATION STUFF
       95640  -35.456910227877536        2713.8070525839153     
   38.165620257977579       -73.622530485855123     
        0    95604   0.179E+01   0.804E+04   0.182E+02   0.450E+05
  OPTIMIZATION STUFF
       95604  -31.862221747733557        2098.7522198284237     
   32.917336543631208       -64.779558291364765     
        0    95693  -0.140E+01   0.644E+04  -0.134E+02   0.362E+05
  OPTIMIZATION STUFF
       95693  -30.838265558698627        1947.0607420658746     
   31.560451824982746       -62.398717383681372     
        0    95635  -0.173E+01   0.620E+04  -0.617E+01   0.358E+05
  OPTIMIZATION STUFF
       95635  -28.507060433782403        1664.9356903048656     
   29.193889698523275       -57.700950132305678     
        0    93691  -0.968E+00   0.584E+04  -0.441E+01   0.333E+05
  OPTIMIZATION STUFF
       93691  -26.933536802752720        1463.2840550131177     
   27.163737782342888       -54.097274585095604     
        0    95566   0.547E+01   0.653E+04   0.311E+02   0.392E+05
  OPTIMIZATION STUFF
       95566  -25.163224807579162        1296.2961273985838     
   25.750888230929366       -50.914113038508532     
        0    95636  -0.544E+01   0.418E+04  -0.286E+02   0.247E+05
  OPTIMIZATION STUFF
       95636  -24.298336251310317        1175.2318753046573     
   24.183108375949445       -48.481444627259762     
        0    95634  -0.285E+00   0.489E+04  -0.426E+01   0.297E+05
  OPTIMIZATION STUFF
       95634  -23.546269579136375        1101.5070156621196     
   23.389745714067875       -46.936015293204250     
        0    95642  -0.437E+00   0.232E+04  -0.150E+01   0.133E+05
  OPTIMIZATION STUFF
       95642  -20.085569871292524        763.16174516097578     
   18.966592422108981       -39.052162293401508     
        0    95611  -0.171E+01   0.263E+04  -0.941E+01   0.158E+05
  OPTIMIZATION STUFF
       95611  -19.949454309594220        758.85520411065806     
   18.996696472283560       -38.946150781877776     
        0    95648   0.118E+01   0.391E+04   0.393E+01   0.242E+05
  OPTIMIZATION STUFF
       95648  -20.424228428732818        802.87320522465177     
   19.639859936251938       -40.064088364984755     
        0    95612   0.909E+00   0.248E+04   0.770E+01   0.157E+05
  OPTIMIZATION STUFF
       95612  -18.709171988675799        654.42695125270689     
   17.446886104713808       -36.156058093389603     
        0    95568  -0.285E+01   0.336E+04  -0.183E+02   0.199E+05
  OPTIMIZATION STUFF
       95568  -18.906248413325567        683.17497195376939     
   18.047956751039546       -36.954205164365113     
        0    95497   0.151E+00   0.207E+04   0.368E+01   0.137E+05
  OPTIMIZATION STUFF
       95497  -17.981386337059632        601.27736464305167     
   16.671745860600709       -34.653132197660341     
        0    95646  -0.512E+00   0.185E+04  -0.264E+01   0.120E+05
  OPTIMIZATION STUFF
       95646  -16.698124610626749        506.99072790931774     
   15.105077371443651       -31.803201982070398     
        0    95572   0.266E+00   0.184E+04   0.136E+01   0.121E+05
  OPTIMIZATION STUFF
       95572  -16.912620040170268        522.67959323118976     
   15.383201117063406       -32.295821157233675     
        0    95643  -0.249E+00   0.150E+04  -0.938E+00   0.911E+04
  OPTIMIZATION STUFF
       95643  -16.632345933330441        503.89714185059228     
   15.075218426431459       -31.707564359761900     
        0    95697  -0.373E+00   0.175E+04  -0.364E+01   0.116E+05
  OPTIMIZATION STUFF
       95697  -16.009510061203944        461.75691965747217     
   14.333614591500703       -30.343124652704645     
        0    95641   0.346E+00   0.168E+04   0.179E+01   0.109E+05
  OPTIMIZATION STUFF
       95641  -14.619724690639377        381.37153694764629     
   12.947400778440269       -27.567125469079645     
        0    95656  -0.642E+00   0.131E+04  -0.259E+01   0.882E+04
  OPTIMIZATION STUFF
       95656  -15.041481325209686        401.94918856867827     
   13.255301886869516       -28.296783212079202     
        0    95595  -0.143E-01   0.137E+04  -0.125E+01   0.903E+04
  OPTIMIZATION STUFF
       95595  -14.703260038567635        386.79342956000846     
   13.061683421300200       -27.764943459867837     
        0    95501  -0.112E+00   0.122E+04  -0.128E+00   0.804E+04
  OPTIMIZATION STUFF
       95501  -14.490445613120924        372.81266650026419     
   12.760864094309945       -27.251309707430870     
        0    95646  -0.158E+00   0.116E+04   0.292E+00   0.785E+04
  OPTIMIZATION STUFF
       95646  -13.908439907005411        339.04320100883541     
   12.066420362396411       -25.974860269401823     
        0    95521   0.191E+00   0.970E+03   0.101E+01   0.637E+04
  OPTIMIZATION STUFF
       95521  -12.995101480661020        292.90925091846935     
   11.137171473304662       -24.132272953965682     
        0    95606  -0.595E+00   0.137E+04  -0.424E+01   0.871E+04
  OPTIMIZATION STUFF
       95606  -13.428417615723237        315.39024562333020     
   11.621869297194150       -25.050286912917386     
        0    95537  -0.500E+00   0.121E+04  -0.350E+01   0.817E+04
  OPTIMIZATION STUFF
       95537  -13.498512972987735        317.14758037660556     
   11.616269964781612       -25.114782937769348     
        0    95503   0.349E+00   0.764E+03   0.270E+01   0.513E+04
  OPTIMIZATION STUFF
       95503  -12.882003036398670        286.60311920596661     
   10.984403350941829       -23.866406387340497     
        0    95545  -0.478E-01   0.894E+03   0.627E-01   0.623E+04
  OPTIMIZATION STUFF
       95545  -12.900458457366343        288.04395596495760     
   11.028242269497113       -23.928700726863454     
        0    95732  -0.181E+00   0.930E+03  -0.808E+00   0.631E+04
  OPTIMIZATION STUFF
       95732  -12.673809870975351        275.87809584675819     
   10.735578195939237       -23.409388066914588     
        0    95550  -0.271E+00   0.787E+03  -0.261E+01   0.554E+04
  OPTIMIZATION STUFF
       95550  -11.968722391435749        244.57649301747563     
   10.066090469205021       -22.034812860640770     
        0    95661   0.139E+00   0.785E+03  -0.319E+00   0.525E+04
  OPTIMIZATION STUFF
       95661  -12.165231170396437        251.91112626686942     
   10.194031432052991       -22.359262602449427     
        0    95579  -0.228E+00   0.977E+03  -0.126E+00   0.654E+04
  OPTIMIZATION STUFF
       95579  -12.081899359047037        250.62388987920011     
   10.229936351564406       -22.311835710611444     
        0    95532   0.716E-01   0.993E+03  -0.191E+00   0.671E+04
  OPTIMIZATION STUFF
       95532  -11.976522597858075        245.26313318981326     
   10.090888942645645       -22.067411540503720     
        0    94455   0.263E+00   0.107E+04   0.208E+01   0.705E+04
  OPTIMIZATION STUFF
       94455  -11.787810556028411        236.69735204525824     
   9.8866007474987789       -21.674411303527190     
        0    95514  -0.395E+00   0.637E+03  -0.128E+01   0.408E+04
  OPTIMIZATION STUFF
       95514  -11.297270945675704        213.86226585967444     
   9.2862228618349469       -20.583493807510649     
        0    95463   0.416E+00   0.603E+03   0.170E+01   0.422E+04
  OPTIMIZATION STUFF
       95463  -10.919378757956618        197.99161109283062     
   8.8746142808077249       -19.793993038764341     
        0    95526  -0.519E+00   0.792E+03  -0.170E+01   0.475E+04
  OPTIMIZATION STUFF
       95526  -11.068955835608881        206.98269719010742     
   9.1902619059223500       -20.259217741531231     
        0    95592   0.722E-01   0.557E+03  -0.112E+01   0.403E+04
  OPTIMIZATION STUFF
       95592  -10.431244812102072        180.33389265705523     
   8.4571286100572483       -18.888373422159319     
        0    95587  -0.342E+00   0.732E+03  -0.239E+01   0.518E+04
  OPTIMIZATION STUFF
       95587  -10.575290963025111        186.04554466858139     
   8.6144509816900570       -19.189741944715166     
        0    95449   0.111E+00   0.421E+03   0.148E+01   0.286E+04
  OPTIMIZATION STUFF
       95449  -10.347327203452325        176.52743580211916     
   8.3342819454836441       -18.681609148935969     
        0    95380   0.318E+00   0.529E+03   0.165E+01   0.377E+04
  OPTIMIZATION STUFF
       95380  -10.558043477187768        183.67162609986804     
   8.4970197147988813       -19.055063191986648     
        0    95525   0.328E-01   0.535E+03   0.648E-01   0.409E+04
  OPTIMIZATION STUFF
       95525  -10.430490281567110        179.86669811036037     
   8.4303956370086475       -18.860885918575757     
        0    95553  -0.350E+00   0.769E+03  -0.205E+01   0.479E+04
  OPTIMIZATION STUFF
       95553  -10.545051989203762        184.49748835333313     
   8.5615049435436834       -19.106556932747445     
        0    95559  -0.774E-01   0.522E+03  -0.103E+01   0.323E+04
  OPTIMIZATION STUFF
       95559  -10.046240264082554        165.03096268089016     
   8.0064985628685807       -18.052738826951135     
        0    95464  -0.547E-01   0.533E+03   0.657E+00   0.357E+04
  OPTIMIZATION STUFF
       95464  -10.084202467058638        166.15643535066536     
   8.0290283318739029       -18.113230798932541     
        0    95758  -0.126E-01   0.462E+03  -0.221E+00   0.341E+04
  OPTIMIZATION STUFF
       95758  -9.8886693601226927        159.94377414327124     
   7.8840340200586327       -17.772703380181326     
        0    95562   0.154E+00   0.500E+03   0.205E+00   0.371E+04
  OPTIMIZATION STUFF
       95562  -9.9297048043788383        161.96947282525664     
   7.9605549632643369       -17.890259767643176     
        0    95608   0.319E+00   0.476E+03   0.298E+01   0.321E+04
  OPTIMIZATION STUFF
       95608  -9.7838400887863379        157.01992249713760     
   7.8292014672120267       -17.613041555998365     
        0    95622  -0.474E+00   0.482E+03  -0.262E+01   0.354E+04
  OPTIMIZATION STUFF
       95622  -9.7061975542404433        153.46791171406829     
   7.6978984633551208       -17.404096017595563     
        0    95746   0.314E+00   0.513E+03   0.133E+01   0.373E+04
  OPTIMIZATION STUFF
       95746  -9.7381348466620352        155.11577889890731     
   7.7643099247218288       -17.502444771383864     
        0    95842  -0.414E+00   0.401E+03  -0.298E+01   0.302E+04
  OPTIMIZATION STUFF
       95842  -9.3937940582654651        142.62506248475825     
   7.3743945972299771       -16.768188655495443     
        0    95741   0.131E+00   0.507E+03   0.881E+00   0.397E+04
  OPTIMIZATION STUFF
       95741  -9.5309002675209271        148.30824940436059     
   7.5809095427217779       -17.111809810242704     
        0    95775  -0.101E+00   0.486E+03  -0.471E+00   0.377E+04
  OPTIMIZATION STUFF
       95775  -9.7190643320697525        154.61150127828697     
   7.7557262578933575       -17.474790589963110     
        0    95755   0.149E-01   0.437E+03   0.359E+00   0.307E+04
  OPTIMIZATION STUFF
       95755  -9.2529579616782165        138.53099373738951     
   7.2741846757423758       -16.527142637420592     
        0    95694  -0.545E-01   0.394E+03  -0.126E+00   0.307E+04
  OPTIMIZATION STUFF
       95694  -9.2250120759847949        137.43511752517537     
   7.2342428576258122       -16.459254933610609     
        0    95612   0.206E-01   0.371E+03   0.101E+00   0.264E+04
  OPTIMIZATION STUFF
       95612  -9.2365657756998658        138.03420347642046     
   7.2608578107266633       -16.497423586426528     
        0    95668  -0.767E-01   0.416E+03  -0.996E+00   0.301E+04
  OPTIMIZATION STUFF
       95668  -9.1273538059367478        134.66765558222562     
   7.1665241284375494       -16.293877934374297     
        0    95616   0.126E+00   0.491E+03   0.120E+01   0.341E+04
  OPTIMIZATION STUFF
       95616  -9.0968289226107046        133.90219536825475     
   7.1519157518114067       -16.248744674422113     
        0    95644  -0.137E+00   0.398E+03  -0.763E+00   0.301E+04
  OPTIMIZATION STUFF
       95644  -9.4791932327458159        145.75165502330140     
   7.4763995799828225       -16.955592812728639     
        0    95628   0.262E+00   0.289E+03   0.155E+01   0.250E+04
  OPTIMIZATION STUFF
       95628  -8.9718260309571978        128.66490365666843     
   6.9405505060410917       -15.912376536998289     
        0    95669  -0.245E+00   0.344E+03  -0.191E+01   0.285E+04
  OPTIMIZATION STUFF
       95669  -8.9839769587542531        129.84197897510438     
   7.0092893348525038       -15.993266293606757     
        0    95680  -0.108E-01   0.294E+03   0.266E+00   0.214E+04
  OPTIMIZATION STUFF
       95680  -8.9819891878950742        129.75191126057177     
   7.0054108722549424       -15.987400060150016     
        0    95664   0.190E-01   0.291E+03   0.346E-01   0.217E+04
  OPTIMIZATION STUFF
       95664  -9.2110277152075781        136.60430289479154     
   7.1945306535221185       -16.405558368729697     
        0    95722  -0.114E+00   0.452E+03  -0.522E+00   0.365E+04
  OPTIMIZATION STUFF
       95722  -9.0530716163394569        131.89851076639084     
   7.0668525579510808       -16.119924174290539     
        0    95589  -0.108E+00   0.316E+03  -0.115E+01   0.256E+04
  OPTIMIZATION STUFF
       95589  -8.8687162330642160        125.91542639453192     
   6.8746853580302263       -15.743401591094443     
        0    95643   0.237E+00   0.406E+03   0.171E+01   0.295E+04
  OPTIMIZATION STUFF
       95643  -8.6659669987937722        120.09585574168312     
   6.7079707600361811       -15.373937758829953     
        0    95579   0.140E-01   0.357E+03   0.457E-01   0.327E+04
  OPTIMIZATION STUFF
       95579  -8.7164299234954896        121.80639042803844     
   6.7698035286728118       -15.486233452168301     
        0    94522  -0.233E+00   0.298E+03  -0.171E+01   0.226E+04
  OPTIMIZATION STUFF
       94522  -8.7044097759043897        120.67695922850019     
   6.7015080154872813       -15.405917791391671     
        0    95663   0.152E+00   0.286E+03   0.141E+01   0.240E+04
  OPTIMIZATION STUFF
       95663  -8.6642082419440776        119.97944806535375     
   6.7015627733821956       -15.365771015326274     
        0    95601  -0.163E+00   0.341E+03  -0.130E+01   0.257E+04
  OPTIMIZATION STUFF
       95601  -8.6012217716257418        117.80525013439899     
   6.6199874750418015       -15.221209246667543     
        0    95569   0.746E-01   0.316E+03   0.829E+00   0.264E+04
  OPTIMIZATION STUFF
       95569  -8.6105690500591496        118.59323953640515     
   6.6671838260669416       -15.277752876126090     
        0    95397  -0.416E-01   0.324E+03   0.283E+00   0.281E+04
  OPTIMIZATION STUFF
       95397  -8.7663135022401715        123.11301096677565     
   6.8018202377905661       -15.568133740030738     
        0    95190   0.198E+00   0.310E+03   0.122E+01   0.234E+04
  OPTIMIZATION STUFF
       95190  -8.5179610203492793        115.90032845986148     
   6.5836667986519295       -15.101627819001209     
        0    95494  -0.570E-01   0.306E+03  -0.552E+00   0.252E+04
  OPTIMIZATION STUFF
       95494  -8.6764434642430093        120.11528577594341     
   6.6958654845910823       -15.372308948834092     
        0    95433  -0.254E+00   0.312E+03  -0.257E+01   0.249E+04
  OPTIMIZATION STUFF
       95433  -8.6276589302563469        118.99060041096506     
   6.6748859012070731       -15.302544831463420     
        0    95324   0.384E-01   0.308E+03   0.525E+00   0.238E+04
  OPTIMIZATION STUFF
       95324  -8.5518793415582213        116.72345577356207     
   6.6021826315993248       -15.154061973157546     
        0    95345   0.249E+00   0.289E+03   0.184E+01   0.231E+04
  OPTIMIZATION STUFF
       95345  -8.6682564155982185        120.28185935423481     
   6.7188682132986601       -15.387124628896878     
        0    95434  -0.287E+00   0.270E+03  -0.218E+01   0.227E+04
  OPTIMIZATION STUFF
       95434  -8.3528079659260825        110.85288329291453     
   6.4096398008996038       -14.762447766825687     
        0    95335  -0.261E-01   0.365E+03  -0.238E+00   0.278E+04
  OPTIMIZATION STUFF
       95335  -8.3959606535734803        112.09898649261612     
   6.4503357429099841       -14.846296396483464     
        0    95549   0.142E+00   0.309E+03   0.133E+01   0.238E+04
  OPTIMIZATION STUFF
       95549  -8.5014360766570984        115.22686874375439     
   6.5538121256462292       -15.055248202303328     
        0    95495   0.241E-01   0.248E+03   0.135E+00   0.200E+04
  OPTIMIZATION STUFF
       95495  -8.2751868912134352        108.67125980151688     
   6.3397588059015471       -14.614945697114983     
        0    95336  -0.756E-01   0.182E+03  -0.329E-01   0.173E+04
  OPTIMIZATION STUFF
       95336  -8.4503674224638701        113.69247424388108     
   6.5025967635431927       -14.952964186007062     
        0    95463  -0.913E-01   0.320E+03  -0.108E+01   0.277E+04
  OPTIMIZATION STUFF
       95463  -8.4398630661501741        114.04891194785903     
   6.5435176604402319       -14.983380726590406     
        0    95563  -0.190E-01   0.257E+03  -0.176E+00   0.195E+04
  OPTIMIZATION STUFF
       95563  -8.1846414190000107        106.07964321123907     
   6.2523026201255290       -14.436944039125539     
        0    95477  -0.454E-01   0.277E+03  -0.909E-01   0.221E+04
  OPTIMIZATION STUFF
       95477  -8.2099900704211350        107.14773471332336     
   6.3042682173992031       -14.514258287820338     
