tried moves    experiment_1   _      experiment_2    _                                                                                                                                                                                                                                                                                                                                                                                                                                                                          
        0   259240   0.211E+02   0.356E+10   0.678E+02   0.387E+11
  OPTIMIZATION STUFF
      259240   956359.59417261742        199248263961911.12     
   14083097.680856479       -13126738.086683862     
        0   263674   0.753E+01   0.381E+05   0.952E+02   0.177E+06
  OPTIMIZATION STUFF
      263674  -80.586075454558681        46807.552983924790     
   200.78206450466877       -281.36813995922745     
        0   264991  -0.447E+01   0.612E+05   0.313E+02   0.408E+06
  OPTIMIZATION STUFF
      264991  -216.26592925505420        167221.49669161785     
   347.05985727978646       -563.32578653484063     
        0   265200  -0.688E+00   0.500E+05   0.299E+02   0.406E+06
  OPTIMIZATION STUFF
      265200  -300.67258182657673        262672.38568662625     
   415.05226685848470       -715.72484868506149     
        0   263162  -0.335E+01   0.565E+05  -0.404E+01   0.561E+06
  OPTIMIZATION STUFF
      263162  -371.08433990385117        379934.45860690332     
   492.16955542274894       -863.25389532660006     
        0   262743   0.210E+01   0.475E+05   0.543E+02   0.573E+06
  OPTIMIZATION STUFF
      262743  -392.28153676176885        406037.42623997998     
   502.14800821650681       -894.42954497827566     
        0   262971  -0.194E+02   0.411E+05  -0.236E+03   0.572E+06
  OPTIMIZATION STUFF
      262971  -298.52742896728324        258176.89564513857     
   411.16696097731665       -709.69438994459983     
        0   263588   0.191E+00   0.282E+05   0.932E+01   0.467E+06
  OPTIMIZATION STUFF
      263588  -147.94850672950892        72882.815895003063     
   225.81863353477169       -373.76714026428061     
        0   263717  -0.189E+01   0.726E+04  -0.290E+02   0.138E+06
  OPTIMIZATION STUFF
      263717  -80.181129537858894        16125.362011382656     
   98.470038475750314       -178.65116801360921     
        0   262897  -0.111E+00   0.285E+04  -0.143E+01   0.616E+05
  OPTIMIZATION STUFF
      262897  -53.912837712178124        6482.3361549256933     
   59.797509017901717       -113.71034673007983     
        0   257068  -0.131E+00   0.138E+04  -0.861E+00   0.339E+05
  OPTIMIZATION STUFF
      257068  -40.393361053690150        3359.9221338392490     
   41.572809823555069       -81.966170877245219     
        0   263170  -0.335E+00   0.783E+03  -0.886E+01   0.208E+05
  OPTIMIZATION STUFF
      263170  -31.692296587807860        1986.0394278543090     
   31.331099004738586       -63.023395592546450     
        0   262770  -0.537E-01   0.263E+04  -0.105E+01   0.881E+05
  OPTIMIZATION STUFF
      262770  -32.502034161281728        4689.1515363753251     
   60.272458982143746       -92.774493143425474     
        0   262604  -0.484E-01   0.351E+03  -0.102E+01   0.101E+05
  OPTIMIZATION STUFF
      262604  -22.835148560356227        961.58893924627728     
   20.979631299733040       -43.814779860089267     
        0   262527  -0.327E-01   0.261E+03  -0.939E+00   0.774E+04
  OPTIMIZATION STUFF
      262527  -19.300584195848053        669.38107319459948     
   17.229872979612470       -36.530457175460526     
        0   262632  -0.311E-01   0.174E+03  -0.816E+00   0.551E+04
  OPTIMIZATION STUFF
      262632  -16.701595090307325        484.30738841123133     
   14.330530689777458       -31.032125780084783     
        0   261793  -0.260E-01   0.148E+03  -0.784E+00   0.474E+04
  OPTIMIZATION STUFF
      261793  -15.034779098819460        386.86491977583938     
   12.681495859146148       -27.716274957965609     
        0   263113  -0.206E-01   0.117E+03  -0.656E+00   0.375E+04
  OPTIMIZATION STUFF
      263113  -13.864676063522801        322.00278491876935     
   11.391819107251802       -25.256495170774603     
        0   262629   0.483E-02   0.947E+02   0.244E+00   0.302E+04
  OPTIMIZATION STUFF
      262629  -12.511185092586489        257.80906003407449     
   10.063762100383538       -22.574947192970029     
        0   262098   0.138E-01   0.957E+02   0.355E+00   0.308E+04
  OPTIMIZATION STUFF
      262098  -12.154626363618151        242.13100612026795     
   9.7157636900609390       -21.870390053679088     
        0   262117  -0.122E-01   0.723E+02  -0.250E+00   0.234E+04
  OPTIMIZATION STUFF
      262117  -11.307632726140733        205.87881883155515     
   8.8326814140591665       -20.140314140199898     
        0   262579  -0.206E-01   0.708E+02  -0.775E+00   0.224E+04
  OPTIMIZATION STUFF
      262579  -11.023320938156077        194.36105766711563     
   8.5350719482336785       -19.558392886389754     
        0   262399   0.161E-01   0.686E+02   0.655E+00   0.213E+04
  OPTIMIZATION STUFF
      262399  -10.477052915742366        174.34126440808103     
   8.0357094651819896       -18.512762380924357     
        0   262663  -0.534E-02   0.654E+02  -0.185E+00   0.215E+04
  OPTIMIZATION STUFF
      262663  -10.208857247158578        164.38568319031222     
   7.7566047274210126       -17.965461974579590     
        0   261510  -0.888E-02   0.628E+02  -0.289E+00   0.207E+04
  OPTIMIZATION STUFF
      261510  -9.9631375077859730        155.39397834741092     
   7.4919870093560119       -17.455124517141986     
        0   262230  -0.932E-02   0.569E+02  -0.368E+00   0.175E+04
  OPTIMIZATION STUFF
      262230  -9.7028177749620959        146.45003668778202     
   7.2322447354650290       -16.935062510427123     
        0   261865   0.648E-02   0.655E+02   0.220E+00   0.199E+04
  OPTIMIZATION STUFF
      261865  -9.6839412452703542        145.92285408091308     
   7.2210896711690786       -16.905030916439433     
        0   262415   0.247E-03   0.612E+02  -0.815E-01   0.177E+04
  OPTIMIZATION STUFF
      262415  -9.4890718197215680        139.69647326139457     
   7.0465586821909447       -16.535630501912514     
        0   262368  -0.561E-02   0.544E+02  -0.139E+00   0.159E+04
  OPTIMIZATION STUFF
      262368  -9.4113107800266960        136.79153791454885     
   6.9439734530240083       -16.355284233050703     
        0   262615   0.379E-02   0.538E+02   0.104E+00   0.156E+04
  OPTIMIZATION STUFF
      262615  -9.4125832112520236        136.81215751385434     
   6.9437334917975422       -16.356316703049565     
        0   262742  -0.110E-01   0.525E+02  -0.324E+00   0.149E+04
  OPTIMIZATION STUFF
      262742  -9.3050832975230211        133.13683710716953     
   6.8229218032546459       -16.128005100777667     
        0   262637   0.341E-02   0.541E+02   0.926E-01   0.157E+04
  OPTIMIZATION STUFF
      262637  -9.1905383009295925        129.76894519058030     
   6.7307466844122494       -15.921284985341842     
        0   262941   0.300E-02   0.556E+02  -0.593E-04   0.153E+04
  OPTIMIZATION STUFF
      262941  -9.0756923488298966        126.17681853864856     
   6.6188085731526511       -15.694500921982549     
        0   263241   0.215E-02   0.596E+02   0.645E-01   0.168E+04
  OPTIMIZATION STUFF
      263241  -9.1521698586557712        128.49373602923282     
   6.6881628948124181       -15.840332753468189     
        0   262190   0.459E-02   0.838E+02   0.110E+00   0.237E+04
  OPTIMIZATION STUFF
      262190  -9.2399681487363967        133.66727855456193     
   6.9491198841938839       -16.189088032930279     
        0   262172  -0.166E-02   0.548E+02  -0.107E+00   0.156E+04
  OPTIMIZATION STUFF
      262172  -9.0601061593633947        125.51170231483394     
   6.5898542241766949       -15.649960383540090     
        0   262053  -0.227E-02   0.538E+02  -0.545E-01   0.142E+04
  OPTIMIZATION STUFF
      262053  -8.9699288373413033        122.61548582899943     
   6.4927546143399200       -15.462683451681222     
        0   262106  -0.818E-02   0.565E+02  -0.263E+00   0.156E+04
  OPTIMIZATION STUFF
      262106  -8.9826899587388507        123.15764525188257     
   6.5168187297986737       -15.499508688537524     
        0   263247   0.958E-02   0.529E+02   0.221E+00   0.134E+04
  OPTIMIZATION STUFF
      263247  -9.0211758214756816        123.95294393204225     
   6.5246709288718003       -15.545846750347483     
        0   262859   0.157E-02   0.513E+02   0.478E-01   0.129E+04
  OPTIMIZATION STUFF
      262859  -8.8725385428937198        119.53550690817903     
   6.3885496564591575       -15.261088199352876     
        0   262410  -0.151E-02   0.492E+02  -0.107E+00   0.127E+04
  OPTIMIZATION STUFF
      262410  -9.0104294899134452        123.14058619315337     
   6.4770939934859291       -15.487523483399375     
        0   262576  -0.336E-02   0.547E+02  -0.239E-01   0.139E+04
  OPTIMIZATION STUFF
      262576  -8.8695408072246682        119.32246782948796     
   6.3760264819450319       -15.245567289169699     
        0   258506   0.184E-02   0.509E+02   0.642E-01   0.123E+04
  OPTIMIZATION STUFF
      258506  -8.7491434975370623        115.87705584486774     
   6.2713271246501474       -15.020470622187210     
        0   261827   0.488E-02   0.486E+02   0.347E-01   0.125E+04
  OPTIMIZATION STUFF
      261827  -8.9077551617713908        120.11498724347129     
   6.3848950830382831       -15.292650244809675     
        0   262348   0.179E-02   0.638E+02   0.103E+00   0.159E+04
  OPTIMIZATION STUFF
      262348  -9.0155080253105453        123.94363361512515     
   6.5317875547729116       -15.547295580083457     
        0   261755  -0.443E-02   0.557E+02  -0.664E-01   0.134E+04
  OPTIMIZATION STUFF
      261755  -8.6839314889895984        114.22332484275225     
   6.2299806369913506       -14.913912125980950     
        0   261758  -0.721E-02   0.527E+02  -0.256E+00   0.121E+04
  OPTIMIZATION STUFF
      261758  -8.8018299823089130        117.29111419148279     
   6.3102221160598360       -15.112052098368750     
        0   262102   0.123E-02   0.623E+02   0.853E-01   0.151E+04
  OPTIMIZATION STUFF
      262102  -8.7450922006345113        115.99953256629456     
   6.2867237070429622       -15.031815907677473     
        0   262071   0.140E-01   0.541E+02   0.239E+00   0.133E+04
  OPTIMIZATION STUFF
      262071  -8.7023281782523885        114.62780564933639     
   6.2367691898394684       -14.939097368091858     
        0   262342  -0.760E-02   0.573E+02  -0.239E+00   0.132E+04
  OPTIMIZATION STUFF
      262342  -8.7873207398530511        117.04778708354321     
   6.3111632286363539       -15.098483968489404     
        0   262210  -0.404E-02   0.563E+02  -0.429E-01   0.133E+04
  OPTIMIZATION STUFF
      262210  -8.7246987967887950        115.08874490410834     
   6.2424655232864916       -14.967164320075288     
        0   261847  -0.389E-02   0.584E+02  -0.104E+00   0.140E+04
  OPTIMIZATION STUFF
      261847  -8.6037470296829195        111.67125821361365     
   6.1356984331725428       -14.739445462855462     
        0   262944  -0.917E-03   0.570E+02  -0.489E-01   0.131E+04
  OPTIMIZATION STUFF
      262944  -8.6588805118315193        113.20207242611338     
   6.1827065843316307       -14.841587096163149     
        0   262204   0.116E-01   0.494E+02   0.321E+00   0.113E+04
  OPTIMIZATION STUFF
      262204  -8.6713305097191515        113.17347079180990     
   6.1629131085083211       -14.834243618227472     
        0   262244  -0.378E-02   0.522E+02  -0.160E+00   0.119E+04
  OPTIMIZATION STUFF
      262244  -8.6940574722542845        113.90028173724136     
   6.1898018067124569       -14.883859278966742     
        0   262244   0.159E-02   0.576E+02   0.382E-01   0.131E+04
  OPTIMIZATION STUFF
      262244  -8.7878801445237453        116.83967420141654     
   6.2938729544614951       -15.081753098985240     
        0   262788  -0.453E-03   0.539E+02   0.133E-02   0.121E+04
  OPTIMIZATION STUFF
      262788  -8.7436577603660144        115.54410441488126     
   6.2524038084941731       -14.996061568860188     
        0   262535  -0.820E-02   0.556E+02  -0.212E+00   0.123E+04
  OPTIMIZATION STUFF
      262535  -8.6609454697411881        113.29124573679894     
   6.1870242691433281       -14.847969738884515     
        0   261753   0.117E-01   0.520E+02   0.222E+00   0.115E+04
  OPTIMIZATION STUFF
      261753  -8.7847182626799043        116.44376636745110     
   6.2667767961520111       -15.051495058831915     
        0   262205  -0.369E-02   0.562E+02   0.182E-02   0.121E+04
  OPTIMIZATION STUFF
      262205  -8.6565031377548500        112.93218387300934     
   6.1641818028875308       -14.820684940642380     
        0   262910  -0.323E-02   0.526E+02  -0.880E-01   0.116E+04
  OPTIMIZATION STUFF
      262910  -8.6209756756921436        111.83260290575672     
   6.1246535661114008       -14.745629241803545     
        0   260338  -0.258E-02   0.596E+02  -0.192E+00   0.130E+04
  OPTIMIZATION STUFF
      260338  -8.6866107393625924        113.82514449156398     
   6.1941858508083572       -14.880796590170949     
        0   262045   0.418E-04   0.574E+02   0.625E-01   0.124E+04
  OPTIMIZATION STUFF
      262045  -8.7443309491891394        115.64829359770347     
   6.2597899204970480       -15.004120869686187     
        0   261591   0.132E-01   0.533E+02   0.290E+00   0.113E+04
  OPTIMIZATION STUFF
      261591  -8.7514167110599494        115.46851359310203     
   6.2354806665150280       -14.986897377574977     
        0   262244  -0.187E-02   0.571E+02  -0.632E-01   0.120E+04
  OPTIMIZATION STUFF
      262244  -8.7898043984852556        116.75338647996071     
   6.2843237596681760       -15.074128158153432     
        0   261935  -0.614E-02   0.618E+02  -0.151E+00   0.135E+04
  OPTIMIZATION STUFF
      261935  -8.6769787782293051        113.67779201933376     
   6.1957914184946574       -14.872770196723962     
        0   262195  -0.320E-02   0.556E+02  -0.980E-01   0.113E+04
  OPTIMIZATION STUFF
      262195  -8.6838395488700613        113.55835149878733     
   6.1765105187530889       -14.860350067623150     
        0   261781   0.175E-01   0.502E+02   0.402E+00   0.103E+04
  OPTIMIZATION STUFF
      261781  -8.6499524521165760        112.60680497779130     
   6.1469608388140671       -14.796913290930643     
        0   262228  -0.121E-01   0.614E+02  -0.340E+00   0.124E+04
  OPTIMIZATION STUFF
      262228  -8.7725909707920238        116.19089279019404     
   6.2635884642409492       -15.036179435032974     
        0   261806  -0.647E-02   0.568E+02  -0.874E-01   0.117E+04
  OPTIMIZATION STUFF
      261806  -8.6533783943397271        112.89136218520827     
   6.1652578656194645       -14.818636259959192     
        0   261409   0.613E-02   0.576E+02   0.678E-01   0.116E+04
  OPTIMIZATION STUFF
      261409  -8.7231184483924142        114.88827346746874     
   6.2286016089315464       -14.951720057323961     
        0   260281   0.658E-03   0.598E+02   0.503E-01   0.124E+04
  OPTIMIZATION STUFF
      260281  -8.7094823617954855        114.52665000170569     
   6.2186467170341029       -14.928129078829588     
        0   261181   0.224E-02   0.534E+02   0.477E-01   0.105E+04
  OPTIMIZATION STUFF
      261181  -8.5927376818781624        110.97811580551929     
   6.0945036660872054       -14.687241347965369     
        0   262146  -0.359E-02   0.629E+02  -0.104E+00   0.128E+04
  OPTIMIZATION STUFF
      262146  -8.6805228771982836        113.69434863582661     
   6.1921620791338992       -14.872684956332183     
        0   261775   0.196E-01   0.583E+02   0.442E+00   0.120E+04
  OPTIMIZATION STUFF
      261775  -8.6200018647238164        112.09567761630997     
   6.1474584560180565       -14.767460320741872     
        0   262282  -0.177E-01   0.615E+02  -0.409E+00   0.123E+04
  OPTIMIZATION STUFF
      262282  -8.6949980757541745        113.89668418660150     
   6.1881897715917464       -14.883187847345921     
        0   262607   0.176E-01   0.576E+02   0.349E+00   0.116E+04
  OPTIMIZATION STUFF
      262607  -8.6895598773982403        113.97051815853561     
   6.2017793652827002       -14.891339242680941     
        0   260658  -0.857E-02   0.602E+02  -0.157E+00   0.122E+04
  OPTIMIZATION STUFF
      260658  -8.7816419666956254        116.48601540251232     
   6.2744545397414830       -15.056096506437108     
        0   261903  -0.115E-01   0.582E+02  -0.206E+00   0.109E+04
  OPTIMIZATION STUFF
      261903  -8.6966024481658533        113.87335200172078     
   6.1840486625087658       -14.880651110674620     
        0   262268   0.901E-02   0.736E+02   0.132E+00   0.142E+04
  OPTIMIZATION STUFF
      262268  -8.6421654072303085        112.73371932383404     
   6.1682004181046057       -14.810365825334914     
        0   261655   0.282E-02   0.683E+02   0.307E-01   0.131E+04
  OPTIMIZATION STUFF
      261655  -8.7251065940254922        114.98525047060726     
   6.2335997139293546       -14.958706307954847     
        0   261601  -0.471E-02   0.713E+02  -0.460E-01   0.144E+04
  OPTIMIZATION STUFF
      261601  -8.6889712891751429        114.16880677567691     
   6.2185677379575894       -14.907539027132731     
        0   261928   0.842E-03   0.579E+02   0.526E-02   0.110E+04
  OPTIMIZATION STUFF
      261928  -8.6320939011253408        112.13348501717279     
   6.1335503502724649       -14.765644251397806     
        0   262544   0.496E-02   0.510E+02   0.419E-01   0.935E+03
  OPTIMIZATION STUFF
      262544  -8.5981298859241058        110.97954464170085     
   6.0870113443692206       -14.685141230293326     
        0   262089  -0.822E-02   0.609E+02  -0.199E+00   0.117E+04
  OPTIMIZATION STUFF
      262089  -8.5997709539554386        111.26671868984069     
   6.1082451022650570       -14.708016056220496     
        0   262022   0.121E-01   0.552E+02   0.232E+00   0.104E+04
  OPTIMIZATION STUFF
      262022  -8.6877958904119890        113.57263833297098     
   6.1721018218684254       -14.859897712280414     
        0   261953  -0.669E-02   0.578E+02  -0.961E-01   0.110E+04
  OPTIMIZATION STUFF
      261953  -8.5256128834628608        109.39663227437758     
   6.0589237687653457       -14.584536652228206     
        0   261950  -0.298E-02   0.560E+02  -0.653E-01   0.104E+04
  OPTIMIZATION STUFF
      261950  -8.6422279101297725        112.10880927585016     
   6.1172466049051959       -14.759474515034968     
        0   262806   0.652E-02   0.668E+02   0.881E-01   0.129E+04
  OPTIMIZATION STUFF
      262806  -8.6775701207993361        113.69921411935879     
   6.1966919334407278       -14.874262054240063     
        0   263050  -0.118E-01   0.385E+07  -0.264E+00   0.759E+08
  OPTIMIZATION STUFF
      263050  -5423.4940907679938        5702718503.5609035     
   75321.339708002459       -80744.833798770458     
        0   262409   0.587E-03   0.622E+02   0.254E-01   0.108E+04
  OPTIMIZATION STUFF
      262409  -8.5536683332232872        109.93498858652278     
   6.0638062825040784       -14.617474615727366     
        0   262472   0.555E-02   0.561E+02   0.123E+00   0.102E+04
  OPTIMIZATION STUFF
      262472  -8.7022287690593885        114.31034786037593     
   6.2114058240732462       -14.913634593132635     
        0   262307   0.116E-01   0.645E+02   0.219E+00   0.113E+04
  OPTIMIZATION STUFF
      262307  -8.6712394641533095        113.03918228099820     
   6.1521368999973030       -14.823376364150612     
        0   263099  -0.208E-01   0.674E+02  -0.409E+00   0.121E+04
  OPTIMIZATION STUFF
      263099  -8.7472258859623615        115.34484837227994     
   6.2314434661826086       -14.978669352144969     
        0   262538   0.341E-02   0.666E+02   0.827E-01   0.111E+04
  OPTIMIZATION STUFF
      262538  -8.6265606193857511        112.17322622420866     
   6.1445649239202922       -14.771125543306043     
        0   262151   0.143E-01   0.661E+02   0.213E+00   0.118E+04
  OPTIMIZATION STUFF
      262151  -8.6867498760544688        113.78725989761728     
   6.1909317948500240       -14.877681670904494     
        0   262266  -0.156E-01   0.562E+02  -0.249E+00   0.985E+03
  OPTIMIZATION STUFF
      262266  -8.6213320473759349        111.69136352994187     
   6.1126096929896105       -14.733941740365545     
        0   262716   0.483E-02   0.641E+02   0.112E+00   0.112E+04
  OPTIMIZATION STUFF
      262716  -8.7088415533056285        114.23549738915379     
   6.1960936232896771       -14.904935176595306     
        0   263192   0.741E-02   0.718E+02   0.109E+00   0.132E+04
  OPTIMIZATION STUFF
      263192  -8.7290413704523466        115.38461779479465     
   6.2600682542386119       -14.989109624690958     
        0   263383  -0.320E-02   0.673E+02  -0.926E-01   0.115E+04
  OPTIMIZATION STUFF
      263383  -8.7371554283691459        115.13186485745622     
   6.2284813460406045       -14.965636774409750     
        0   263364  -0.390E-02   0.620E+02  -0.475E-01   0.107E+04
  OPTIMIZATION STUFF
      263364  -8.6060940636315006        111.34801402516281     
   6.1059936941573607       -14.712087757788861     
        0   263115  -0.862E-02   0.569E+02  -0.170E+00   0.947E+03
  OPTIMIZATION STUFF
      263115  -8.5637476722268566        110.09037341805997     
   6.0623922031232080       -14.626139875350065     
        0   262960   0.132E-01   0.614E+02   0.250E+00   0.108E+04
  OPTIMIZATION STUFF
      262960  -8.7083804861499825        114.39313607851759     
   6.2094480742622995       -14.917828560412282     
        0   263645   0.791E-02   0.658E+02   0.746E-01   0.110E+04
  OPTIMIZATION STUFF
      263645  -8.6290650390242067        112.07890067538339     
   6.1333626362439677       -14.762427675268174     
        0   263358  -0.167E-01   0.599E+02  -0.326E+00   0.103E+04
  OPTIMIZATION STUFF
      263358  -8.5854396738679117        110.70454049759972     
   6.0823322914795250       -14.667771965347438     
        0   261824   0.234E-02   0.659E+02   0.829E-01   0.108E+04
  OPTIMIZATION STUFF
      261824  -8.6914428621644060        113.81397136458882     
   6.1865008153495147       -14.877943677513921     
        0   262999   0.209E-02   0.605E+02   0.169E-02   0.103E+04
  OPTIMIZATION STUFF
      262999  -8.6338013866592949        112.23317626787315     
   6.1392711198963337       -14.773072506555629     
        0   263912   0.189E-02   0.658E+02   0.803E-01   0.107E+04
  OPTIMIZATION STUFF
      263912  -8.6927282089595099        113.90128467905282     
   6.1917494267946926       -14.884477635754202     
        0   263782   0.587E-02   0.653E+02   0.267E-01   0.106E+04
  OPTIMIZATION STUFF
      263782  -8.6998575262201321        113.89474847878124     
   6.1811995196929344       -14.881057045913067     
        0   263269  -0.753E-02   0.627E+02  -0.157E+00   0.105E+04
  OPTIMIZATION STUFF
      263269  -8.7362262289399890        114.91107570856737     
   6.2120388750673747       -14.948265104007364     
        0   262283   0.596E-02   0.672E+02   0.129E+00   0.109E+04
  OPTIMIZATION STUFF
      262283  -8.5973962434381637        111.17632047409442     
   6.1041869489236467       -14.701583192361809     
        0   263456  -0.380E-02   0.668E+02  -0.866E-01   0.113E+04
  OPTIMIZATION STUFF
      263456  -8.6758184101688514        113.38537883775608     
   6.1737795353844076       -14.849597945553260     
        0   263326  -0.133E-01   0.670E+02  -0.182E+00   0.104E+04
  OPTIMIZATION STUFF
      263326  -8.7016759625856679        113.99650419394440     
   6.1868683221887952       -14.888544284774463     
        0   263025   0.157E-01   0.638E+02   0.185E+00   0.103E+04
  OPTIMIZATION STUFF
      263025  -8.5907366272468018        110.98738520511417     
   6.0980840766911717       -14.688820703937974     
        0   263764  -0.383E-02   0.606E+02  -0.302E-01   0.937E+03
  OPTIMIZATION STUFF
      263764  -8.6794736315417449        113.28228329174432     
   6.1602776537357364       -14.839751285277481     
        0   264405   0.405E-02   0.655E+02   0.619E-01   0.106E+04
  OPTIMIZATION STUFF
      264405  -8.6920484725976497        113.73157274432970     
   6.1789858467504644       -14.871034319348114     
        0   263619  -0.632E-02   0.696E+02  -0.655E-01   0.115E+04
  OPTIMIZATION STUFF
      263619  -8.6046429941181053        111.48339442717398     
   6.1191105048812595       -14.723753498999365     
        0   263781  -0.303E-03   0.651E+02   0.138E-01   0.105E+04
  OPTIMIZATION STUFF
      263781  -8.6715646704274736        113.24318852781279     
   6.1682375679286912       -14.839802238356164     
        0   263473   0.742E-02   0.620E+02   0.803E-01   0.971E+03
  OPTIMIZATION STUFF
      263473  -8.6713734658858979        113.38255892902173     
   6.1797929693600349       -14.851166435245933     
        0   263228   0.118E-01   0.673E+02   0.169E+00   0.104E+04
  OPTIMIZATION STUFF
      263228  -8.6971982318681107        113.91096974744768     
   6.1862519074992326       -14.883450139367344     
