tried moves    experiment_1   _      experiment_2    _                                                                                                                                                                                                                                                                                                                                                                                                                                                                          
        0   147528   0.745E+01   0.755E+04   0.792E+02   0.687E+05
  OPTIMIZATION STUFF
      147528  -100.331576332841        66900.1402379231     
   238.398227821623       -338.729804154464     
        0   139463   0.132E+01   0.135E+05   0.266E+02   0.128E+06
  OPTIMIZATION STUFF
      139463  -251.554089814237        219816.711058663     
   395.647887592483       -647.201977406720     
        0   140182  -0.398E+01   0.174E+05  -0.159E+02   0.236E+06
  OPTIMIZATION STUFF
      140182  -294.141743315368        283265.323085070     
   443.560545951132       -737.702289266500     
        0   138638   0.466E+00   0.109E+05   0.163E+02   0.162E+06
  OPTIMIZATION STUFF
      138638  -316.418389386099        295829.649193031     
   442.390158176398       -758.808547562497     
        0   139684  -0.463E+01   0.632E+04  -0.881E+02   0.140E+06
  OPTIMIZATION STUFF
      139684  -217.271267241214        157789.211375395     
   332.539332721398       -549.810599962612     
        0   140588  -0.119E+00   0.507E+04   0.209E+01   0.150E+06
  OPTIMIZATION STUFF
      140588  -178.101806371670        116007.429121945     
   290.322537342682       -468.424343714353     
