tried moves    experiment_1   _      experiment_2    _                                                                                                                                                                                                                                                                                                                                                                                                                                                                          
        0   253421   0.251E+02   0.248E+10   0.795E+02   0.269E+11
  OPTIMIZATION STUFF
      253421   465359.46804171096        68053107169630.969     
   8236294.5391198164       -7770935.0710781058     
        0   258101   0.587E+01   0.375E+05   0.964E+02   0.173E+06
  OPTIMIZATION STUFF
      258101  -81.491020391989835        47564.214195916349     
   202.29539735591774       -283.78641774790759     
        0   258688  -0.124E+02   0.444E+05  -0.295E+02   0.297E+06
  OPTIMIZATION STUFF
      258688  -208.94919918257631        152998.48609998001     
   330.66405649985620       -539.61325568243251     
        0   260309  -0.947E+00   0.509E+05   0.170E+02   0.426E+06
  OPTIMIZATION STUFF
      260309  -297.53914181501153        262917.32624539977     
   417.59763568941122       -715.13677750442275     
        0   264398   0.849E+01   0.515E+05   0.127E+03   0.515E+06
  OPTIMIZATION STUFF
      264398  -362.36935922917769        368986.01220363268     
   487.51867625299019       -849.88803548216788     
        0   264921  -0.363E+01   0.567E+05  -0.737E+01   0.662E+06
  OPTIMIZATION STUFF
      264921  -390.08265506789513        418168.53223840991     
   515.75580893829147       -905.83846400618654     
        0   264960  -0.168E+02   0.107E+08  -0.207E+03   0.145E+09
  OPTIMIZATION STUFF
      264960  -3681.9375097493380        3158155393.6510510     
   56076.721817750295       -59758.659327499634     
        0   264994  -0.120E+01   0.240E+05  -0.375E+01   0.384E+06
  OPTIMIZATION STUFF
      264994  -149.20008767420808        71747.926001619475     
   222.45732138913320       -371.65740906334128     
        0   264680  -0.214E+01   0.713E+04  -0.368E+02   0.135E+06
  OPTIMIZATION STUFF
      264680  -88.405388646530668        19580.377651763221     
   108.46596198816977       -196.87135063470043     
        0   265292  -0.518E+00   0.301E+04  -0.833E+01   0.643E+05
  OPTIMIZATION STUFF
      265292  -54.065545023472559        6534.7118988371367     
   60.096828037359828       -114.16237306083238     
        0   265121  -0.453E+00   0.115E+04  -0.888E+01   0.281E+05
  OPTIMIZATION STUFF
      265121  -38.241304975044123        2968.5917306859546     
   38.809719459068759       -77.051024434112890     
        0   266001   0.430E-01   0.859E+03   0.103E+01   0.242E+05
  OPTIMIZATION STUFF
      266001  -33.312106447009135        2231.3806513986960     
   33.491554390052258       -66.803660837061386     
        0   264717  -0.149E+00   0.474E+03  -0.325E+01   0.136E+05
  OPTIMIZATION STUFF
      264717  -26.280060730323338        1307.5529656415013     
   24.837700651469699       -51.117761381793038     
        0   265118  -0.182E+00   0.345E+03  -0.485E+01   0.103E+05
  OPTIMIZATION STUFF
      265118  -22.229619663815427        907.80984166008284     
   20.338482029448347       -42.568101693263770     
        0   264659   0.468E-01   0.258E+03   0.131E+01   0.790E+04
  OPTIMIZATION STUFF
      264659  -19.028980960930046        648.55000581638603     
   16.924771472754010       -35.953752433684059     
        0   263921  -0.654E-01   0.185E+03  -0.188E+01   0.585E+04
  OPTIMIZATION STUFF
      263921  -17.064518483178112        507.79788494743599     
   14.717339905183563       -31.781858388361677     
        0   262425  -0.474E-01   0.148E+03  -0.143E+01   0.468E+04
  OPTIMIZATION STUFF
      262425  -15.149964918640965        393.22768730865403     
   12.794774334571208       -27.944739253212173     
        0   263224   0.754E-02   0.131E+03   0.285E+00   0.425E+04
  OPTIMIZATION STUFF
      263224  -14.039824529901505        332.86056169122719     
   11.650917940694766       -25.690742470596270     
        0   263240  -0.140E-01   0.113E+03  -0.182E+00   0.358E+04
  OPTIMIZATION STUFF
      263240  -13.139073012019466        288.04394920020025     
   10.742844576043254       -23.881917588062720     
        0   262895   0.730E-02   0.102E+03   0.700E-01   0.334E+04
  OPTIMIZATION STUFF
      262895  -12.486175750728979        256.05752488153348     
   10.007644078575192       -22.493819829304172     
        0   257445  -0.315E-01   0.803E+02  -0.983E+00   0.269E+04
  OPTIMIZATION STUFF
      257445  -11.576010545666254        217.36268927772707     
   9.1300968847187356       -20.706107430384989     
        0   261652   0.136E-01   0.635E+02   0.369E+00   0.197E+04
  OPTIMIZATION STUFF
      261652  -10.934371630587631        191.08708334782079     
   8.4573400305309470       -19.391711661118578     
        0   263143  -0.160E-01   0.784E+02  -0.497E+00   0.242E+04
  OPTIMIZATION STUFF
      263143  -10.649284670550273        180.83699482868727     
   8.2115608037857353       -18.860845474336010     
        0   262327  -0.496E-02   0.645E+02  -0.166E+00   0.203E+04
  OPTIMIZATION STUFF
      262327  -10.325884295864391        168.24547328685628     
   7.8499418338786073       -18.175826129742997     
        0   262673   0.245E-01   0.656E+02   0.900E+00   0.196E+04
  OPTIMIZATION STUFF
      262673  -10.169701169907203        162.87638398067034     
   7.7106136004509009       -17.880314770358105     
        0   262819  -0.227E-01   0.629E+02  -0.873E+00   0.194E+04
  OPTIMIZATION STUFF
      262819  -9.7632193610551337        148.95619799331112     
   7.3236429255684845       -17.086862286623617     
        0   263149   0.248E-02   0.585E+02   0.152E+00   0.171E+04
  OPTIMIZATION STUFF
      263149  -9.6483993204198040        144.87692564255667     
   7.1962015116503890       -16.844600832070192     
        0   263568   0.125E-01   0.541E+02   0.309E+00   0.158E+04
  OPTIMIZATION STUFF
      263568  -9.6316780373583200        143.94149596921756     
   7.1534798632474619       -16.785157900605782     
        0   264183  -0.224E-01   0.493E+02  -0.752E+00   0.151E+04
  OPTIMIZATION STUFF
      264183  -9.3865817232936628        135.81500399579085     
   6.9070317465406381       -16.293613469834302     
        0   263726   0.167E-01   0.607E+02   0.537E+00   0.181E+04
  OPTIMIZATION STUFF
      263726  -9.3709088802163709        135.64894965127854     
   6.9162863163666453       -16.287195196583017     
        0   261175  -0.452E-02   0.599E+02  -0.188E+00   0.166E+04
  OPTIMIZATION STUFF
      261175  -9.2440799315603268        131.55309568661519     
   6.7897041103084028       -16.033784041868728     
        0   262233  -0.700E-02   0.525E+02  -0.191E+00   0.150E+04
  OPTIMIZATION STUFF
      262233  -9.2377710802185042        130.81198680129503     
   6.7435578347615346       -15.981328914980040     
        0   261110   0.396E-02   0.501E+02   0.528E-01   0.141E+04
  OPTIMIZATION STUFF
      261110  -8.9792714781122474        123.12273080487176     
   6.5188507060088172       -15.498122184121065     
        0   261689   0.678E-03   0.532E+02  -0.964E-02   0.147E+04
  OPTIMIZATION STUFF
      261689  -9.1212942090088678        127.35954787684391     
   6.6454149478828777       -15.766709156891746     
        0   262640  -0.581E-02   0.556E+02  -0.149E+00   0.150E+04
  OPTIMIZATION STUFF
      262640  -8.9277570265977086        121.47417413079872     
   6.4629195109357473       -15.390676537533455     
        0   262376   0.412E-02   0.603E+02   0.162E+00   0.167E+04
  OPTIMIZATION STUFF
      262376  -9.0785264993270971        126.05980280499841     
   6.6060698910936519       -15.684596390420749     
        0   262933  -0.349E-02   0.470E+02  -0.232E+00   0.119E+04
  OPTIMIZATION STUFF
      262933  -8.9027434550264015        120.55459680507965     
   6.4261773846559995       -15.328920839682400     
        0   262122   0.191E-02   0.600E+02   0.131E+00   0.158E+04
  OPTIMIZATION STUFF
      262122  -9.0878911600520862        126.32498053629516     
   6.6132605271032761       -15.701151687155363     
        0   262083   0.217E-02   0.538E+02   0.202E-01   0.146E+04
  OPTIMIZATION STUFF
      262083  -8.9189286534146834        121.38141217939268     
   6.4679304151089339       -15.386859068523616     
        0   261616   0.292E-02   0.592E+02   0.219E-01   0.148E+04
  OPTIMIZATION STUFF
      261616  -8.9307070205246077        121.45408129889925     
   6.4572868460717876       -15.387993866596396     
        0   261803  -0.107E-01   0.527E+02  -0.284E+00   0.134E+04
  OPTIMIZATION STUFF
      261803  -8.7860757611500180        117.00106371411478     
   6.3091945946726762       -15.095270355822695     
        0   261812   0.780E-02   0.527E+02   0.273E+00   0.139E+04
  OPTIMIZATION STUFF
      261812  -8.8580852940939501        119.10026411725497     
   6.3745265737787511       -15.232611867872702     
        0   262688  -0.116E-01   0.465E+02  -0.404E+00   0.120E+04
  OPTIMIZATION STUFF
      262688  -8.8015431606817991        117.14421181229818     
   6.2989721227319011       -15.100515283413699     
        0   259067   0.362E-02   0.540E+02   0.122E+00   0.137E+04
  OPTIMIZATION STUFF
      259067  -8.8163628760731925        117.97212931529577     
   6.3438060305067809       -15.160168906579973     
        0   257531   0.341E-02   0.635E+02   0.110E+00   0.163E+04
  OPTIMIZATION STUFF
      257531  -8.8110862238911523        118.08738644230675     
   6.3602001538837056       -15.171286377774859     
        0   260529   0.329E-02   0.584E+02   0.115E-01   0.146E+04
  OPTIMIZATION STUFF
      260529  -8.7395066893040063        115.90842234762400     
   6.2872446409563647       -15.026751330260371     
        0   260680   0.302E-02   0.561E+02   0.509E-01   0.138E+04
  OPTIMIZATION STUFF
      260680  -8.7241251757454208        115.35554158950762     
   6.2645974736955408       -14.988722649440962     
        0   260434  -0.822E-02   0.574E+02  -0.136E+00   0.139E+04
  OPTIMIZATION STUFF
      260434  -8.8035434318130346        117.48907899425200     
   6.3235039367769490       -15.127047368589984     
        0   260772   0.109E-01   0.581E+02   0.149E+00   0.139E+04
  OPTIMIZATION STUFF
      260772  -8.8679145271992521        119.43560153810047     
   6.3871506539605694       -15.255065181159821     
        0   260505  -0.725E-02   0.565E+02  -0.121E+00   0.134E+04
  OPTIMIZATION STUFF
      260505  -8.7833609702511648        116.99017717606864     
   6.3121111557336471       -15.095472125984813     
        0   260413  -0.139E-02   0.545E+02  -0.747E-01   0.126E+04
  OPTIMIZATION STUFF
      260413  -8.6614141529900035        113.28280090983910     
   6.1856855545867795       -14.847099707576783     
        0   260522   0.879E-02   0.453E+02   0.208E+00   0.106E+04
  OPTIMIZATION STUFF
      260522  -8.5891690203273132        111.05647016820299     
   6.1059516628002006       -14.695120683127513     
        0   259882  -0.109E-01   0.514E+02  -0.244E+00   0.122E+04
  OPTIMIZATION STUFF
      259882  -8.7045104910882731        114.48887381217364     
   6.2225694791386488       -14.927079970226922     
        0   259107   0.133E-01   0.829E+02   0.297E+00   0.202E+04
  OPTIMIZATION STUFF
      259107  -8.9590795651445649        124.39606984553170     
   6.6431139679325675       -15.602193533077132     
        0   259286   0.302E-02   0.516E+02   0.204E-01   0.114E+04
  OPTIMIZATION STUFF
      259286  -8.6982327981348888        114.48448675762583     
   6.2309897245202013       -14.929222522655090     
        0   261721  -0.957E-02   0.609E+02  -0.157E+00   0.139E+04
  OPTIMIZATION STUFF
      261721  -8.5997072773849208        111.84880828218860     
   6.1557975133593725       -14.755504790744293     
        0   261145   0.222E-02   0.583E+02   0.295E-02   0.131E+04
  OPTIMIZATION STUFF
      261145  -8.7151666169746900        114.98036351192361     
   6.2470980743296760       -14.962264691304366     
        0   262001   0.124E-01   0.573E+02   0.285E+00   0.129E+04
  OPTIMIZATION STUFF
      262001  -8.7452305269276582        115.81997088555669     
   6.2722335667965430       -15.017464093724200     
        0   262418  -0.145E-01   0.525E+02  -0.409E+00   0.117E+04
  OPTIMIZATION STUFF
      262418  -8.7010891010950946        114.19133846004721     
   6.2034173577836400       -14.904506458878735     
        0   261548   0.103E-02   0.602E+02   0.607E-01   0.130E+04
  OPTIMIZATION STUFF
      261548  -8.6557888960033509        112.97407154762381     
   6.1685808850536201       -14.824369781056971     
        0   261788   0.935E-02   0.604E+02   0.158E+00   0.124E+04
  OPTIMIZATION STUFF
      261788  -8.7726928677809592        116.36089622954586     
   6.2770021568525012       -15.049695024633461     
        0   261560  -0.175E-01   0.513E+02  -0.368E+00   0.107E+04
  OPTIMIZATION STUFF
      261560  -8.5890324929137698        111.20301332338468     
   6.1181315905312266       -14.707164083444997     
        0   261983   0.249E-01   0.597E+02   0.529E+00   0.125E+04
  OPTIMIZATION STUFF
      261983  -8.7809573861904191        116.58585957704163     
   6.2833627110767329       -15.064320097267153     
        0   262518  -0.180E-01   0.538E+02  -0.409E+00   0.112E+04
  OPTIMIZATION STUFF
      262518  -8.5427478919684550        110.05395737700428     
   6.0889585177822330       -14.631706409750688     
        0   262260   0.106E-01   0.593E+02   0.199E+00   0.124E+04
  OPTIMIZATION STUFF
      262260  -8.6361116667301765        112.52253865982898     
   6.1595546867931867       -14.795666353523362     
        0   261930  -0.144E-01   0.651E+02  -0.309E+00   0.135E+04
  OPTIMIZATION STUFF
      261930  -8.7234832046936024        115.32803646345258     
   6.2632960365035615       -14.986779241197164     
        0   262210   0.125E-01   0.551E+02   0.248E+00   0.118E+04
  OPTIMIZATION STUFF
      262210  -8.6966030181591432        114.25626663442897     
   6.2149306173902090       -14.911533635549352     
        0   263455  -0.189E-02   0.607E+02  -0.699E-01   0.131E+04
  OPTIMIZATION STUFF
      263455  -8.6307819744811738        112.26002239250889     
   6.1456997080462488       -14.776481682527422     
        0   262258   0.637E-02   0.629E+02   0.175E+00   0.134E+04
  OPTIMIZATION STUFF
      262258  -8.7294274554146991        115.32595953569488     
   6.2548425908528618       -14.984270046267561     
        0   261851  -0.170E-02   0.562E+02   0.621E-02   0.116E+04
  OPTIMIZATION STUFF
      261851  -8.6999960794720952        114.14587137369675     
   6.2012853176472147       -14.901281397119309     
        0   263201  -0.100E-01   0.630E+02  -0.273E+00   0.127E+04
  OPTIMIZATION STUFF
      263201  -8.7698327816296260        116.20864803490507     
   6.2688660072743172       -15.038698788903943     
        0   263421   0.271E-01   0.662E+02   0.448E+00   0.136E+04
  OPTIMIZATION STUFF
      263421  -8.6425057764578117        112.78757393782347     
   6.1720878024957511       -14.814593578953563     
        0   259933  -0.306E-01   0.641E+02  -0.509E+00   0.129E+04
  OPTIMIZATION STUFF
      259933  -8.6592640704729380        113.16374103678820     
   6.1790684406797638       -14.838332511152702     
        0   262948   0.190E-02   0.970E+02   0.222E-01   0.210E+04
  OPTIMIZATION STUFF
      262948  -8.8803019921778450        122.08169840277831     
   6.5743391249996002       -15.454641117177445     
        0   263473   0.149E-01   0.617E+02   0.271E+00   0.124E+04
  OPTIMIZATION STUFF
      263473  -8.7030568933983101        114.59747634762927     
   6.2333199065908227       -14.936376799989134     
        0   263987  -0.413E-02   0.619E+02  -0.329E-01   0.124E+04
  OPTIMIZATION STUFF
      263987  -8.6605505128419686        113.20063663566336     
   6.1802509212956771       -14.840801434137646     
        0   263256  -0.581E-02   0.558E+02  -0.156E+00   0.109E+04
  OPTIMIZATION STUFF
      263256  -8.5173322918303853        109.02519511522144     
   6.0398878918209062       -14.557220183651292     
        0   262694   0.529E-02   0.561E+02   0.737E-01   0.114E+04
  OPTIMIZATION STUFF
      262694  -8.6350863079501305        112.54098367267427     
   6.1624887932495627       -14.797575101199694     
        0   262853  -0.968E-02   0.578E+02  -0.210E+00   0.114E+04
  OPTIMIZATION STUFF
      262853  -8.6600125790189431        112.98652277419886     
   6.1636600251338116       -14.823672604152755     
        0   263204   0.168E-02   0.585E+02   0.682E-01   0.115E+04
  OPTIMIZATION STUFF
      263204  -8.6391326685197818        112.59954469927141     
   6.1615689101872153       -14.800701578706997     
        0   263235   0.547E-02   0.584E+02   0.555E-01   0.111E+04
  OPTIMIZATION STUFF
      263235  -8.6204958449276248        111.84002010208485     
   6.1259343360560443       -14.746430180983669     
        0   262475  -0.748E-03   0.412E+07   0.443E-01   0.818E+08
  OPTIMIZATION STUFF
      262475  -5636.5295431459108        6198728693.3402100     
   78529.982987706375       -84166.512530852284     
        0   261905   0.683E-03   0.693E+02  -0.914E-01   0.130E+04
  OPTIMIZATION STUFF
      261905  -8.6019379852360700        111.75054910063656     
   6.1446897398314091       -14.746627725067480     
        0   261767   0.414E-02   0.609E+02   0.894E-01   0.116E+04
  OPTIMIZATION STUFF
      261767  -8.6419358681846852        112.59608552209487     
   6.1573557613863663       -14.799291629571051     
        0   262447  -0.108E-01   0.678E+02  -0.171E+00   0.132E+04
  OPTIMIZATION STUFF
      262447  -8.6543429017596161        113.10435922757119     
   6.1811575102349670       -14.835500411994584     
        0   262813  -0.135E-02   0.583E+02  -0.527E-01   0.108E+04
  OPTIMIZATION STUFF
      262813  -8.5709227884844825        110.52581669766120     
   6.0881113041318962       -14.659034092616379     
        0   262899   0.254E-02   0.683E+02   0.340E-01   0.129E+04
  OPTIMIZATION STUFF
      262899  -8.7053627799200175        114.57265724294930     
   6.2281069445644981       -14.933469724484516     
        0   262406   0.594E-03   0.630E+02  -0.328E-01   0.115E+04
  OPTIMIZATION STUFF
      262406  -8.7577943887952134        115.64763405744868     
   6.2408870764528146       -14.998681465248028     
        0   261732   0.505E-02   0.668E+02   0.117E+00   0.124E+04
  OPTIMIZATION STUFF
      261732  -8.5853057756843079        111.00839793566146     
   6.1074481310661266       -14.692753906750434     
        0   262006  -0.722E-02   0.627E+02  -0.120E+00   0.112E+04
  OPTIMIZATION STUFF
      262006  -8.6947090412849590        113.97541784101880     
   6.1949537955029479       -14.889662836787906     
        0   262341  -0.212E-02   0.622E+02   0.199E-02   0.114E+04
  OPTIMIZATION STUFF
      262341  -8.5666860867175636        110.47552029296190     
   6.0899433318054461       -14.656629418523011     
        0   262705   0.394E-02   0.623E+02   0.396E-01   0.112E+04
  OPTIMIZATION STUFF
      262705  -8.6743146675431841        113.24821800827307     
   6.1647776161608814       -14.839092283704066     
        0   262204   0.362E-02   0.606E+02   0.258E-01   0.109E+04
  OPTIMIZATION STUFF
      262204  -8.6290227319536381        112.02779301803443     
   6.1292544170936321       -14.758277149047270     
        0   262120  -0.116E-01   0.544E+02  -0.181E+00   0.937E+03
  OPTIMIZATION STUFF
      262120  -8.5781024295583315        110.59553198571902     
   6.0837234235067319       -14.661825853065064     
        0   262231   0.153E-01   0.632E+02   0.244E+00   0.113E+04
  OPTIMIZATION STUFF
      262231  -8.5867207766964260        110.73911382066696     
   6.0833658548304399       -14.670086631526866     
        0   262805  -0.444E-02   0.605E+02  -0.700E-01   0.102E+04
  OPTIMIZATION STUFF
      262805  -8.6069211359248143        111.34532960457064     
   6.1046079451952799       -14.711529081120094     
        0   262685   0.566E-02   0.691E+02   0.971E-01   0.116E+04
  OPTIMIZATION STUFF
      262685  -8.5909139999190085        111.04890809381480     
   6.1028767593496749       -14.693790759268683     
        0   262041   0.218E-03   0.706E+02   0.370E-02   0.121E+04
  OPTIMIZATION STUFF
      262041  -8.5805457703130283        110.81016599114579     
   6.0979013008336720       -14.678447071146699     
        0   262268   0.270E-02   0.710E+02   0.936E-02   0.123E+04
  OPTIMIZATION STUFF
      262268  -8.6495387419864080        112.94076238704969     
   6.1746450859888187       -14.824183827975226     
        0   262946   0.868E-02   0.663E+02   0.107E+00   0.109E+04
  OPTIMIZATION STUFF
      262946  -8.7556877346939697        115.60933115191703     
   6.2407742664229264       -14.996462001116896     
        0   262450  -0.200E-01   0.691E+02  -0.331E+00   0.127E+04
  OPTIMIZATION STUFF
      262450  -8.5871190488896847        111.02435457850119     
   6.1062051241910558       -14.693324173080740     
        0   262542   0.406E-02   0.568E+02   0.716E-01   0.972E+03
  OPTIMIZATION STUFF
      262542  -8.5243456343013211        109.23073321506088     
   6.0470046074092663       -14.571350241710586     
        0   262494   0.794E-02   0.615E+02   0.191E+00   0.107E+04
  OPTIMIZATION STUFF
      262494  -8.5919834632545733        111.21090579800855     
   6.1146321201825788       -14.706615583437152     
        0   262409  -0.837E-02   0.553E+02  -0.207E+00   0.960E+03
  OPTIMIZATION STUFF
      262409  -8.6318816436164258        111.90843783172154     
   6.1154768515888716       -14.747358495205297     
        0   262698   0.908E-02   0.652E+02   0.175E+00   0.112E+04
  OPTIMIZATION STUFF
      262698  -8.6790572548953477        113.54708806245098     
   6.1823177877475226       -14.861375042642869     
        0   262631  -0.909E-02   0.682E+02  -0.172E+00   0.112E+04
  OPTIMIZATION STUFF
      262631  -8.5585614435583182        109.95799805847928     
   6.0587972465924489       -14.617358690150766     
        0   261464   0.963E-02   0.636E+02   0.133E+00   0.107E+04
  OPTIMIZATION STUFF
      261464  -8.6860825924978720        113.78915540357468     
   6.1920210432362168       -14.878103635734089     
        0   263556  -0.114E-01   0.757E+02  -0.221E+00   0.129E+04
  OPTIMIZATION STUFF
      263556  -8.6758139654469346        113.76241799210440     
   6.2042461289878190       -14.880060094434754     
        0   263306   0.241E-02   0.703E+02   0.973E-01   0.121E+04
  OPTIMIZATION STUFF
      263306  -8.5769973210037147        110.79696878302391     
   6.1018100378919549       -14.678807358895670     
        0   263456   0.571E-02   0.641E+02   0.759E-01   0.106E+04
  OPTIMIZATION STUFF
      263456  -8.7004534808875906        114.10300046686081     
   6.1971856268609402       -14.897639107748532     
        0   263616  -0.104E-01   0.642E+02  -0.218E+00   0.104E+04
  OPTIMIZATION STUFF
      263616  -8.6127219606793783        111.60801727598025     
   6.1179275660971504       -14.730649526776528     
        0   263577  -0.276E-02   0.658E+02  -0.401E-01   0.111E+04
  OPTIMIZATION STUFF
      263577  -8.5866196832797197        110.83960845076624     
   6.0917625417837424       -14.678382225063462     
        0   263181   0.938E-02   0.707E+02   0.192E+00   0.115E+04
  OPTIMIZATION STUFF
      263181  -8.6508278836596961        112.89290599017059     
   6.1689612510913454       -14.819789134751041     
        0   263811   0.125E-01   0.687E+02   0.190E+00   0.111E+04
  OPTIMIZATION STUFF
      263811  -8.7142290468140544        114.48597153894323     
   6.2087183587762658       -14.922947405590321     
        0   263318  -0.549E-02   0.672E+02  -0.129E+00   0.109E+04
  OPTIMIZATION STUFF
      263318  -8.6218551474617868        111.98032293812950     
   6.1354654879899861       -14.757320635451773     
        0   262812   0.918E-03   0.617E+02   0.220E-01   0.951E+03
  OPTIMIZATION STUFF
      262812  -8.5359842416971894        109.44134626306294     
   6.0480012639350695       -14.583985505632260     
        0   262695   0.937E-03   0.724E+02   0.216E-01   0.117E+04
  OPTIMIZATION STUFF
      262695  -8.6194914443220174        112.07514408911271     
   6.1465039925450515       -14.765995436867069     
        0   262984  -0.151E-01   0.649E+02  -0.261E+00   0.105E+04
  OPTIMIZATION STUFF
      262984  -8.5831213875322891        110.68762981365106     
   6.0842137586163796       -14.667335146148670     
        0   262977   0.141E-02   0.561E+02   0.213E-01   0.911E+03
  OPTIMIZATION STUFF
      262977  -8.6226407977859374        111.38131941616781     
   6.0853418218309896       -14.707982619616928     
        0   263099   0.163E-01   0.684E+02   0.255E+00   0.101E+04
  OPTIMIZATION STUFF
      263099  -8.6159541463054161        111.82984402170025     
   6.1314906972499568       -14.747444843555373     
