   26512350.867146686     
   52900809.418882832     
   42066805.122950360     
   46242750.351229899     
   81981461.622470170     
   79064409.562062845     
   19690262.741777893     
   18376531.670214877     
   8084589.7236020705     
   5737047.2598132771     
   3263648.4794156612     
   3549601.3870666721     
   2650445.9822349739     
   1316849.4731355768     
   1675923.2239610979     
   1161973.3012347389     
   773269.29080105317     
   850194.51383449731     
   798722.61164622079     
   819044.38542124047     
   557796.88564780797     
   658040.50649138668     
   523001.66577813379     
   478077.42584354454     
   721078.34260835522     
   485588.41884733672     
   526302.06709326303     
   611033.09972207621     
   406494.49483036570     
   552552.54549142311     
   502346.01359181944     
   450302.95126310369     
   465175.16360097233     
   462807.55391777225     
   422115.94382873789     
   465809.94389203552     
   403980.46432991745     
   438816.48365848843     
   444661.31940801907     
   451151.90734287753     
   374129.64072511054     
   447738.05125142145     
   338457.06347041234     
   370937.34480189416     
   400202.10871061723     
   404073.04499986692     
   418128.51144559472     
   380547.47351794789     
   422189.40562072478     
   388703.09114023088     
   368900.25012365350     
   425268.80249800929     
   358917.93767340196     
   439240.37289372564     
   445339.90318060771     
   401774.92185432790     
   403122.94703953434     
   481125.92524235509     
   370090.96322786884     
   386229.31288694008     
   430074.15029995423     
   329324.98907782056     
   474442.41667404253     
   362278.55201067746     
   417260.82659650955     
   332655.45506042737     
   400864.53830158198     
   381952.44101581059     
   429396.20190339111     
   430571.90079556487     
   356209.27760325262     
   481374.59640774463     
   341103.56768324639     
   347453.87798056204     
   422738.26816946035     
   412951.34066224378     
   370477.87991458050     
   391259.38742906204     
   333578.99199983774     
   351983.04890686017     
   368006.11319514224     
   379437.71196833678     
   355685.92099736724     
   380160.90763369820     
   332417.73771669727     
   318251.82607711724     
   327861.43779276742     
   319393.73944845411     
   351335.59241331997     
   318079.05218388402     
   318053.60555943707     
   329480.04222055431     
   337208.42013124150     
   286765.97248092154     
   354727.78087502549     
   335157.92791840067     
   362168.57302408054     
   363193.74767993460     
   366346.78694698639     
   396807.63959713303     
   304601.69466525846     
   324450.00123942387     
   376593.42553289840     
   320019.05736089841     
   368271.05925317755     
   320760.59105392278     
   357988.58691231912     
   296711.22251330380     
   322964.61048498505     
   344439.39045401744     
   284208.11326068966     
   272907.43069841270     
   325897.28575825208     
   379369.80659431790     
   344033.18297735770     
   350072.58787348913     
   355995.69219734130     
   283289.39782071189     
   289259.95120809227     
   360589.27237204125     
