   22090498.093048800     
   27770575.655205950     
   30341796.308991875     
   39714350.549134932     
   50274145.103064924     
   44060510.721049249     
   44896528.912948675     
   41353993.767704912     
   50146802.505921409     
   47872741.340468921     
   78201240.762789935     
   58250125.962414816     
   93504432.886946231     
   110139835.68417972     
   71515223.470301121     
   100843590.22084491     
   90626695.626919195     
   114222621.80546393     
   136447423.21742392     
   141085502.40931633     
   77805180.131653324     
   72738220.587817818     
   52338709.556098565     
   55832365.301566698     
   37251251.052808650     
   60046744.044565171     
   45269870.235122390     
   15001652.490965813     
   13141216.073514346     
   12032502.401511839     
   10155204.949475739     
   10538703.145876046     
   11989274.751953024     
   9449497.9112381451     
   7335578.6191041693     
   5620018.1774237212     
   7535007.4459032100     
   6117987.4788095895     
   5362966.9710738985     
   4859001.5234211190     
   8351697.2826112192     
   5101165.3080778569     
   4666641.1212607147     
   4481235.9819596186     
   3418479.3293214124     
   3907372.2374771778     
   4730456.1673519369     
   2711066.5281610261     
   3076752.5402963171     
   2775369.8855959903     
   2931164.3695066492     
   2817668.0201780433     
   2434008.5469835987     
   2637959.1450943239     
   2328969.2553889342     
   2208191.2612340571     
   2185263.8391467519     
   2198156.3838480646     
   2312819.8262245981     
   1850525.7554159965     
   1468473.9658559256     
   1759251.0199416466     
   1760691.0648207017     
   1665990.7922432686     
   1391070.3961960503     
   1373851.3112206664     
   1340086.4911963088     
   1328629.6379303623     
   1550025.3733440877     
   1389759.5997943140     
   1591920.4013565199     
   1379442.9384059694     
   1279749.8377672646     
   1018548.9717407795     
   1170495.0712883191     
   1357756.7905488443     
   1367113.7112623116     
   1137509.6666667478     
   1031303.0220562289     
   1088810.6729889745     
   1066402.0018284074     
   1100799.8594792827     
   1416421.6443991917     
   1120750.5602756676     
   1278313.7357131166     
   953232.00569794199     
   1050101.6174513765     
   995325.19061315130     
   1031106.0400460255     
   1013830.7504722979     
   1025488.6564095624     
   922887.14790836000     
   1049789.6537975343     
   963717.87636076822     
   1137286.3402201938     
   931238.26607406745     
   955678.16186086996     
   960791.37679470645     
   899949.62465744663     
   779609.34444370656     
   965453.01554712607     
   971160.27356803964     
   787467.57530748274     
   936494.72738429334     
   796524.73933638842     
   882918.95665015792     
   905910.88944734144     
   1041187.9720055619     
   983080.50662645244     
   713148.37962145556     
   766814.56842001982     
   966049.06425266457     
   730787.41223794350     
   705647.26744094596     
   846208.47487677750     
   861368.64821732068     
   851040.34357648983     
   739225.28517508565     
   720551.22536453453     
   707523.72353172139     
