   19786410.996416815     
   32500425.155218624     
   43692013.911260165     
   82035229.564877346     
   51653552.641601481     
   37925769.593892492     
   45738543.896882415     
   7558427.6891429462     
   7532796.9471435361     
   4118945.7933554933     
   3428400.5709967026     
   2568486.8002794860     
   1811291.7540495978     
   1757604.9498339752     
   1098005.5530525525     
   1120023.0259657176     
   952000.60271850927     
   747644.04843040241     
   805789.26056610793     
   549245.98665953451     
   598222.72420746100     
   502897.45368656673     
   520009.43440250610     
   524701.10384713183     
   533795.15297458344     
   480340.59156740591     
   542507.32026462804     
   532866.48749390268     
   390605.85323475470     
   489780.09100288944     
   495923.95595216716     
   422507.37978531711     
   499792.49760824512     
   406188.01102688437     
   456853.65331050410     
   448113.85190554411     
   390581.29078071460     
   466279.36606759648     
   413046.56368263258     
   459511.04077421984     
   457676.20449044008     
   532791.33133066457     
   445243.26463626896     
   389250.63064734673     
   322750.53777485853     
   428470.64370470459     
   396595.83360907546     
   470712.85368707322     
   374074.14903716976     
   442699.65208241472     
   433011.75288404507     
   351776.39182738605     
   395661.65035343473     
   510551.59519785759     
   449649.06022310787     
   412659.84303289960     
   493671.75652772107     
   373821.30942453479     
   421157.01534583635     
   393105.15574422141     
   432105.70720946428     
   397868.69650616124     
   401807.44234792079     
   358093.93136880134     
   348550.72857662803     
   452935.26425883302     
   351298.15737594501     
   380660.47318926116     
   423573.06862761709     
   360546.82657553087     
   355168.28982915386     
   372045.41114639892     
   381703.48906474025     
   364887.98023952887     
   303683.37354483333     
   343153.49048442452     
   351757.87778317230     
   390032.91219048476     
   411964.88661219133     
   304373.73636878585     
   352614.01336673484     
   353527.04304033949     
   422918.16011951747     
   398592.13181529980     
   410289.08411125973     
   366020.79838982329     
   313206.52061548928     
   354497.04981424997     
   294823.85960744775     
   325137.08110027562     
   374564.63424655894     
   399739.13354844926     
   397126.77557347604     
   347472.55956803268     
   363221.97129057907     
   345961.67108373391     
   356132.35165238730     
   330525.61788426532     
   393869.80458164768     
   279416.54362819303     
   359096.80309609947     
   303133.81338536571     
   302037.73316936445     
   350933.82376728620     
   320401.66868355015     
   271226.79704427236     
   305311.32011711999     
   345293.18246140325     
   342524.47934473475     
   295753.56807938422     
   284226.83801403065     
   306829.78504638118     
   336239.04187894746     
   286685.99737167184     
   297203.50584149244     
   253284.00478769175     
   318929.48015328671     
   314252.03345814109     
   320949.17554293759     
   331152.40031255758     
