tried moves    experiment_1   _      experiment_2    _                                                                                                                                                                                                                                                                                                                                                                                                                                                                          
        0   181341   0.109E+02   0.129E+05   0.100E+03   0.852E+05
  OPTIMIZATION STUFF
      181341  -118.436516266657        86275.2390284770     
   268.789937763851       -387.226454030508     
        0   173034  -0.526E+01   0.150E+05  -0.937E+01   0.161E+06
  OPTIMIZATION STUFF
      173034  -284.355428449390        302502.120277311     
   470.790941489612       -755.146369939001     
        0   173603  -0.236E+01   0.138E+05  -0.376E+02   0.220E+06
  OPTIMIZATION STUFF
      173603  -356.104147150744        409410.089230968     
   531.601284435063       -887.705431585807     
        0   174388  -0.317E+01   0.935E+04  -0.454E+02   0.199E+06
  OPTIMIZATION STUFF
      174388  -238.144259772405        210929.342742529     
   392.704283500935       -630.848543273340     
        0   175020  -0.176E+00   0.510E+04   0.267E+01   0.154E+06
  OPTIMIZATION STUFF
      175020  -172.672021979007        119683.676641536     
   299.780001780000       -472.452023759007     
        0   174198  -0.135E+00   0.151E+04  -0.407E+01   0.537E+05
  OPTIMIZATION STUFF
      174198  -75.4841792567822        21621.4286358307     
   126.188618019854       -201.672797276636     
        0   174045  -0.975E-01   0.190E+07  -0.294E+00   0.791E+08
  OPTIMIZATION STUFF
      174045  -6503.93116806876        8534705273.33226     
   92154.2410998717       -98658.1722679405     
        0   175980  -0.173E+00   0.198E+03  -0.758E+01   0.100E+05
  OPTIMIZATION STUFF
      175980  -27.3182527786847        1864.72604328721     
   33.4430726520022       -60.7613254306869     
        0   169688   0.160E-01   0.105E+03   0.827E+00   0.585E+04
  OPTIMIZATION STUFF
      169688  -20.8714467680256        990.563713566397     
   23.5573008508163       -44.4287476188419     
        0   168703  -0.245E-01   0.484E+02  -0.137E+01   0.229E+04
  OPTIMIZATION STUFF
      168703  -16.0850571687872        534.907611761612     
   16.6186205094905       -32.7036776782777     
        0   167107  -0.191E-03   0.535E+02   0.532E+00   0.275E+04
  OPTIMIZATION STUFF
      167107  -15.4217147289147        493.654188083553     
   15.9945272797770       -31.4162420086916     
        0   167121  -0.114E-01   0.486E+02  -0.987E+00   0.185E+04
  OPTIMIZATION STUFF
      167121  -14.0781284743626        400.877948083702     
   14.2367217695312       -28.3148502438938     
