tried moves    experiment_1   _      experiment_2    _                                                                                                                                                                                                                                                                                                                                                                                                                                                                          
        0   306755   0.439E+01   0.136E+05   0.628E+02   0.123E+06
  OPTIMIZATION STUFF
      306755  -183.390439040183        154102.145577412     
   347.088018298040       -530.478457338223     
        0   310453  -0.183E+01   0.116E+05  -0.102E+02   0.191E+06
  OPTIMIZATION STUFF
      310453  -309.955676883379        300369.585997259     
   451.992327772304       -761.948004655683     
        0   306586  -0.228E+01   0.590E+04  -0.437E+02   0.159E+06
  OPTIMIZATION STUFF
      306586  -202.841256736206        153094.637040809     
   334.589392549264       -537.430649285470     
        0   306810  -0.162E+00   0.216E+04  -0.490E+01   0.862E+05
  OPTIMIZATION STUFF
      306810  -80.5101218811297        36131.4300305742     
   172.190447775885       -252.700569657015     
        0   303422  -0.483E-01   0.829E+03  -0.153E+01   0.452E+05
  OPTIMIZATION STUFF
      303422  -38.6087366353440        9231.13360056741     
   87.9801060239760       -126.588842659320     
        0   305818  -0.104E-01   0.656E+03  -0.957E+00   0.366E+05
  OPTIMIZATION STUFF
      305818  -24.0738724754614        4184.69690671163     
   60.0428644448851       -84.1167369203465     
        0   305963  -0.678E-02   0.124E+03  -0.317E+00   0.506E+04
  OPTIMIZATION STUFF
      305963  -15.7049468193091        606.944247620058     
   18.9815408495394       -34.6864876688484     
        0   305023  -0.607E-04   0.471E+02   0.131E+01   0.292E+04
  OPTIMIZATION STUFF
      305023  -12.7811996017903        351.980005980781     
   13.7339339855693       -26.5151335873596     
        0   302046  -0.390E-02   0.419E+02   0.331E+00   0.488E+04
  OPTIMIZATION STUFF
      302046  -11.9448964194621        319.855405005901     
   13.3107045093122       -25.2556009287742     
        0   301853   0.129E-02   0.344E+02  -0.368E+00   0.355E+04
  OPTIMIZATION STUFF
      301853  -11.7443147393149        309.834194124471     
   13.1112648294656       -24.8555795687805     
        0   300938   0.535E-02   0.759E+02  -0.199E+00   0.740E+04
  OPTIMIZATION STUFF
      300938  -13.3961295055029        455.060253970735     
   16.6013242918307       -29.9974537973337     
        0   300728   0.304E-02   0.907E+02   0.643E-01   0.819E+04
  OPTIMIZATION STUFF
      300728  -14.8634564439479        605.094032302938     
   19.6002983355306       -34.4637547794785     
