tried moves    experiment_1   _      experiment_2    _                                                                                                                                                                                                                                                                                                                                                                                                                                                                          
        0   135061   0.157E+02   0.916E+04   0.170E+03   0.854E+05
  OPTIMIZATION STUFF
      135061  -91.9891205809973        61202.1023532034     
   229.652137041958       -321.641257622955     
        0   135555  -0.452E+01   0.158E+05  -0.175E+01   0.154E+06
  OPTIMIZATION STUFF
      135555  -243.504234888310        211851.086693166     
   390.585169053595       -634.089403941904     
        0   139088  -0.221E+01   0.142E+05  -0.356E+02   0.170E+06
  OPTIMIZATION STUFF
      139088  -301.745354425765        289026.461510611     
   444.945168074764       -746.690522500529     
        0   136528  -0.436E+01   0.990E+04  -0.247E+02   0.170E+06
  OPTIMIZATION STUFF
      136528  -283.961823552556        259733.173345163     
   423.200727917462       -707.162551470018     
        0   138644  -0.558E+00   0.736E+04   0.791E+00   0.173E+06
  OPTIMIZATION STUFF
      138644  -234.665572592141        182818.170111029     
   357.421654563670       -592.087227155811     
        0   141257  -0.317E+01   0.485E+04  -0.865E+02   0.145E+06
  OPTIMIZATION STUFF
      141257  -213.824590221555        158134.378745728     
   335.281110953647       -549.105701175202     
        0   175139  -0.107E+00   0.255E+04  -0.147E+01   0.917E+05
  OPTIMIZATION STUFF
      175139  -99.7514795833176        44570.2132239705     
   186.064116757932       -285.815596341250     
        0   179711  -0.224E+00   0.178E+04  -0.615E+01   0.806E+05
  OPTIMIZATION STUFF
      179711  -74.7304688478729        32800.1112096556     
   164.971113336344       -239.701582184216     
        0   221917  -0.170E-01   0.879E+03   0.117E+00   0.502E+05
  OPTIMIZATION STUFF
      221917  -40.1342354472771        46938.9118302336     
   212.904098070695       -253.038333517972     
        0   228093  -0.272E-01   0.228E+03  -0.138E+01   0.125E+05
  OPTIMIZATION STUFF
      228093  -23.4261053613099        2168.55949627584     
   40.2464543019214       -63.6725596632312     
