tried moves    experiment_1   _      experiment_2    _                                                                                                                                                                                                                                                                                                                                                                                                                                                                          
        0    94747   0.851E+02   0.177E+10   0.196E+03   0.242E+11
  OPTIMIZATION STUFF
       94747   411856.06481361599        20841049036321.395     
   4546583.7304725442       -4134727.6656589285     
        0    96202  -0.432E+01   0.423E+05   0.440E+01   0.106E+06
  OPTIMIZATION STUFF
       96202  -7.1254416215671661        7331.7219975385442     
   85.328483399367784       -92.453925020934946     
        0    96487   0.394E+02   0.687E+05   0.119E+03   0.177E+06
  OPTIMIZATION STUFF
       96487  -18.606420375866982        12911.951886640549     
   112.09706957560073       -130.70348995146770     
        0    82038  -0.111E+02   0.737E+05  -0.177E+02   0.191E+06
  OPTIMIZATION STUFF
       82038  -26.379964456880039        16879.137821754903     
   127.21334559317528       -153.59331005005532     
        0    96273   0.973E+01   0.652E+05   0.374E+02   0.182E+06
  OPTIMIZATION STUFF
       96273  -34.802041929612884        21145.893621005765     
   141.19033783703199       -175.99237976664489     
        0    96121   0.230E+02   0.118E+06   0.797E+02   0.330E+06
  OPTIMIZATION STUFF
       96121  -46.519965739680138        29207.112428068649     
   164.44757588863277       -210.96754162831292     
        0    95726  -0.285E+01   0.922E+05   0.116E+01   0.272E+06
  OPTIMIZATION STUFF
       95726  -58.116900152286703        35679.173947041134     
   179.72645844096041       -237.84335859324710     
        0    95739   0.348E+01   0.111E+06   0.188E+02   0.336E+06
  OPTIMIZATION STUFF
       95739  -68.011570882996466        41270.039969530189     
   191.42744368443448       -259.43901456743095     
        0    95613   0.761E+02   0.123E+06   0.243E+03   0.378E+06
  OPTIMIZATION STUFF
       95613  -96.284387125904175        67799.113641670614     
   241.92649800602587       -338.21088513193001     
        0    95960  -0.383E+02   0.121E+06  -0.114E+03   0.378E+06
  OPTIMIZATION STUFF
       95960  -100.09702006930651        63749.424258796411     
   231.79734863030953       -331.89436869961605     
        0    95842   0.538E+02   0.115E+06   0.172E+03   0.362E+06
  OPTIMIZATION STUFF
       95842  -118.94317497815767        78213.057610562246     
   253.11179098706091       -372.05496596521857     
        0    95868  -0.340E+02   0.133E+06  -0.579E+02   0.424E+06
  OPTIMIZATION STUFF
       95868  -137.54391085644556        93433.020540899131     
   272.97379567865715       -410.51770653510272     
        0    95715   0.883E+02   0.125E+06   0.221E+03   0.414E+06
  OPTIMIZATION STUFF
       95715  -154.51121130075475        104880.80697626408     
   284.61744949780854       -439.12866079856326     
        0    95736  -0.117E+03   0.145E+06  -0.330E+03   0.453E+06
  OPTIMIZATION STUFF
       95736  -174.05987061001147        122640.39206325056     
   303.88082122186756       -477.94069183187901     
        0    95889   0.870E+02   0.139E+06   0.273E+03   0.439E+06
  OPTIMIZATION STUFF
       95889  -195.41086528762068        144036.84211362904     
   325.34817632987034       -520.75904161749099     
        0    95882   0.126E+02   0.150E+06   0.236E+02   0.476E+06
  OPTIMIZATION STUFF
       95882  -222.00943780337860        173331.79309641957     
   352.19824335542523       -574.20768115880378     
        0    95982  -0.803E+02   0.150E+06  -0.266E+03   0.460E+06
  OPTIMIZATION STUFF
       95982  -243.27191518709691        188309.12700604013     
   359.34371051577074       -602.61562570286765     
        0    95916   0.648E+02   0.213E+06   0.193E+03   0.664E+06
  OPTIMIZATION STUFF
       95916  -285.95987649676084        253987.65770398086     
   414.98747780859378       -700.94735430535457     
        0    95901   0.249E+02   0.231E+06   0.636E+02   0.755E+06
  OPTIMIZATION STUFF
       95901  -297.18187112910965        265502.62022461952     
   420.93414650847797       -718.11601763758767     
        0    95953   0.123E+03   0.204E+06   0.457E+03   0.692E+06
  OPTIMIZATION STUFF
       95953  -339.55564941873268        330237.57793232641     
   463.61572328831681       -803.17137270704950     
        0    95722  -0.260E+03   0.212E+06  -0.834E+03   0.711E+06
  OPTIMIZATION STUFF
       95722  -320.59874178808406        282042.30777601461     
   423.38960136015623       -743.98834314824035     
        0    93760   0.543E+02   0.204E+06   0.226E+03   0.725E+06
  OPTIMIZATION STUFF
       93760  -295.08344145498893        239581.99765261091     
   390.52241962746649       -685.60586108245548     
        0    95861   0.450E+02   0.195E+06   0.175E+03   0.733E+06
  OPTIMIZATION STUFF
       95861  -282.95425907498253        222783.64724763791     
   377.78371394088123       -660.73797301586376     
        0    95949  -0.180E+03   0.192E+06  -0.647E+03   0.742E+06
  OPTIMIZATION STUFF
       95949  -225.24899017212820        146156.73271064652     
   308.90067195958477       -534.14966213171294     
        0    95924   0.820E+02   0.191E+06   0.362E+03   0.759E+06
  OPTIMIZATION STUFF
       95924  -174.92449564143192        97155.996247042523     
   257.98724207145045       -432.91173771288237     
        0    95987  -0.841E+02   0.127E+06  -0.330E+03   0.521E+06
  OPTIMIZATION STUFF
       95987  -148.22021410474881        65026.639483874525     
   207.50278941406296       -355.72300351881177     
        0    95966  -0.787E+01   0.804E+05  -0.384E+02   0.352E+06
  OPTIMIZATION STUFF
       95966  -107.75894570091140        31331.503675417593     
   140.42618451288072       -248.18513021379212     
        0    95942  -0.576E+01   0.111E+06  -0.113E+02   0.485E+06
  OPTIMIZATION STUFF
       95942  -108.29660685171500        37182.868601261682     
   159.54533382605322       -267.84194067776821     
        0    96000  -0.280E+02   0.409E+05  -0.136E+03   0.186E+06
  OPTIMIZATION STUFF
       96000  -80.617198244760544        16105.256948983317     
   98.010837646396496       -178.62803589115703     
        0    95904   0.143E+02   0.357E+05   0.807E+02   0.175E+06
  OPTIMIZATION STUFF
       95904  -69.447447132243553        11565.807018855299     
   82.114914027048314       -151.56236115929187     
        0    96027   0.470E+01   0.241E+05   0.272E+02   0.113E+06
  OPTIMIZATION STUFF
       96027  -55.255513331994798        7098.0492006244767     
   63.599350995448233       -118.85486432744304     
        0    95993  -0.194E+02   0.227E+05  -0.856E+02   0.117E+06
  OPTIMIZATION STUFF
       95993  -55.348147202597119        7164.3008098697273     
   64.038140284594206       -119.38628748719132     
        0    95361  -0.884E+01   0.190E+05  -0.530E+02   0.996E+05
  OPTIMIZATION STUFF
       95361  -51.001072035930449        5953.0701113159294     
   57.896120444307513       -108.89719248023796     
        0    95843   0.285E+01   0.160E+05   0.157E+02   0.794E+05
  OPTIMIZATION STUFF
       95843  -42.706907662972277        4022.5514199296863     
   46.889993152015343       -89.596900814987620     
        0    96017   0.477E+01   0.127E+05   0.267E+02   0.687E+05
  OPTIMIZATION STUFF
       96017  -36.637644175305660        2933.6199581279466     
   39.891139209248436       -76.528783384554089     
        0    95866  -0.464E+01   0.755E+04  -0.228E+02   0.436E+05
  OPTIMIZATION STUFF
       95866  -34.879702773907887        2575.0518659330405     
   36.857267944557194       -71.736970718465074     
        0    95902  -0.217E+01   0.867E+04  -0.983E+01   0.490E+05
  OPTIMIZATION STUFF
       95902  -33.951652811518812        2458.6619155148437     
   36.137891289904154       -70.089544101422973     
        0    95907  -0.614E+00   0.757E+04  -0.379E+01   0.437E+05
  OPTIMIZATION STUFF
       95907  -30.681950483188437        1950.0260808682199     
   31.759156087896805       -62.441106571085243     
        0    95866  -0.153E+01   0.582E+04  -0.696E+01   0.321E+05
  OPTIMIZATION STUFF
       95866  -27.727522128822191        1551.0905033401043     
   27.969179822364833       -55.696701951187023     
        0    95748  -0.992E+00   0.529E+04  -0.613E+01   0.312E+05
  OPTIMIZATION STUFF
       95748  -26.162969823254905        1364.2085636201355     
   26.071201998519147       -52.234171821774055     
        0    95849  -0.188E+00   0.597E+04   0.170E+01   0.353E+05
  OPTIMIZATION STUFF
       95849  -25.954761784620921        1343.8592410955703     
   25.888406320188032       -51.843168104808953     
        0    95875  -0.144E+01   0.431E+04  -0.624E+01   0.258E+05
  OPTIMIZATION STUFF
       95875  -24.072949521238403        1143.1402089114019     
   23.740962707087295       -47.813912228325698     
        0    95886   0.375E+00   0.387E+04   0.204E+01   0.237E+05
  OPTIMIZATION STUFF
       95886  -23.142707482609524        1046.8742745893355     
   22.611708581257293       -45.754416063866813     
        0    95956  -0.944E+00   0.350E+04  -0.764E+01   0.209E+05
  OPTIMIZATION STUFF
       95956  -22.081612816379025        938.07667380543239     
   21.224491730850893       -43.306104547229921     
        0    95841   0.515E+00   0.319E+04   0.259E+01   0.185E+05
  OPTIMIZATION STUFF
       95841  -20.396736997916459        790.44636653166776     
   19.349922128253993       -39.746659126170456     
        0    94698  -0.179E+01   0.286E+04  -0.973E+01   0.187E+05
  OPTIMIZATION STUFF
       94698  -20.467004718714399        798.02877774592241     
   19.471273599588830       -39.938278318303233     
        0    95898   0.113E+01   0.251E+04   0.654E+01   0.156E+05
  OPTIMIZATION STUFF
       95898  -19.671832110151129        729.76009769595726     
   18.514294994030536       -38.186127104181665     
        0    96000  -0.104E+01   0.250E+04  -0.562E+01   0.150E+05
  OPTIMIZATION STUFF
       96000  -17.965748152453187        602.44674704887086     
   16.723595318336777       -34.689343470789964     
        0    95983   0.495E+00   0.294E+04   0.364E+01   0.183E+05
  OPTIMIZATION STUFF
       95983  -18.343944697525767        636.66300793939968     
   17.325204208710382       -35.669148906236146     
        0    95892   0.744E+00   0.164E+04   0.295E+01   0.107E+05
  OPTIMIZATION STUFF
       95892  -17.009877397522121        528.21326438067865     
   15.455657064710795       -32.465534462232917     
        0    95987  -0.149E+01   0.210E+04  -0.536E+01   0.135E+05
  OPTIMIZATION STUFF
       95987  -17.168716099677074        540.94886371849941     
   15.690253382504332       -32.858969482181408     
        0    95959  -0.321E+00   0.186E+04  -0.431E+01   0.123E+05
  OPTIMIZATION STUFF
       95959  -16.840663973547365        518.34282965793818     
   15.321059577849114       -32.161723551396477     
        0    95897   0.517E+00   0.206E+04   0.579E+01   0.133E+05
  OPTIMIZATION STUFF
       95897  -16.394613047429157        489.73824122829740     
   14.864551935842636       -31.259164983271795     
        0    95821  -0.121E+01   0.152E+04  -0.929E+01   0.101E+05
  OPTIMIZATION STUFF
       95821  -15.587486683478518        435.87664073659619     
   13.889092829590277       -29.476579513068796     
        0    95815   0.373E+00   0.118E+04   0.129E+01   0.766E+04
  OPTIMIZATION STUFF
       95815  -15.373796350546641        424.30158330754642     
   13.709411697059258       -29.083208047605901     
        0    95945   0.140E+01   0.159E+04   0.104E+02   0.113E+05
  OPTIMIZATION STUFF
       95945  -14.674848634128757        388.35835780530573     
   13.153219201804365       -27.828067835933123     
        0    95844  -0.124E+01   0.154E+04  -0.928E+01   0.100E+05
  OPTIMIZATION STUFF
       95844  -14.902106517293774        397.28590182525818     
   13.236809403043040       -28.138915920336814     
        0    95912  -0.237E+00   0.130E+04  -0.942E+00   0.802E+04
  OPTIMIZATION STUFF
       95912  -14.194907511474497        353.43411435219349     
   12.326342324180292       -26.521249835654789     
        0    95973   0.512E+00   0.108E+04   0.379E+01   0.716E+04
  OPTIMIZATION STUFF
       95973  -14.390745355387248        363.80248365718626     
   12.518343811127197       -26.909089166514445     
        0    95758  -0.153E+01   0.117E+04  -0.962E+01   0.830E+04
  OPTIMIZATION STUFF
       95758  -13.679683056967532        327.77321698547661     
   11.859152096435565       -25.538835153403099     
        0    95842   0.116E+01   0.127E+04   0.822E+01   0.898E+04
  OPTIMIZATION STUFF
       95842  -13.721186149218710        331.23746647529333     
   11.956860672174029       -25.678046821392741     
        0    95636  -0.945E+00   0.956E+03  -0.719E+01   0.667E+04
  OPTIMIZATION STUFF
       95636  -12.912310730438223        288.12599052321178     
   11.018086137066714       -23.930396867504939     
        0    95834  -0.148E+00   0.113E+04  -0.593E+00   0.784E+04
  OPTIMIZATION STUFF
       95834  -12.840913604384905        285.42845310946103     
   10.979043260420449       -23.819956864805356     
        0    95713   0.397E+00   0.101E+04   0.241E+01   0.702E+04
  OPTIMIZATION STUFF
       95713  -12.521551398128596        269.24381110814738     
   10.604459519097199       -23.126010917225795     
        0    95909  -0.382E+00   0.874E+03  -0.147E+01   0.611E+04
  OPTIMIZATION STUFF
       95909  -12.511526922482281        268.30053067780665     
   10.571765450756450       -23.083292373238731     
        0    95854   0.211E+00   0.784E+03   0.602E+00   0.540E+04
  OPTIMIZATION STUFF
       95854  -12.138621326075224        251.94826039065876     
   10.227518403445213       -22.366139729520437     
        0    95848   0.718E-01   0.942E+03   0.892E+00   0.620E+04
  OPTIMIZATION STUFF
       95848  -12.255114354458062        256.84538997447618     
   10.327514809170314       -22.582629163628376     
        0    95896  -0.340E+00   0.637E+03  -0.250E+01   0.429E+04
  OPTIMIZATION STUFF
       95896  -11.406969319646640        218.04598556540168     
   9.3769417459021227       -20.783911065548764     
        0    95819  -0.338E+00   0.729E+03  -0.191E+01   0.535E+04
  OPTIMIZATION STUFF
       95819  -11.711935310125504        232.11396465179783     
   9.7439486833230617       -21.455883993448566     
        0    95673   0.500E+00   0.660E+03   0.326E+01   0.412E+04
  OPTIMIZATION STUFF
       95673  -11.430011248497836        219.76821038376551     
   9.4405006881509443       -20.870511936648782     
        0    95814  -0.138E+00   0.660E+03  -0.117E+01   0.472E+04
  OPTIMIZATION STUFF
       95814  -10.985785162279416        201.70146638525165     
   9.0007772305225426       -19.986562392801957     
        0    95876  -0.672E+00   0.685E+03  -0.423E+01   0.476E+04
  OPTIMIZATION STUFF
       95876  -11.003612095135962        202.53311750069528     
   9.0251669436344972       -20.028779038770459     
        0    95798   0.195E+00   0.448E+03   0.121E+01   0.316E+04
  OPTIMIZATION STUFF
       95798  -11.069650994151562        204.32777030753803     
   9.0438154102799651       -20.113466404431527     
        0    95880  -0.103E+00   0.759E+03  -0.812E+00   0.528E+04
  OPTIMIZATION STUFF
       95880  -10.684632749817123        190.49064079009997     
   8.7366620508999535       -19.421294800717078     
        0    94821   0.311E+00   0.373E+03   0.251E+01   0.298E+04
  OPTIMIZATION STUFF
       94821  -10.350813826463142        176.34547774912014     
   8.3190222309487538       -18.669836057411896     
        0    95880  -0.239E+00   0.503E+03  -0.183E+01   0.320E+04
  OPTIMIZATION STUFF
       95880  -10.654377997857656        187.63104948409580     
   8.6090231131564785       -19.263401111014133     
        0    95778   0.470E-01   0.795E+03   0.648E+00   0.482E+04
  OPTIMIZATION STUFF
       95778  -10.430538488204474        180.87044671085789     
   8.4896592132395412       -18.920197701444017     
        0    95813  -0.141E+00   0.820E+03  -0.110E+01   0.646E+04
  OPTIMIZATION STUFF
       95813  -10.475521117326503        186.14633593221507     
   8.7412695446749353       -19.216790662001436     
        0    95946  -0.393E-01   0.433E+03   0.290E-01   0.341E+04
  OPTIMIZATION STUFF
       95946  -10.328190593631206        176.72612609654848     
   8.3698629115521577       -18.698053505183363     
        0    95704   0.376E-01   0.685E+03   0.113E+00   0.481E+04
  OPTIMIZATION STUFF
       95704  -10.329257475428424        176.82222354207457     
   8.3742858530372963       -18.703543328465720     
        0    95787  -0.155E+00   0.363E+03  -0.156E+01   0.279E+04
  OPTIMIZATION STUFF
       95787  -10.097084266361216        166.40202379886443     
   8.0281326045890147       -18.125216870950233     
        0    95886   0.422E+00   0.568E+03   0.327E+01   0.406E+04
  OPTIMIZATION STUFF
       95886  -9.9873865595225357        164.01681799338087     
   8.0167903617376375       -18.004176921260175     
        0    95915  -0.380E+00   0.476E+03  -0.310E+01   0.406E+04
  OPTIMIZATION STUFF
       95915  -9.9476027651653940        162.29887251246612     
   7.9588989024198522       -17.906501667585246     
        0    96116   0.637E-01   0.504E+03   0.114E+01   0.352E+04
  OPTIMIZATION STUFF
       96116  -9.8822565531161803        159.79518536833862     
   7.8826512536538704       -17.764907806770051     
        0    95925  -0.278E+00   0.581E+03  -0.177E+01   0.418E+04
  OPTIMIZATION STUFF
       95925  -9.7748627569960789        156.85959588362832     
   7.8301758578922946       -17.605038614888372     
        0    95918   0.164E+00   0.433E+03   0.376E+00   0.306E+04
  OPTIMIZATION STUFF
       95918  -9.6822963540559446        152.84753577020825     
   7.6876962142402077       -17.369992568296151     
        0    96011   0.267E+00   0.401E+03   0.223E+01   0.286E+04
  OPTIMIZATION STUFF
       96011  -9.4583651556960877        145.38664430081855     
   7.4783669930227861       -16.936732148718875     
        0    95340  -0.292E+00   0.383E+03  -0.214E+01   0.313E+04
  OPTIMIZATION STUFF
       95340  -9.4910618156598119        146.85608752086259     
   7.5349739967823952       -17.026035812442206     
        0    96065   0.253E-02   0.352E+03   0.317E+00   0.293E+04
  OPTIMIZATION STUFF
       96065  -9.2114622465856826        137.02613653588338     
   7.2232333352599118       -16.434695581845595     
        0    96072  -0.102E+00   0.431E+03  -0.468E+00   0.327E+04
  OPTIMIZATION STUFF
       96072  -9.5775001684020413        149.11480181489134     
   7.5753740725557703       -17.152874240957811     
        0    96024   0.155E+00   0.417E+03   0.107E+01   0.339E+04
  OPTIMIZATION STUFF
       96024  -9.4497891391128714        144.91957379289281     
   7.4579527364550398       -16.907741875567911     
        0    95914  -0.201E+00   0.384E+08  -0.189E+01   0.282E+09
  OPTIMIZATION STUFF
       95914  -12863.104911666771        12852055494.663353     
   112634.79048098241       -125497.89539264918     
        0    95989   0.234E-01   0.387E+03   0.463E+00   0.285E+04
  OPTIMIZATION STUFF
       95989  -9.1672814649311221        135.83981236402130     
   7.1972746860705268       -16.364556151001651     
        0    95987   0.113E-01   0.411E+03   0.355E+00   0.339E+04
  OPTIMIZATION STUFF
       95987  -9.1592049802415794        135.13481674164538     
   7.1584761556886694       -16.317681135930250     
        0    95975   0.435E-01   0.375E+03   0.651E+00   0.281E+04
  OPTIMIZATION STUFF
       95975  -9.1793353426426982        135.95341712211291     
   7.1897997044023114       -16.369135047045010     
        0    96017  -0.145E+00   0.324E+03  -0.118E+01   0.258E+04
  OPTIMIZATION STUFF
       96017  -9.1251452209481574        133.70150721378880     
   7.1016358615741346       -16.226781082522294     
        0    95956   0.788E-01   0.419E+03  -0.470E+00   0.343E+04
  OPTIMIZATION STUFF
       95956  -9.1838876171021653        136.15274997031696     
   7.1978439971115291       -16.381731614213695     
        0    95965   0.790E-02   0.356E+03   0.754E+00   0.258E+04
  OPTIMIZATION STUFF
       95965  -9.0550469167372274        131.84601790754058     
   7.0606050196302732       -16.115651936367499     
        0    96047  -0.174E+00   0.333E+03  -0.132E+01   0.249E+04
  OPTIMIZATION STUFF
       96047  -8.6576050491309982        119.40818714666464     
   6.6673879413100074       -15.324992990441006     
        0    95998  -0.860E+00   0.466E+03  -0.642E+01   0.358E+04
  OPTIMIZATION STUFF
       95998  -9.0751502224229821        132.45340861824124     
   7.0777861693256412       -16.152936391748625     
        0    95980   0.103E+01   0.808E+03   0.821E+01   0.705E+04
  OPTIMIZATION STUFF
       95980  -9.3536609074448140        148.86934235307285     
   7.8344348859130557       -17.188095793357871     
        0    95952  -0.129E+00   0.385E+03  -0.144E+01   0.275E+04
  OPTIMIZATION STUFF
       95952  -8.9615988119042811        129.57872482817527     
   7.0191503447818411       -15.980749156686123     
        0    96000  -0.818E-02   0.261E+03   0.264E+00   0.191E+04
  OPTIMIZATION STUFF
       96000  -8.9090640642327994        127.29183469411880     
   6.9224570922118804       -15.831521156444680     
        0    96013   0.168E-01   0.247E+03   0.747E-01   0.212E+04
  OPTIMIZATION STUFF
       96013  -8.5693957421770524        117.17816526411036     
   6.6138961193889463       -15.183291861565998     
        0    95985  -0.180E-01   0.403E+03   0.781E-01   0.332E+04
  OPTIMIZATION STUFF
       95985  -8.7912576235141557        124.52209971751861     
   6.8728370499032527       -15.664094673417409     
        0    95866   0.225E-01   0.287E+03   0.155E+00   0.215E+04
  OPTIMIZATION STUFF
       95866  -8.5905929556902674        117.67886328294715     
   6.6242415379114838       -15.214834493601751     
        0    95898  -0.109E+00   0.263E+03  -0.913E+00   0.212E+04
  OPTIMIZATION STUFF
       95898  -8.4911153261895169        114.39967804205989     
   6.5038941073336503       -14.995009433523167     
        0    95908   0.151E-01   0.278E+03  -0.228E+00   0.215E+04
  OPTIMIZATION STUFF
       95908  -8.6078611513211509        117.95700151133367     
   6.6228187285256253       -15.230679879846775     
        0    96002  -0.485E-01   0.264E+03  -0.953E-01   0.231E+04
  OPTIMIZATION STUFF
       96002  -8.5290668278129171        116.01486256972399     
   6.5779846166151295       -15.107051444428047     
        0    95859   0.146E+00   0.291E+03   0.106E+01   0.235E+04
  OPTIMIZATION STUFF
       95859  -8.6051620250547884        118.01890470194061     
   6.6309947386870691       -15.236156763741857     
        0    96117  -0.973E-02   0.262E+03  -0.420E+00   0.227E+04
  OPTIMIZATION STUFF
       96117  -8.3742750205915488        111.61563239891602     
   6.4410519543326483       -14.815326974924197     
        0    95962   0.551E-01   0.245E+03   0.683E+00   0.200E+04
  OPTIMIZATION STUFF
       95962  -8.5965713364264129        117.83822984005079     
   6.6285134908049024       -15.225084827231315     
        0    95905   0.309E-01   0.305E+03   0.521E+00   0.234E+04
  OPTIMIZATION STUFF
       95905  -8.5421379832956017        116.29566617298364     
   6.5823662042856750       -15.124504187581277     
        0    95975  -0.240E+00   0.304E+03  -0.217E+01   0.245E+04
  OPTIMIZATION STUFF
       95975  -8.4326353057840091        113.20763748838640     
   6.4883202208299977       -14.920955526614007     
        0    95887   0.350E-01   0.284E+03   0.275E+00   0.210E+04
  OPTIMIZATION STUFF
       95887  -8.3875807415990451        111.92941034480894     
   6.4480927139709889       -14.835673455570035     
        0    95979   0.360E+00   0.253E+03   0.304E+01   0.192E+04
  OPTIMIZATION STUFF
       95979  -8.2602219559158261        107.85528122573128     
   6.2947608743094765       -14.554982830225303     
        0    95958  -0.475E+00   0.274E+03  -0.370E+01   0.195E+04
  OPTIMIZATION STUFF
       95958  -8.3374815285583281        110.51549832946438     
   6.4032726078477289       -14.740754136406057     
        0    95901   0.102E+00   0.244E+03   0.725E+00   0.207E+04
  OPTIMIZATION STUFF
       95901  -8.3147324704268080        110.01921090045747     
   6.3940937470205723       -14.708826217447381     
        0    95872   0.138E+00   0.266E+03   0.207E+01   0.190E+04
  OPTIMIZATION STUFF
       95872  -8.4137719372562270        112.84513198437449     
   6.4848726874329685       -14.898644624689195     
        0    95978   0.149E+00   0.279E+03  -0.343E+00   0.220E+04
  OPTIMIZATION STUFF
       95978  -8.3124591491718522        109.96032146370634     
   6.3924443178689865       -14.704903467040840     
