   26644588.294214606     
   26652665.877567537     
   41964613.421103269     
   39604535.080672249     
   44143497.287614733     
   54016711.843552977     
   53854768.246068068     
   55990860.899008706     
   86486034.445714325     
   71829963.178571403     
   93438864.797541350     
   84622592.363336071     
   114232406.32737005     
   71418213.675857618     
   105929550.93302837     
   109396738.07043718     
   76182955.162034526     
   100886018.36596382     
   109372538.64692760     
   165015539.15984380     
   60302434.837493099     
   86614920.669782355     
   107668627.32438457     
   28340915.754164718     
   70981059.884416938     
   31201010.631077755     
   26757622.613095433     
   25120501.352178033     
   9336206.5965909977     
   18449302.817097239     
   21511825.791829892     
   11435750.867192822     
   5543092.6626054002     
   7323699.1676624361     
   10342279.242462881     
   7713852.2648163578     
   6562763.9738815567     
   6140293.5690273717     
   5326338.5716040032     
   4644096.8842029311     
   4788935.2021459695     
   4052527.8937754631     
   4283617.5609744443     
   3460135.5589983547     
   3757801.8358687810     
   2667501.1788748521     
   3403352.7637336538     
   2764095.0517718256     
   3161166.2722783284     
   3515152.7552640056     
   2857372.5815786398     
   2413177.4905327791     
   3017903.1203504940     
   2012088.8915951010     
   2171563.7958744843     
   3304563.3318652282     
   2296180.2237179345     
   2183151.5498580984     
   2595835.7190083554     
   1528852.2846437609     
   2427686.3874111935     
   1649463.8791070136     
   1578446.1155284995     
   1847228.5195662244     
   1669326.6547495821     
   1747360.5610710781     
   1839765.1151164542     
   1567288.9805810242     
   1352199.7260884088     
   1712281.3831244614     
   1586603.6211069745     
   1116809.6789290109     
   1251640.6050952603     
   1163929.5433982979     
   1431428.3298624132     
   1232884.1965988618     
   1299467.2188938607     
   1180207.5429656573     
   1179234.9452979024     
   1193631.9924600224     
   1029139.0527905666     
   1382900.8395773352     
   1049332.2552758015     
   1165321.7370856660     
   968758.93039106054     
   1020582.2536565951     
   1260108.3815392375     
   1028279.6912280603     
   1058979.5633895763     
   1004303.5401599427     
   1121721.3723817747     
   921070.80696928431     
   967744.51259047026     
   1002953.0419972136     
   1069636.3911006490     
   942341.18044981454     
   904828.98610191059     
   977934.10429989838     
   834111.36391100823     
   134887.37605702921     
   1021526.5124759236     
   870591.80808813730     
   895184.02416477329     
   903947.23481196712     
   909714.91225724446     
   926709.31833270844     
   828652.34042761638     
   808192.33964033087     
   794406.95806304750     
   909586.10923110286     
   868278.91041429155     
   939073.29622921906     
   992031.85536339995     
   760745.12674803252     
   790421.92609168694     
   1116423.5068562925     
   715801.02951305930     
   795167.43341493048     
   1006391.6359869103     
   987732.61549926107     
