tried moves    experiment_1   _      experiment_2    _                                                                                                                                                                                                                                                                                                                                                                                                                                                                          
        0    25574  -0.614E-02   0.978E+00  -0.694E-02   0.109E+01
  OPTIMIZATION STUFF
       25574  7.53785863647317352E-005  1.75684368851222860E-007
  4.12313518537626338E-004 -3.36934932172894589E-004
        0    28936   0.333E+01   0.644E+03   0.290E+01   0.565E+03
  OPTIMIZATION STUFF
       28936  0.24677154524684483       0.54962361106913726     
  0.69909042013578016      -0.45231887488893530     
        0    28536   0.756E+01   0.461E+04   0.808E+01   0.440E+04
  OPTIMIZATION STUFF
       28536   3.3547257775174417        46.202860002116765     
   5.9117404340664992       -2.5570146565490575     
        0    28647   0.178E+02   0.604E+04   0.228E+02   0.660E+04
  OPTIMIZATION STUFF
       28647   7.2502230371851804        239.31095796798874     
   13.665475618472195       -6.4152525812870147     
        0    28942   0.304E+01   0.100E+05   0.108E+02   0.127E+05
  OPTIMIZATION STUFF
       28942   9.5933045594802877        523.31906333111067     
   20.767464240011716       -11.174159680531428     
        0    28927   0.172E+02   0.542E+04   0.305E+02   0.807E+04
  OPTIMIZATION STUFF
       28927   11.556441402155428        889.67124142047987     
   27.497634508063193       -15.941193105907765     
        0    28142   0.829E+01   0.720E+04   0.275E+02   0.121E+05
  OPTIMIZATION STUFF
       28142   12.638136213161113        1355.7861693214563     
   34.584153631092981       -21.946017417931870     
        0    26575  -0.134E+02   0.107E+05  -0.969E+01   0.202E+05
  OPTIMIZATION STUFF
       26575   15.364832825628000        2507.7505748011777     
   47.662065492818101       -32.297232667190102     
        0    28197   0.230E+02   0.736E+04   0.751E+02   0.162E+05
  OPTIMIZATION STUFF
       28197   15.526502561123408        3187.6165439198867     
   54.282080488309539       -38.755577927186131     
        0    29455  -0.253E+01   0.125E+05   0.286E+02   0.345E+05
  OPTIMIZATION STUFF
       29455   14.959382889721798        4312.3641398183181     
   63.942012819249101       -48.982629929527306     
        0    29091   0.492E+02   0.128E+05   0.233E+03   0.440E+05
  OPTIMIZATION STUFF
       29091   14.380863581068281        5204.2340866484428     
   70.692466708349812       -56.311603127281529     
        0    30001  -0.265E+02   0.135E+05  -0.245E+02   0.578E+05
  OPTIMIZATION STUFF
       30001   9.1859219394159393        5226.3103327165381     
   71.707246292404051       -62.521324352988110     
        0    29895  -0.145E+02   0.112E+05   0.224E+02   0.579E+05
  OPTIMIZATION STUFF
       29895   3.3999187627881717        3201.2683822424742     
   56.477508219192131       -53.077589456403956     
        0    27283   0.510E+02   0.871E+04   0.397E+03   0.554E+05
  OPTIMIZATION STUFF
       27283  -2.9129370277742321        3258.0590730494828     
   57.005033733186266       -59.917970760960500     
        0    29055   0.188E+03   0.365E+05   0.150E+04   0.267E+06
  OPTIMIZATION STUFF
       29055  -12.657013135154914        8627.1568100044533     
   92.016068316903059       -104.67308145205797     
        0    28892  -0.102E+03   0.484E+05  -0.609E+03   0.383E+06
  OPTIMIZATION STUFF
       28892  -23.977713842439542        17649.316853242144     
   130.66899437943275       -154.64670822187230     
        0    29064   0.291E+02   0.567E+05   0.390E+03   0.447E+06
  OPTIMIZATION STUFF
       29064  -41.032915370368741        31579.312336012204     
   172.90347651860665       -213.93639188897538     
        0    29132   0.172E+03   0.680E+05   0.175E+04   0.637E+06
  OPTIMIZATION STUFF
       29132  -46.944104858743927        33837.604793884078     
   177.85908976742047       -224.80319462616438     
        0    29355   0.440E+02   0.950E+05   0.655E+03   0.922E+06
  OPTIMIZATION STUFF
       29355  -64.327423103380355        57385.165370133393     
   230.75343552591386       -295.08085862929420     
        0    29563  -0.141E+02   0.845E+05   0.616E+02   0.862E+06
  OPTIMIZATION STUFF
       29563  -72.198704881826899        60573.836077888656     
   235.28957284859763       -307.48827773042456     
        0    29494   0.642E+02   0.107E+06   0.474E+03   0.116E+07
  OPTIMIZATION STUFF
       29494  -84.190722249487450        71401.286768599486     
   253.60049103996062       -337.79121328944808     
        0    29267   0.165E+02   0.982E+05   0.341E+03   0.954E+06
  OPTIMIZATION STUFF
       29267  -100.36708453101875        97156.932128673405     
   295.09893336204510       -395.46601789306385     
        0    29072  -0.811E+02   0.837E+05  -0.684E+03   0.886E+06
  OPTIMIZATION STUFF
       29072  -93.790390135082234        77690.644386240398     
   262.47667916321529       -356.26706929829754     
        0    29125   0.867E+02   0.171E+06   0.111E+04   0.189E+07
  OPTIMIZATION STUFF
       29125  -112.22745391350115        109055.41812466680     
   310.58077325030888       -422.80822716381005     
        0    28983  -0.565E+02   0.923E+05  -0.477E+03   0.891E+06
  OPTIMIZATION STUFF
       28983  -119.78616513356901        121321.15929760426     
   327.06640600984622       -446.85257114341522     
        0    29686   0.118E+03   0.119E+06   0.126E+04   0.135E+07
  OPTIMIZATION STUFF
       29686  -128.05029650205120        148037.47391298282     
   362.82309115975460       -490.87338766180579     
        0    29213  -0.977E+02   0.163E+06  -0.959E+03   0.191E+07
  OPTIMIZATION STUFF
       29213  -198.08594298817496        256376.76909463957     
   465.98146774858446       -664.06741073675948     
        0    29505   0.241E+03   0.130E+06   0.268E+04   0.158E+07
  OPTIMIZATION STUFF
       29505  -141.36320531225280        180783.16306202725     
   400.99826339508394       -542.36146870733671     
        0    29531  -0.314E+02   0.155E+06  -0.100E+04   0.182E+07
  OPTIMIZATION STUFF
       29531  -144.58311973116471        196326.68174874774     
   418.83457741398502       -563.41769714514976     
        0    29750  -0.192E+03   0.132E+06  -0.226E+04   0.156E+07
  OPTIMIZATION STUFF
       29750  -149.86044670166990        204579.01685958062     
   426.75621070343732       -576.61665740510716     
        0    29690   0.477E+02   0.142E+06  -0.180E+03   0.127E+07
  OPTIMIZATION STUFF
       29690  -163.57084110382431        227016.30705220962     
   447.50518096754712       -611.07602207137143     
        0    29599   0.122E+03   0.326E+06   0.782E+03   0.409E+07
  OPTIMIZATION STUFF
       29599  -216.95695618298424        445762.54251976090     
   631.42079604933474       -848.37775223231893     
        0    30127  -0.603E+02   0.145E+06  -0.143E+03   0.122E+07
  OPTIMIZATION STUFF
       30127  -181.30600369930872        272918.50765506487     
   489.94554868643428       -671.25155238574303     
        0    35201   0.134E+03   0.162E+06   0.729E+03   0.140E+07
  OPTIMIZATION STUFF
       35201  -179.01675426470342        256002.44319506196     
   473.23931037857869       -652.25606464328212     
        0    34778   0.134E+03   0.172E+06   0.116E+03   0.127E+07
  OPTIMIZATION STUFF
       34778  -199.27770116235712        303897.63611348293     
   513.99030529079948       -713.26800645315666     
        0    35079  -0.342E+02   0.181E+06  -0.649E+03   0.133E+07
  OPTIMIZATION STUFF
       35079  -192.75375111761514        278746.49326280609     
   491.52058420059535       -684.27433531821043     
        0    35005   0.265E+03   0.213E+06   0.935E+03   0.139E+07
  OPTIMIZATION STUFF
       35005  -213.57605339433999        316645.01474972547     
   520.60568971749001       -734.18174311182997     
        0    35072  -0.183E+03   0.240E+06  -0.674E+03   0.128E+07
  OPTIMIZATION STUFF
       35072  -227.19446048922507        347196.54873728164     
   543.67198369999858       -770.86644418922367     
        0    34252  -0.202E+03   0.214E+06  -0.154E+04   0.132E+07
  OPTIMIZATION STUFF
       34252  -213.31327400386505        311598.61844291718     
   515.84500150400720       -729.15827550787230     
        0    34510   0.438E+03   0.199E+06   0.240E+04   0.118E+07
  OPTIMIZATION STUFF
       34510  -228.94435709702324        311003.65133782447     
   508.51561695906173       -737.45997405608500     
        0    35013   0.180E+03   0.281E+06   0.200E+03   0.151E+07
  OPTIMIZATION STUFF
       35013  -232.34761160240927        335425.95793582650     
   530.50970332170402       -762.85731492411333     
        0    34914  -0.663E+02   0.397E+06  -0.387E+03   0.182E+07
  OPTIMIZATION STUFF
       34914  -258.81056836102869        403522.80801899475     
   580.12058894994937       -838.93115731097805     
        0    34609   0.221E+03   0.365E+06   0.742E+03   0.167E+07
  OPTIMIZATION STUFF
       34609  -273.91026308699389        413477.74200362986     
   581.76533910095020       -855.67560218794415     
        0    35067  -0.473E+03   0.278E+06  -0.283E+04   0.128E+07
  OPTIMIZATION STUFF
       35067  -259.77517176978819        348300.09670827468     
   529.92165160545358       -789.69682337524182     
        0    35141   0.356E+03   0.281E+06   0.955E+03   0.109E+07
  OPTIMIZATION STUFF
       35141  -229.25396090717007        265068.30325085483     
   460.98907216899249       -690.24303307616253     
        0    35131  -0.480E+03   0.339E+06  -0.164E+04   0.138E+07
  OPTIMIZATION STUFF
       35131  -265.49859562665898        343382.76802321238     
   522.39186799134256       -787.89046361800160     
        0    34654   0.157E+03   0.257E+06   0.518E+03   0.950E+06
  OPTIMIZATION STUFF
       34654  -256.54672945348852        300445.79596304393     
   484.38576730717688       -740.93249676066534     
        0    35216   0.549E+03   0.461E+06   0.169E+04   0.166E+07
  OPTIMIZATION STUFF
       35216  -317.06479505156256        460550.02578598348     
   600.01661770728822       -917.08141275885077     
        0    34834   0.117E+03   0.425E+06   0.519E+03   0.147E+07
  OPTIMIZATION STUFF
       34834  -300.85794493606113        380706.33880023606     
   538.69363813682276       -839.55158307288389     
        0    35179  -0.304E+03   0.275E+06  -0.960E+03   0.939E+06
  OPTIMIZATION STUFF
       35179  -332.87807562229682        455375.45391891256     
   586.99884215295435       -919.87691777525117     
        0    35057   0.907E+02   0.348E+06  -0.332E+03   0.124E+07
  OPTIMIZATION STUFF
       35057  -324.91395463555631        424952.94173359877     
   565.14056996174179       -890.05452459729804     
        0    35112   0.266E+03   0.479E+06   0.912E+03   0.162E+07
  OPTIMIZATION STUFF
       35112  -390.18303984714305        606036.79513996851     
   673.64233132695222       -1063.8253711740954     
        0    35012  -0.120E+03   0.547E+06  -0.841E+03   0.162E+07
  OPTIMIZATION STUFF
       35012  -427.53490320506381        713081.97217512981     
   728.21417091166700       -1155.7490741167308     
        0    34853   0.261E+02   0.204E+06   0.326E+03   0.619E+06
  OPTIMIZATION STUFF
       34853  -330.75272962603890        382252.08131760726     
   522.35496854393148       -853.10769816997038     
        0    34667  -0.442E+03   0.315E+06  -0.141E+04   0.952E+06
  OPTIMIZATION STUFF
       34667  -346.88366992755937        426118.11407242570     
   552.98267026192934       -899.86634018948871     
        0    34997   0.149E+04   0.461E+06   0.449E+04   0.130E+07
  OPTIMIZATION STUFF
       34997  -371.57983633806680        503950.46931404929     
   604.87923963467688       -976.45907597274368     
        0    35262  -0.141E+04   0.585E+06  -0.429E+04   0.178E+07
  OPTIMIZATION STUFF
       35262  -325.42114248850748        403315.04545401561     
   545.35871266120807       -870.77985514971556     
        0    35007  -0.237E+03   0.607E+06  -0.655E+03   0.172E+07
  OPTIMIZATION STUFF
       35007  -296.80096877127113        346399.97063416854     
   508.24123757385473       -805.04220634512581     
        0    34908  -0.379E+03   0.526E+06  -0.123E+04   0.154E+07
  OPTIMIZATION STUFF
       34908  -307.90623528716225        355498.22699187574     
   510.58004001641353       -818.48627530357578     
        0    35021   0.500E+03   0.920E+06   0.140E+04   0.252E+07
  OPTIMIZATION STUFF
       35021  -262.24333635579546        322177.97691160027     
   503.39488420978358       -765.63822056557910     
        0    33925   0.340E+03   0.465E+06   0.984E+03   0.134E+07
  OPTIMIZATION STUFF
       33925  -185.50931748692574        133179.00623448650     
   314.26946934123504       -499.77878682816078     
        0    34956  -0.770E+03   0.297E+06  -0.241E+04   0.799E+06
  OPTIMIZATION STUFF
       34956  -146.10005164631471        69868.888431719170     
   220.28087375136170       -366.38092539767638     
        0    34999  -0.470E+03   0.195E+06  -0.109E+04   0.518E+06
  OPTIMIZATION STUFF
       34999  -128.07002745153781        53718.172934292408     
   193.17412094495154       -321.24414839648932     
        0    34693   0.185E+03   0.260E+06   0.496E+03   0.700E+06
  OPTIMIZATION STUFF
       34693  -116.72750497541014        48552.263386934501     
   186.88754096822532       -303.61504594363544     
        0    35076  -0.129E+03   0.107E+06  -0.363E+03   0.282E+06
  OPTIMIZATION STUFF
       35076  -83.316469039412297        20501.132713235220     
   116.44526053060241       -199.76172957001472     
        0    34594   0.141E+02   0.151E+06   0.688E+02   0.419E+06
  OPTIMIZATION STUFF
       34594  -88.005967255206215        24264.167980154140     
   128.52671981977019       -216.53268707497642     
        0    32900   0.121E+03   0.899E+05   0.291E+03   0.240E+06
  OPTIMIZATION STUFF
       32900  -75.463900770241210        16585.597413339114     
   104.35898185531661       -179.82288262555784     
        0    34646  -0.217E+03   0.526E+05  -0.579E+03   0.133E+06
  OPTIMIZATION STUFF
       34646  -67.682850034253548        13012.289738805945     
   91.822227973659466       -159.50507800791303     
        0    34957   0.110E+03   0.858E+05   0.257E+03   0.214E+06
  OPTIMIZATION STUFF
       34957  -63.749672670572579        11915.149204222229     
   88.606593652036310       -152.35626632260889     
        0    34871  -0.151E+03   0.455E+05  -0.356E+03   0.975E+05
  OPTIMIZATION STUFF
       34871  -54.384401658967185        7896.6762751850183     
   70.278112747719291       -124.66251440668648     
        0    34599   0.544E+02   0.652E+05   0.125E+03   0.159E+06
  OPTIMIZATION STUFF
       34599  -51.797836306793194        7405.5271857793023     
   68.720530700176923       -120.51836700697012     
        0    34234  -0.566E+02   0.491E+05  -0.150E+03   0.125E+06
  OPTIMIZATION STUFF
       34234  -49.069804876128366        6582.7071408419315     
   64.613167313331886       -113.68297218946026     
        0    33822   0.414E+02   0.525E+05   0.133E+03   0.123E+06
  OPTIMIZATION STUFF
       33822  -48.571564813870545        6474.0482917875461     
   64.147107365176794       -112.71867217904733     
        0    33908  -0.264E+02   0.319E+05  -0.941E+02   0.787E+05
  OPTIMIZATION STUFF
       33908  -46.372938809689892        5597.3857852769452     
   58.710615151177748       -105.08355396086765     
        0    34723   0.169E+02   0.283E+05   0.423E+02   0.705E+05
  OPTIMIZATION STUFF
       34723  -42.756945958966043        4664.4620851497984     
   53.256977546720165       -96.013923505686208     
        0    35065  -0.147E+02   0.301E+05  -0.343E+02   0.691E+05
  OPTIMIZATION STUFF
       35065  -39.629350312873079        4067.2139308684818     
   49.967274536921344       -89.596624849794424     
        0    34647  -0.198E+01   0.396E+05  -0.365E+01   0.953E+05
  OPTIMIZATION STUFF
       34647  -35.696862834449021        3316.7836770738636     
   45.194221542719326       -80.891084377168340     
        0    35021  -0.246E+02   0.278E+05  -0.693E+02   0.693E+05
  OPTIMIZATION STUFF
       35021  -35.782270767288999        3223.0117804140036     
   44.075399931826134       -79.857670699115133     
        0    34647   0.956E+01   0.295E+05   0.234E+02   0.809E+05
  OPTIMIZATION STUFF
       34647  -38.112371566386685        3660.1173705822553     
   46.984726285974411       -85.097097852361088     
        0    35126  -0.570E+02   0.269E+05  -0.123E+03   0.588E+05
  OPTIMIZATION STUFF
       35126  -34.133659458273989        2896.6831342611199     
   41.612214868325651       -75.745874326599647     
        0    35016   0.657E+02   0.338E+05   0.145E+03   0.835E+05
  OPTIMIZATION STUFF
       35016  -32.375088049170330        2661.9717238317712     
   40.172445751288777       -72.547533800459107     
        0    35165  -0.476E+02   0.239E+05  -0.112E+03   0.585E+05
  OPTIMIZATION STUFF
       35165  -30.095049037641772        2263.4045504916212     
   36.846880110988479       -66.941929148630251     
        0    34508   0.292E+01   0.340E+05   0.754E+01   0.836E+05
  OPTIMIZATION STUFF
       34508  -31.760094543730396        2494.4253029453907     
   38.545060611169070       -70.305155154899467     
        0    34723   0.798E+01   0.280E+05   0.117E+02   0.686E+05
  OPTIMIZATION STUFF
       34723  -30.200639553321622        2235.7327288532929     
   36.382057383051311       -66.582696936372940     
        0    34968  -0.472E+00   0.208E+05   0.157E+02   0.509E+05
  OPTIMIZATION STUFF
       34968  -28.213041853053770        1917.6398831472804     
   33.491254866682986       -61.704296719736760     
        0    34821   0.242E+02   0.157E+05   0.610E+02   0.417E+05
  OPTIMIZATION STUFF
       34821  -28.714794022322192        1994.3489352239144     
   34.202478557547906       -62.917272579870101     
        0    34901  -0.441E+02   0.155E+05  -0.123E+03   0.353E+05
  OPTIMIZATION STUFF
       34901  -28.665205882436442        1971.1725314203738     
   33.903959991981836       -62.569165874418275     
        0    34701  -0.941E+01   0.137E+05  -0.268E+02   0.364E+05
  OPTIMIZATION STUFF
       34701  -25.595066372249278        1529.8296262096053     
   29.575702926722798       -55.170769298972075     
        0    35113   0.176E+02   0.190E+05   0.533E+02   0.499E+05
  OPTIMIZATION STUFF
       35113  -24.437621866414471        1416.9190075944275     
   28.630781426789049       -53.068403293203517     
        0    35193   0.503E+01   0.874E+04   0.284E+02   0.216E+05
  OPTIMIZATION STUFF
       35193  -24.397444708949614        1394.1319051135426     
   28.264758919673969       -52.662203628623587     
        0    34781  -0.199E+01   0.124E+05  -0.277E+02   0.313E+05
  OPTIMIZATION STUFF
       34781  -24.218994566638390        1372.8520689241564     
   28.040905318931777       -52.259899885570164     
        0    34930  -0.144E+02   0.127E+05  -0.274E+02   0.326E+05
  OPTIMIZATION STUFF
       34930  -23.148655239672799        1238.9850339158188     
   26.516500419749736       -49.665155659422538     
        0    34669   0.189E+01   0.756E+04   0.478E+01   0.218E+05
  OPTIMIZATION STUFF
       34669  -23.683177982804768        1280.2444985681561     
   26.820730400250991       -50.503908383055759     
        0    34904  -0.648E+01   0.116E+05  -0.265E+02   0.341E+05
  OPTIMIZATION STUFF
       34904  -22.886701617740446        1195.7258530077263     
   25.921511184115850       -48.808212801856300     
        0    35251   0.115E+02   0.160E+05   0.199E+02   0.397E+05
  OPTIMIZATION STUFF
       35251  -21.212684449626934        1031.9236673950622     
   24.123550440091069       -45.336234889718000     
        0    35004  -0.106E+02   0.103E+05  -0.119E+02   0.287E+05
  OPTIMIZATION STUFF
       35004  -20.847495922489873        979.54380325450279     
   23.343644038929973       -44.191139961419850     
        0    34382   0.189E+02   0.752E+04   0.446E+02   0.207E+05
  OPTIMIZATION STUFF
       34382  -20.143310850998425        902.15429276079885     
   22.280065545703582       -42.423376396702011     
        0    34999  -0.848E+01   0.120E+05  -0.618E+01   0.325E+05
  OPTIMIZATION STUFF
       34999  -22.566115056740404        1157.2014956206692     
   25.455293101172952       -48.021408157913356     
        0    34852  -0.107E+02   0.969E+04  -0.441E+02   0.231E+05
  OPTIMIZATION STUFF
       34852  -21.665085084457981        1079.0557228712466     
   24.691695185921173       -46.356780270379154     
        0    35069  -0.800E+01   0.909E+04  -0.311E+02   0.211E+05
  OPTIMIZATION STUFF
       35069  -18.108218266348722        723.47771548478795     
   19.888945339134061       -37.997163605482783     
        0    34651  -0.183E+01   0.779E+04   0.611E+00   0.201E+05
  OPTIMIZATION STUFF
       34651  -17.186512131685959        644.58346393025784     
   18.687088180818037       -35.873600312503996     
        0    34982   0.763E+01   0.560E+04   0.116E+02   0.121E+05
  OPTIMIZATION STUFF
       34982  -17.191255354092071        641.09886492003886     
   18.589233557907640       -35.780488911999711     
        0    35137  -0.170E+02   0.103E+05  -0.310E+02   0.267E+05
  OPTIMIZATION STUFF
       35137  -16.959484038042355        637.87694977610249     
   18.715043439422978       -35.674527477465332     
        0    34797   0.587E+01   0.650E+04   0.164E+02   0.140E+05
  OPTIMIZATION STUFF
       34797  -17.394318131062775        653.15861378540501     
   18.724217221042533       -36.118535352105312     
        0    34913   0.748E+01   0.684E+04   0.211E+02   0.176E+05
  OPTIMIZATION STUFF
       34913  -18.647405881756999        770.22350945332960     
   20.554750383654483       -39.202156265411482     
        0    34838  -0.296E+01   0.829E+04  -0.113E+02   0.208E+05
  OPTIMIZATION STUFF
       34838  -17.516377412183136        678.36168450870105     
   19.275326374997167       -36.791703787180303     
        0    34844  -0.105E+02   0.808E+04  -0.230E+02   0.200E+05
  OPTIMIZATION STUFF
       34844  -17.553139682664359        669.50515365163892     
   19.010324587773685       -36.563464270438047     
        0    34983   0.468E+01   0.395E+04   0.102E+02   0.139E+05
  OPTIMIZATION STUFF
       34983  -17.171049134059061        631.09612804351877     
   18.337153532630094       -35.508202666689158     
        0    34687   0.350E+01   0.970E+04   0.119E+02   0.243E+05
  OPTIMIZATION STUFF
       34687  -17.336238716282516        665.43755809610809     
   19.102156560665481       -36.438395276948000     
        0    34892  -0.330E+01   0.728E+04   0.525E+01   0.180E+05
  OPTIMIZATION STUFF
       34892  -17.003269798386274        626.93120408618574     
   18.379880855148951       -35.383150653535225     
        0    34583  -0.837E+01   0.628E+04  -0.385E+02   0.152E+05
  OPTIMIZATION STUFF
       34583  -16.330528680089778        562.55343484694413     
   17.200792652541026       -33.531321332630803     
        0    34927   0.585E+00   0.109E+05   0.111E+02   0.278E+05
  OPTIMIZATION STUFF
       34927  -16.019788157169444        550.03766432743748     
   17.129041179437078       -33.148829336606525     
        0    34741   0.881E+01   0.848E+04   0.165E+02   0.227E+05
  OPTIMIZATION STUFF
       34741  -17.394720074773158        665.01172193964760     
   19.037737141265801       -36.432457216038955     
        0    35067   0.523E+01   0.501E+04   0.119E+02   0.139E+05
  OPTIMIZATION STUFF
       35067  -16.719456605321685        599.58244984310079     
   17.889723884561938       -34.609180489883627     
        0    34762  -0.112E+02   0.541E+04  -0.254E+02   0.144E+05
  OPTIMIZATION STUFF
       34762  -16.123636259182366        551.75488684861602     
   17.081663871830393       -33.205300131012763     
        0    34855   0.833E+01   0.573E+04   0.144E+02   0.170E+05
  OPTIMIZATION STUFF
       34855  -16.540032619113585        588.21930124672053     
   17.738281264129824       -34.278313883243413     
        0    34966  -0.909E+01   0.695E+04  -0.119E+01   0.155E+05
