  9.91335706776664914E-007
   180194.52072066028     
   626669.34447561088     
   1789813.6586568994     
   2190225.3165395935     
   3568319.6231378936     
   4575409.1583953369     
   3962972.8881078148     
   6727794.1199663468     
   7494498.7492214404     
   15698861.221044933     
   14168937.269107595     
   14405192.568234073     
   26624223.820355661     
   75572979.476829112     
   55032967.739175007     
   67199791.780741379     
   123153807.88889012     
   143682268.90128165     
   145085491.60662597     
   160951716.88301417     
   171414661.43002310     
   149159385.04383039     
   183975204.67094287     
   168504915.65086883     
   209431068.55218259     
   178570972.86016876     
   264772224.95463014     
   234289848.08842203     
   161342969.05026719     
   157416011.65799049     
   184176240.18599710     
   178065735.48333168     
   208421478.23603565     
   217097142.72444934     
   193145657.92338941     
   235176443.30553868     
   205138080.38796043     
   145462563.94846517     
   243481079.21006745     
   256767248.95767963     
   240951229.68179128     
   274284978.11840326     
   158411093.36978364     
   204464492.39377546     
   130122814.62232091     
   153521004.91217619     
   232398850.52092543     
   254524360.81208467     
   210052611.78140706     
   201601513.67766240     
   242961384.79110023     
   209341097.95427531     
   221623177.98973957     
   157384231.42433339     
   366731060.71192557     
   165909545.65967774     
   134708459.51422247     
   78570011.715058431     
   145221701.91286996     
   190138684.13541308     
   78880089.304326668     
   24228751.572702251     
   47861064.730425708     
   30615954.458337195     
   33483588.400127005     
   47019672.118606932     
   19443049.429949977     
   32273894.179193698     
   14614994.935355298     
   20804897.410862811     
   13735159.531435838     
   19628212.873647474     
   15541890.011224849     
   17599618.917782351     
   15881129.255214816     
   15685894.435497070     
   12397025.391841112     
   13539383.497224376     
   7229426.5446819989     
   14611485.294283343     
   8983068.4042217731     
   9343681.0161988400     
   10027854.332865953     
   10560584.282322444     
   13526771.186005723     
   7700665.6601062473     
   6445240.6869155103     
   8934200.2703730315     
   10111053.876870556     
   9077480.9288963675     
   7620546.9553724024     
   7851898.9144507172     
   6701065.7754037324     
   7810404.6864992362     
   7022407.8354351642     
   9203422.2767009586     
   8690707.6978106443     
   6781548.3832510253     
   5409104.1577533409     
   5366878.4552800013     
   6040299.3103210656     
   4355345.0595120424     
   5129261.2193656135     
   6128175.3604498217     
   5631741.1895002518     
   4463823.6361208353     
   4986051.5257016625     
   5520530.2364407741     
   5588643.1548209833     
   3967937.5914531853     
   4375241.4956200942     
   5254631.0758657176     
   5854685.7531673629     
   4582940.1141681578     
   5375188.5741569921     
   5015807.5435510725     
