tried moves    experiment_1   _      experiment_2    _                                                                                                                                                                                                                                                                                                                                                                                                                                                                          
        0   253015   0.236E+02   0.512E+10   0.546E+02   0.605E+11
  OPTIMIZATION STUFF
      253015   966285.51053543657        281053323566988.12     
   16736774.357059291       -15770488.846523855     
        0   258163  -0.279E+01   0.505E+05   0.273E+02   0.153E+06
  OPTIMIZATION STUFF
      258163  -46.691046612478594        25718.580682252606     
   153.42270643058009       -200.11375304305869     
        0   258704  -0.539E+00   0.470E+05   0.287E+02   0.219E+06
  OPTIMIZATION STUFF
      258704  -124.61128694665341        79002.870187546840     
   251.94225003568903       -376.55353698234245     
        0   259779   0.749E+00   0.554E+05   0.371E+02   0.337E+06
  OPTIMIZATION STUFF
      259779  -244.55249791816559        202668.14840915307     
   377.97119489603796       -622.52369281420351     
        0   260157   0.282E+02   0.491E+05   0.247E+03   0.369E+06
  OPTIMIZATION STUFF
      260157  -345.49541967214816        347581.30584052834     
   477.71772086253463       -823.21314053468279     
        0   260755  -0.224E+02   0.468E+05  -0.120E+03   0.457E+06
  OPTIMIZATION STUFF
      260755  -397.02754933011460        425875.34300536796     
   517.92322604638173       -914.95077537649627     
        0   259928  -0.237E+02   0.460E+05  -0.240E+03   0.522E+06
  OPTIMIZATION STUFF
      259928  -409.28696497890149        455738.77233079687     
   536.86399826134391       -946.15096324024535     
        0   260584  -0.361E+00   0.241E+05   0.263E+00   0.332E+06
  OPTIMIZATION STUFF
      260584  -211.73389903140324        139995.51015344320     
   308.48705994644695       -520.22095897785016     
        0   260396  -0.206E+00   0.902E+04   0.111E+01   0.138E+06
  OPTIMIZATION STUFF
      260396  -97.462725911430340        26868.060128689820     
   131.79179483793072       -229.25452074936106     
        0   260814  -0.134E+01   0.257E+04  -0.208E+02   0.485E+05
  OPTIMIZATION STUFF
      260814  -57.511746056093870        7597.6424776682907     
   65.498408707751537       -123.01015476384541     
        0   260718  -0.382E+00   0.910E+03  -0.657E+01   0.207E+05
  OPTIMIZATION STUFF
      260718  -36.667322762066753        2719.6609154956982     
   37.083262490753420       -73.750585252820173     
        0   259623  -0.783E-01   0.474E+03  -0.148E+01   0.125E+05
  OPTIMIZATION STUFF
      259623  -28.044483281414912        1525.5566828926048     
   27.185724937382936       -55.230208218797848     
        0   260810  -0.223E-01   0.235E+03   0.293E-01   0.671E+04
  OPTIMIZATION STUFF
      260810  -20.825646023964023        778.33020705534875     
   18.564015587687386       -39.389661611651405     
        0   260285  -0.643E-01   0.221E+03  -0.216E+01   0.671E+04
  OPTIMIZATION STUFF
      260285  -17.290814363263813        523.74954293066196     
   14.992574214784192       -32.283388578048005     
        0   259894  -0.675E-02   0.153E+03  -0.215E+00   0.462E+04
  OPTIMIZATION STUFF
      259894  -14.901377735578576        376.39110674870921     
   12.423367028721012       -27.324744764299588     
        0   260212   0.578E-02   0.109E+03   0.194E-01   0.331E+04
  OPTIMIZATION STUFF
      260212  -13.432987827837668        297.90088329673756     
   10.837699078397712       -24.270686906235380     
        0   260253  -0.186E-01   0.140E+03  -0.550E+00   0.425E+04
  OPTIMIZATION STUFF
      260253  -12.742365875198322        268.97506203687010     
   10.325075008901941       -23.067440884100264     
        0   259917   0.482E-02   0.364E+07   0.122E+00   0.105E+09
  OPTIMIZATION STUFF
      259917  -5252.7416220352361        5772029234.8754511     
   75792.070431725180       -81044.812053760412     
        0   260491  -0.574E-02   0.857E+02  -0.326E+00   0.241E+04
  OPTIMIZATION STUFF
      260491  -11.055534783147586        193.50100966333369     
   8.4425209695888555       -19.498055752736441     
        0   260380   0.103E-01   0.691E+02   0.466E+00   0.187E+04
  OPTIMIZATION STUFF
      260380  -10.500057715015149        172.38687444498984     
   7.8826177394530994       -18.382675454468249     
        0   256899  -0.145E-01   0.653E+02  -0.531E+00   0.175E+04
  OPTIMIZATION STUFF
      256899  -10.141009050484728        159.70413422157873     
   7.5408268551641973       -17.681835905648924     
        0   260290   0.189E-02   0.751E+02  -0.761E-01   0.197E+04
  OPTIMIZATION STUFF
      260290  -10.160259596875656        160.00065628598350     
   7.5345723972949932       -17.694831994170649     
        0   260420   0.134E-01   0.893E+02   0.505E+00   0.222E+04
  OPTIMIZATION STUFF
      260420  -10.127165244033534        159.59772191815520     
   7.5523669162848810       -17.679532160318416     
        0   259891  -0.928E-02   0.708E+02  -0.350E+00   0.174E+04
  OPTIMIZATION STUFF
      259891  -9.7626151553517566        146.93542156621982     
   7.1851768868077297       -16.947792042159485     
        0   260192  -0.138E-01   0.761E+02  -0.381E+00   0.181E+04
  OPTIMIZATION STUFF
      260192  -9.6979505241757273        144.77337620931550     
   7.1220173995824547       -16.819967923758181     
        0   260021   0.364E-02   0.647E+02  -0.254E-01   0.151E+04
  OPTIMIZATION STUFF
      260021  -9.4169467113537824        135.33726130153843     
   6.8306936644137117       -16.247640375767496     
        0   260554   0.297E-02   0.645E+02   0.132E+00   0.149E+04
  OPTIMIZATION STUFF
      260554  -9.4714769761401882        137.09377289315847     
   6.8836688461608020       -16.355145822300990     
        0   260051   0.414E-02   0.753E+02  -0.749E-01   0.174E+04
  OPTIMIZATION STUFF
      260051  -9.4886268313407491        137.88503786965919     
   6.9174416315007381       -16.406068462841489     
        0   260276   0.672E-02   0.681E+02   0.261E+00   0.162E+04
  OPTIMIZATION STUFF
      260276  -9.2751233159494060        131.11600962675377     
   6.7147670920654772       -15.989890408014883     
        0   260599   0.774E-02   0.710E+02   0.209E+00   0.164E+04
  OPTIMIZATION STUFF
      260599  -9.2942802512372342        131.47731216449662     
   6.7151818125764962       -16.009462063813729     
        0   260205  -0.258E-01   0.696E+02  -0.631E+00   0.157E+04
  OPTIMIZATION STUFF
      260205  -9.2457820825357651        130.11430934905042     
   6.6805555930110359       -15.926337675546801     
        0   260016   0.544E-02   0.694E+02   0.160E+00   0.152E+04
  OPTIMIZATION STUFF
      260016  -9.1108757055624849        126.12704279093116     
   6.5665049051015290       -15.677380610664013     
        0   260380   0.491E-02   0.567E+02   0.273E-01   0.126E+04
  OPTIMIZATION STUFF
      260380  -8.9493381838003589        120.89204050686462     
   6.3875963068150687       -15.336934490615427     
        0   259971  -0.209E-02   0.657E+02  -0.101E+00   0.152E+04
  OPTIMIZATION STUFF
      259971  -9.0981144421589626        125.56834115819993     
   6.5416094927455308       -15.639723934904493     
        0   259290   0.682E-02   0.666E+02   0.114E+00   0.149E+04
  OPTIMIZATION STUFF
      259290  -9.1378776129406951        126.50988390178587     
   6.5581305745389917       -15.696008187479688     
        0   259803  -0.149E-01   0.679E+02  -0.279E+00   0.149E+04
  OPTIMIZATION STUFF
      259803  -9.0668930804226449        124.33260661631988     
   6.4903048067485889       -15.557197887171235     
        0   260611   0.131E-01   0.702E+02   0.267E+00   0.159E+04
  OPTIMIZATION STUFF
      260611  -9.0729901620653521        124.76205410200399     
   6.5148218410843226       -15.587812003149676     
        0   260031  -0.682E-02   0.669E+02  -0.171E+00   0.146E+04
  OPTIMIZATION STUFF
      260031  -8.9441569589151193        120.70797376374441     
   6.3804412118625971       -15.324598170777715     
        0   260059  -0.858E-02   0.729E+02  -0.123E+00   0.157E+04
  OPTIMIZATION STUFF
      260059  -8.9899715717522355        122.29429820555274     
   6.4400861286662447       -15.430057700418480     
        0   259668  -0.516E-02   0.587E+02  -0.262E+00   0.129E+04
  OPTIMIZATION STUFF
      259668  -8.8760526356293834        118.58972740774617     
   6.3091534311096646       -15.185206066739049     
        0   259725   0.143E-01   0.760E+02   0.351E+00   0.160E+04
  OPTIMIZATION STUFF
      259725  -9.0803761610931524        124.91613880891359     
   6.5163569256114853       -15.596733086704639     
        0   259544   0.674E-02   0.720E+02   0.180E+00   0.155E+04
  OPTIMIZATION STUFF
      259544  -9.0358083449391753        123.46157332935158     
   6.4665091728752024       -15.502317517814378     
        0   259667  -0.520E-03   0.668E+02   0.528E-01   0.142E+04
  OPTIMIZATION STUFF
      259667  -8.9019887689556647        119.54193631254384     
   6.3479549675412041       -15.249943736496869     
        0   259860  -0.126E-01   0.815E+02  -0.373E+00   0.164E+04
  OPTIMIZATION STUFF
      259860  -8.9850148457857060        122.30315775564820     
   6.4476868702394867       -15.432701716025193     
        0   259737   0.838E-02   0.643E+02   0.174E+00   0.135E+04
  OPTIMIZATION STUFF
      259737  -8.9600425583189409        121.02016357506326     
   6.3826170908316788       -15.342659649150619     
        0   259572  -0.367E-02   0.724E+02  -0.115E+00   0.148E+04
  OPTIMIZATION STUFF
      259572  -8.9493794193587828        120.98329800453863     
   6.3946779444234787       -15.344057363782262     
        0   259810   0.133E-01   0.729E+02   0.274E+00   0.155E+04
  OPTIMIZATION STUFF
      259810  -8.8638734273163102        118.54117336959069     
   6.3224141934949589       -15.186287620811269     
        0   259860  -0.685E-02   0.702E+02  -0.210E+00   0.144E+04
  OPTIMIZATION STUFF
      259860  -8.8814285592143154        118.65347945487437     
   6.3066398503836183       -15.188068409597934     
        0   259850  -0.733E-02   0.625E+02  -0.196E-01   0.125E+04
  OPTIMIZATION STUFF
      259850  -8.8249571861809741        116.99121051483159     
   6.2539060735594978       -15.078863259740473     
        0   259978   0.139E-01   0.773E+02   0.164E+00   0.149E+04
  OPTIMIZATION STUFF
      259978  -8.9686847633543323        121.64612373670651     
   6.4194094239487756       -15.388094187303107     
        0   260270  -0.853E-02   0.702E+02  -0.140E+00   0.137E+04
  OPTIMIZATION STUFF
      260270  -9.0074800992227111        122.46641201681655     
   6.4289745900044881       -15.436454689227199     
        0   259919   0.388E-03   0.742E+02   0.181E-01   0.147E+04
  OPTIMIZATION STUFF
      259919  -8.9788260208127948        122.03080674039056     
   6.4351759904734251       -15.414002011286220     
        0   259868  -0.172E-01   0.467E+07  -0.345E+00   0.933E+08
  OPTIMIZATION STUFF
      259868  -5750.0872812094276        6467794597.4186802     
   80216.775637500876       -85966.862918710307     
        0   259798   0.722E-02   0.675E+02   0.108E+00   0.133E+04
  OPTIMIZATION STUFF
      259798  -8.8657279309881503        118.43454471031403     
   6.3113717180982620       -15.177099649086411     
        0   259477   0.535E-02   0.721E+02   0.105E+00   0.137E+04
  OPTIMIZATION STUFF
      259477  -8.8985839073519060        119.41218820266036     
   6.3425068109130205       -15.241090718264926     
        0   258713   0.571E-02   0.801E+02   0.129E+00   0.167E+04
  OPTIMIZATION STUFF
      258713  -9.0167726454635098        123.00280134104213     
   6.4576011336302823       -15.474373779093792     
        0   258617   0.375E-02   0.770E+02   0.102E+00   0.145E+04
  OPTIMIZATION STUFF
      258617  -8.8544334871961485        118.07064885997326     
   6.2983852280400177       -15.152818715236165     
        0   259922  -0.451E-02   0.704E+02  -0.131E+00   0.133E+04
  OPTIMIZATION STUFF
      259922  -8.9066052967281664        119.50190938228798     
   6.3383192938334805       -15.244924590561647     
        0   259927   0.218E-02   0.762E+02   0.504E-01   0.145E+04
  OPTIMIZATION STUFF
      259927  -8.8181399795106490        117.12923112058847     
   6.2745229637275539       -15.092662943238203     
        0   258595  -0.369E-02   0.714E+02  -0.141E+00   0.136E+04
  OPTIMIZATION STUFF
      258595  -8.7874971298311664        116.18241611707100     
   6.2419796787782014       -15.029476808609367     
        0   259743   0.188E-01   0.719E+02   0.326E+00   0.140E+04
  OPTIMIZATION STUFF
      259743  -8.8674139249814026        118.68888054876909     
   6.3291271777248248       -15.196541102706227     
        0   259492  -0.175E-01   0.727E+02  -0.320E+00   0.138E+04
  OPTIMIZATION STUFF
      259492  -8.8234224786195128        117.32309826744483     
   6.2825404122247175       -15.105962890844230     
        0   260019   0.108E-01   0.668E+02   0.225E+00   0.122E+04
  OPTIMIZATION STUFF
      260019  -8.8534600960767431        117.98389600196663     
   6.2928642388934000       -15.146324334970142     
        0   259869  -0.711E-02   0.739E+02  -0.822E-01   0.142E+04
  OPTIMIZATION STUFF
      259869  -8.8652945061332655        118.46181277130614     
   6.3141401703501545       -15.179434676483421     
        0   259317   0.208E-02   0.731E+02   0.208E-01   0.139E+04
  OPTIMIZATION STUFF
      259317  -8.8567004433366705        117.97182227087083     
   6.2873428034322147       -15.144043246768884     
        0   259683  -0.449E-02   0.674E+02  -0.162E+00   0.125E+04
  OPTIMIZATION STUFF
      259683  -8.8827196519399170        118.52786390728585     
   6.2948515067733126       -15.177571158713230     
        0   259508  -0.484E-02   0.797E+02  -0.785E-01   0.148E+04
  OPTIMIZATION STUFF
      259508  -8.8526119231870268        118.12227005365550     
   6.3050402212121055       -15.157652144399133     
        0   260225   0.951E-02   0.677E+02   0.103E+00   0.123E+04
  OPTIMIZATION STUFF
      260225  -8.8551233437842978        117.83475418498705     
   6.2786578781896889       -15.133781221973987     
        0   259928   0.608E-02   0.767E+02   0.333E+00   0.138E+04
  OPTIMIZATION STUFF
      259928  -8.8302537362915157        117.33249940156688     
   6.2736845915519694       -15.103938327843485     
        0   260161  -0.204E-01   0.671E+02  -0.505E+00   0.123E+04
  OPTIMIZATION STUFF
      260161  -8.8096136587154135        116.55245319623364     
   6.2404455273969397       -15.050059186112353     
        0   259856   0.467E-02   0.766E+02   0.118E+00   0.145E+04
  OPTIMIZATION STUFF
      259856  -8.8882846054643228        119.11324820082214     
   6.3333754801912763       -15.221660085655600     
        0   260013   0.866E-02   0.723E+02   0.951E-01   0.131E+04
  OPTIMIZATION STUFF
      260013  -8.7244964031767616        114.32772845693100     
   6.1814958519671235       -14.905992255143886     
        0   260035   0.511E-02   0.695E+02   0.582E-01   0.130E+04
  OPTIMIZATION STUFF
      260035  -8.8851088101117597        118.72851726245101     
   6.3074050682452132       -15.192513878356973     
        0   257240  -0.109E-01   0.748E+02  -0.236E+00   0.137E+04
  OPTIMIZATION STUFF
      257240  -8.8721193768724671        118.50008299628125     
   6.3075812130170270       -15.179700589889494     
        0   260077   0.112E-01   0.725E+02   0.299E+00   0.129E+04
  OPTIMIZATION STUFF
      260077  -8.7770476350656317        115.73705130312906     
   6.2209714767806057       -14.998019111846236     
        0   258896  -0.554E-02   0.728E+02  -0.188E+00   0.131E+04
  OPTIMIZATION STUFF
      258896  -8.8383648503042647        117.53387777013650     
   6.2783106440381369       -15.116675494342402     
        0   260357  -0.665E-02   0.834E+02  -0.105E+00   0.156E+04
  OPTIMIZATION STUFF
      260357  -8.8085212412866820        117.08977428443193     
   6.2848808919686974       -15.093402133255379     
        0   260148   0.706E-02   0.705E+02   0.127E+00   0.127E+04
  OPTIMIZATION STUFF
      260148  -8.7784498157154260        115.83399572845630     
   6.2267820390167916       -15.005231854732218     
        0   260097   0.107E-01   0.700E+02   0.127E+00   0.118E+04
  OPTIMIZATION STUFF
      260097  -8.8518373306639866        117.82328095471667     
   6.2823766861101333       -15.134214016774120     
        0   260019  -0.135E-01   0.659E+02  -0.237E+00   0.111E+04
  OPTIMIZATION STUFF
      260019  -8.7900175782462107        116.13047224785210     
   6.2342652511723236       -15.024282829418535     
        0   259306   0.685E-02   0.704E+02   0.179E+00   0.123E+04
  OPTIMIZATION STUFF
      259306  -8.8682560278845859        118.30444517852682     
   6.2974979319103817       -15.165753959794968     
        0   260142   0.220E-02   0.727E+02  -0.129E-01   0.126E+04
  OPTIMIZATION STUFF
      260142  -8.8915489852102052        118.96750510937430     
   6.3172669528033776       -15.208815938013583     
        0   260773  -0.805E-02   0.629E+02  -0.100E+00   0.107E+04
  OPTIMIZATION STUFF
      260773  -8.7580319049968161        114.82912338083240     
   6.1746255377869064       -14.932657442783722     
        0   260240  -0.272E-02   0.691E+02  -0.885E-01   0.115E+04
  OPTIMIZATION STUFF
      260240  -8.7539404413905721        115.04254327759955     
   6.1976664984642555       -14.951606939854827     
        0   260206   0.346E-02   0.776E+02   0.699E-01   0.129E+04
  OPTIMIZATION STUFF
      260206  -8.7405116485182468        114.75872250363213     
   6.1937209031202691       -14.934232551638516     
        0   260615   0.457E-02   0.803E+02   0.110E+00   0.138E+04
  OPTIMIZATION STUFF
      260615  -8.8558747533263560        118.01009838685411     
   6.2915483579363007       -15.147423111262658     
        0   258976   0.121E-01   0.822E+02   0.201E+00   0.141E+04
  OPTIMIZATION STUFF
      258976  -8.8762912432856069        118.71833897055151     
   6.3190025110710923       -15.195293754356699     
        0   260437  -0.215E-01   0.757E+07  -0.376E+00   0.129E+09
  OPTIMIZATION STUFF
      260437  -12514.192724786300        14940273579.099352     
   121588.11027212429       -134102.30299691058     
        0   260348   0.188E-02   0.825E+02   0.294E-01   0.143E+04
  OPTIMIZATION STUFF
      260348  -8.8618134764996821        118.22403155187679     
   6.3001820179741959       -15.161995494473878     
        0   259481   0.168E-02   0.785E+02  -0.472E-01   0.131E+04
  OPTIMIZATION STUFF
      259481  -8.7707374184629003        115.58218392643835     
   6.2174230242772683       -14.988160442740169     
        0   259002   0.433E-02   0.603E+02   0.812E-01   0.104E+04
  OPTIMIZATION STUFF
      259002  -8.7534951623358346        114.74811521716909     
   6.1744989804948736       -14.927994142830709     
        0   260261   0.113E-01   0.872E+02   0.177E+00   0.145E+04
  OPTIMIZATION STUFF
      260261  -8.7373724085011482        115.16635533875701     
   6.2309452520400024       -14.968317660541150     
        0   260503  -0.825E-02   0.718E+02  -0.135E+00   0.116E+04
  OPTIMIZATION STUFF
      260503  -8.7213119050808725        114.23789094091443     
   6.1787223270842224       -14.900034232165094     
        0   259685  -0.116E-01   0.774E+02  -0.201E+00   0.123E+04
  OPTIMIZATION STUFF
      259685  -8.8003393640279590        116.46928823433358     
   6.2468644384421816       -15.047203802470140     
        0   259905   0.471E-04   0.737E+02   0.279E-01   0.123E+04
  OPTIMIZATION STUFF
      259905  -8.8971262272384699        119.07129027602998     
   6.3176289201420603       -15.214755147380529     
        0   259892   0.148E-01   0.840E+02   0.225E+00   0.136E+04
  OPTIMIZATION STUFF
      259892  -8.8409992888061044        117.76237465887976     
   6.2927820742664933       -15.133781363072597     
        0   260083  -0.222E-01   0.668E+02  -0.383E+00   0.109E+04
  OPTIMIZATION STUFF
      260083  -8.7326819080973532        114.37806399099644     
   6.1740044284876898       -14.906686336585043     
        0   259986   0.285E-02   0.791E+02   0.702E-01   0.129E+04
  OPTIMIZATION STUFF
      259986  -8.7812649122085720        115.87902180136344     
   6.2264282171223995       -15.007693129330971     
        0   260581   0.171E-01   0.732E+02   0.226E+00   0.115E+04
  OPTIMIZATION STUFF
      260581  -8.7552137591452119        114.95018196071480     
   6.1884096496910388       -14.943623408836251     
        0   260379   0.222E-02   0.788E+02   0.127E-01   0.124E+04
  OPTIMIZATION STUFF
      260379  -8.8036219538923124        116.39737835924399     
   6.2364748738521580       -15.040096827744470     
        0   260158  -0.130E-01   0.865E+02  -0.180E+00   0.138E+04
  OPTIMIZATION STUFF
      260158  -8.9168075993909319        119.88738589167947     
   6.3543629206336334       -15.271170520024565     
        0   260480   0.251E-02   0.857E+02   0.937E-01   0.129E+04
  OPTIMIZATION STUFF
      260480  -8.7564250040198885        115.31089186543143     
   6.2157793569597306       -14.972204360979619     
        0   260264   0.254E-01   0.792E+02   0.358E+00   0.125E+04
  OPTIMIZATION STUFF
      260264  -8.7758728652692124        115.88234166852689     
   6.2342920304681293       -15.010164895737342     
        0   260247  -0.949E-02   0.735E+02  -0.104E+00   0.118E+04
  OPTIMIZATION STUFF
      260247  -8.8363130627662976        117.54440779701584     
   6.2820362346775367       -15.118349297443835     
        0   260539  -0.655E-02   0.670E+02  -0.141E+00   0.107E+04
  OPTIMIZATION STUFF
      260539  -8.8481978174030544        117.76862130372221     
   6.2831534031747180       -15.131351220577773     
        0   260408  -0.151E-01   0.762E+02  -0.277E+00   0.114E+04
  OPTIMIZATION STUFF
      260408  -8.8056280124138180        116.28913638151651     
   6.2249539507139797       -15.030581963127798     
        0   260372   0.867E-02   0.749E+02   0.186E+00   0.113E+04
  OPTIMIZATION STUFF
      260372  -8.7544688026490256        114.93555004273146     
   6.1882813467211069       -14.942750149370132     
        0   260250   0.159E-01   0.861E+02   0.116E+00   0.130E+04
  OPTIMIZATION STUFF
      260250  -8.8071801880304044        116.86157450752349     
   6.2685845007535965       -15.075764688784002     
        0   260177   0.131E-01   0.829E+02   0.228E+00   0.124E+04
  OPTIMIZATION STUFF
      260177  -8.8260849087189559        117.18485445419677     
   6.2677810777244183       -15.093865986443374     
        0   260366  -0.257E-01   0.810E+02  -0.376E+00   0.125E+04
  OPTIMIZATION STUFF
      260366  -8.7901813253286942        116.12993813435440     
   6.2339915304880780       -15.024172855816772     
        0   259454   0.102E-01   0.820E+02   0.173E+00   0.118E+04
  OPTIMIZATION STUFF
      259454  -8.9109312674533836        119.60068733577207     
   6.3400308581657310       -15.250962125619115     
        0   259819  -0.214E-01   0.790E+02  -0.379E+00   0.121E+04
  OPTIMIZATION STUFF
      259819  -8.7992802768263463        116.40437342100981     
   6.2431594590291120       -15.042439735855458     
        0   259718   0.619E-02   0.754E+02   0.164E+00   0.115E+04
  OPTIMIZATION STUFF
      259718  -8.8195502994009853        116.98178910370886     
   6.2607764390724610       -15.080326738473445     
        0   260464   0.328E-02   0.782E+02   0.559E-01   0.114E+04
  OPTIMIZATION STUFF
      260464  -8.6872007805596496        113.26366800446071     
   6.1478622790938084       -14.835063059653457     
        0   260210   0.158E-01   0.744E+02   0.173E+00   0.112E+04
  OPTIMIZATION STUFF
      260210  -8.7833496322064590        116.01116030832488     
   6.2340941239881467       -15.017443756194606     
        0   260143  -0.107E-01   0.765E+02  -0.163E+00   0.115E+04
  OPTIMIZATION STUFF
      260143  -8.8182159019680206        116.90483759762640     
   6.2565090828596039       -15.074724984827625     
        0   260147  -0.119E-01   0.759E+02  -0.185E+00   0.112E+04
  OPTIMIZATION STUFF
      260147  -8.6745403409504576        112.80191984486794     
   6.1281538588787949       -14.802694199829252     
        0   259930   0.218E-01   0.894E+02   0.276E+00   0.132E+04
  OPTIMIZATION STUFF
      259930  -8.8350192792563504        117.62014937724354     
   6.2898794672403806       -15.124898746496731     
        0   259857  -0.120E-01   0.665E+02  -0.101E+00   0.989E+03
  OPTIMIZATION STUFF
      259857  -8.7795797446579709        115.57685651524969     
   6.2045012710483967       -14.984081015706368     
        0   260495   0.649E-03   0.858E+02  -0.691E-02   0.122E+04
  OPTIMIZATION STUFF
      260495  -8.8794779857140078        118.66727405396460     
   6.3104789640077961       -15.189956949721804     
