   19795068.863558140     
   26110918.486081086     
   33385930.825917758     
   43215905.056258574     
   114788808.65999357     
   77740268.666261777     
   9155732.6298535969     
   9129570.0179936010     
   9364201.2758115139     
   3591194.1061766716     
   1779260.4169899458     
   1375164.1455660760     
   1376896.4963848190     
   797027.48992531630     
   739250.07769639394     
   745859.19873648928     
   597949.83565850428     
   630830.04551732668     
   544395.57567406166     
   668372.60800246417     
   528309.77943682193     
   508975.44323341717     
   644068.56108904583     
   550730.69664891134     
   447894.09430826537     
   442215.06073067774     
   477366.37176241452     
   458935.24844614393     
   528566.97720215889     
   585006.95828185033     
   414022.04219247209     
   456924.51554589788     
   465315.61056457675     
   438614.30602280184     
   470054.09791952837     
   393724.92220296635     
   466814.31244502345     
   420599.15848484077     
   386397.53337606700     
   317046.76313987584     
   411958.59175312344     
   460384.61538752157     
   473975.68479680049     
   373819.38204366161     
   421191.30128971068     
   390367.18475698447     
   465074.72347165103     
   408644.62443126913     
   401634.07465081540     
   447869.74150661478     
   409281.86955383007     
   414090.72413742059     
   320078.41608940595     
   350081.19812551659     
   378814.26592219865     
   413563.29351457808     
   440843.52918503986     
   405765.60262349510     
   419438.99531489529     
   382149.67519512598     
   471609.54448170826     
   383926.24171045609     
   445295.76016123872     
   422101.43048824422     
   428043.50696941640     
   384787.54842906713     
   363136.38987793477     
   392514.32892995141     
   480639.27899045130     
   343846.83896623075     
   375758.94568074698     
   402757.74868483492     
   419220.34433606296     
   355754.66969258949     
   436336.68842688855     
   386258.92129778245     
   357147.54965065845     
   392106.96635574044     
   427901.04244626733     
   362826.73911285447     
   410918.24289068248     
   408149.40561072971     
   379891.71113604849     
   356154.41771285626     
   375235.93447265134     
   405000.64530555962     
   460126.76875487604     
   356579.55139351118     
   364711.19604595954     
   352884.11246484792     
   375068.98482380935     
   423908.73235350626     
   386522.82196631533     
   331414.45517035102     
   338704.77177872718     
   401075.82995361072     
   295622.44036257447     
   314593.11342515546     
   378029.27337349288     
   381878.89671465318     
   331561.15131793806     
   356604.80584425747     
   456408.19509756047     
   426869.23583710252     
   388446.91024343757     
   312428.58082238503     
   363038.58526994428     
   397412.85279011575     
   460162.04697823880     
   355470.92451185943     
   403044.67519414244     
   299028.76781578391     
   343308.95421397197     
   358721.16597112484     
   407847.77278356283     
   362591.99901866831     
   311280.66930403590     
   388736.90502980765     
   359319.29146225506     
   357712.30952958437     
