tried moves    experiment_1   _      experiment_2    _                                                                                                                                                                                                                                                                                                                                                                                                                                                                          
        0   294733   0.457E+01   0.165E+05   0.702E+02   0.151E+06
  OPTIMIZATION STUFF
      294733  -213.839377383058        218043.130358411     
   415.109444651453       -628.948822034511     
        0   296670  -0.239E+01   0.168E+05  -0.223E+02   0.253E+06
  OPTIMIZATION STUFF
      296670  -353.693155457973        436073.521472417     
   557.651031788339       -911.344187246312     
        0   294231  -0.196E+01   0.499E+04  -0.417E+02   0.139E+06
  OPTIMIZATION STUFF
      294231  -177.406687233505        119281.809432547     
   296.325288757777       -473.731975991282     
        0   293669  -0.124E+00   0.757E+03  -0.257E+01   0.270E+05
  OPTIMIZATION STUFF
      293669  -56.0310410937554        9576.03521595158     
   80.2281599558502       -136.259201049606     
        0   291508  -0.363E-01   0.100E+03  -0.879E+00   0.526E+04
  OPTIMIZATION STUFF
      291508  -27.4776942120562        1752.20374533737     
   31.5781580546760       -59.0558522667322     
        0   293204  -0.194E-01   0.675E+02  -0.117E+01   0.344E+04
  OPTIMIZATION STUFF
      293204  -19.5133225180449        828.035523615145     
   21.1486587735939       -40.6619812916387     
        0   287986  -0.127E-03   0.408E+02  -0.196E+00   0.217E+04
  OPTIMIZATION STUFF
      287986  -15.8827517971709        518.942347710454     
   16.3303564890641       -32.2131082862350     
        0   290095   0.938E-04   0.332E+02   0.120E+00   0.167E+04
  OPTIMIZATION STUFF
      290095  -14.7575548229453        444.737278103916     
   15.0649212992196       -29.8224761221649     
        0   284762  -0.143E-02   0.315E+02   0.155E+01   0.231E+04
  OPTIMIZATION STUFF
      284762  -13.8175360035825        401.060509244533     
   14.4960756080477       -28.3136116116302     
        0   283142  -0.601E-02   0.317E+02  -0.365E+00   0.384E+04
  OPTIMIZATION STUFF
      283142  -13.3003515952078        403.096497890920     
   15.0398519053472       -28.3402035005549     
        0   283334   0.575E-02   0.282E+02   0.577E+00   0.370E+04
  OPTIMIZATION STUFF
      283334  -13.2192940374176        409.471002248652     
   15.3206157644184       -28.5399098018361     
        0   285825   0.419E-02   0.327E+02   0.170E-01   0.401E+04
  OPTIMIZATION STUFF
      285825  -13.4735685704501        436.714729516278     
   15.9742818146437       -29.4478503850938     
