tried moves    experiment_1   _      experiment_2    _                                                                                                                                                                                                                                                                                                                                                                                                                                                                          
        0   255311   0.246E+02   0.349E+05   0.569E+02   0.690E+05
  OPTIMIZATION STUFF
      255311  -7.3025882831122750        6861.9936165925765     
   82.514640040176673       -89.817228323288944     
        0   260348   0.895E+00   0.478E+05   0.432E+02   0.139E+06
  OPTIMIZATION STUFF
      260348  -48.720022155577261        26738.571438716117     
   156.09269963671002       -204.81272179228728     
        0   260690   0.588E+01   0.440E+05   0.708E+02   0.212E+06
  OPTIMIZATION STUFF
      260690  -124.12684610171191        78571.122482349310     
   251.32379226645304       -375.45063836816496     
        0   262020   0.117E+01   0.499E+05   0.478E+02   0.308E+06
  OPTIMIZATION STUFF
      262020  -247.30967628859537        207148.58754434521     
   382.08181265060938       -629.39148893920469     
        0   261032  -0.149E+02   0.547E+05  -0.687E+02   0.427E+06
  OPTIMIZATION STUFF
      261032  -360.14500378546967        376267.64254104992     
   496.55132543314591       -856.69632921861557     
        0   261517   0.106E+02   0.519E+05   0.164E+03   0.521E+06
  OPTIMIZATION STUFF
      261517  -412.06740102754082        467791.45348020422     
   545.88635309065205       -957.95375411819282     
        0   260037  -0.203E+02   0.413E+05  -0.219E+03   0.484E+06
  OPTIMIZATION STUFF
      260037  -369.28796313337324        382571.24936538917     
   496.18308077784508       -865.47104391121832     
        0   262201  -0.544E+01   0.292E+05  -0.632E+02   0.386E+06
  OPTIMIZATION STUFF
      262201  -206.48898581138312        136762.18826776184     
   306.79714308700505       -513.28612889838814     
        0   263950  -0.787E+00   0.909E+04  -0.881E+01   0.145E+06
  OPTIMIZATION STUFF
      263950  -104.15577035898046        30932.356976357238     
   141.71779167516183       -245.87356203414231     
        0   265186  -0.619E+00   0.724E+04  -0.966E+01   0.139E+06
  OPTIMIZATION STUFF
      265186  -65.286377640357514        14925.961265018086     
   103.26495126430221       -168.55132890465973     
        0   265952  -0.316E+00   0.905E+03  -0.553E+01   0.212E+05
  OPTIMIZATION STUFF
      265952  -39.459234058328342        3207.8653638577980     
   40.630459157974805       -80.089693216303147     
        0   264804  -0.695E-01   0.525E+03  -0.832E+00   0.144E+05
  OPTIMIZATION STUFF
      264804  -27.170549096780739        1438.2187584259907     
   26.457135525325075       -53.627684622105818     
        0   265059  -0.876E-01   0.240E+03  -0.240E+01   0.689E+04
  OPTIMIZATION STUFF
      265059  -20.122664567263428        725.51544043377316     
   17.905133653429512       -38.027798220692944     
        0   263526  -0.181E-01   0.150E+03  -0.793E+00   0.444E+04
  OPTIMIZATION STUFF
      263526  -16.673028925660876        475.62291559393412     
   14.058201237640962       -30.731230163301838     
        0   263927  -0.134E-01   0.148E+03  -0.238E+00   0.464E+04
  OPTIMIZATION STUFF
      263927  -14.738226882323366        366.54853547873819     
   12.220196555043584       -26.958423437366950     
        0   265695  -0.179E-01   0.116E+03  -0.593E+00   0.337E+04
  OPTIMIZATION STUFF
      265695  -13.078691573572002        281.05463842038233     
   10.488206002160668       -23.566897575732668     
        0   263649   0.128E-01   0.743E+02   0.163E+00   0.220E+04
  OPTIMIZATION STUFF
      263649  -12.241196763718646        240.84334542406253     
   9.5392057958714087       -21.780402559590055     
        0   265445  -0.999E-02   0.896E+02  -0.190E+00   0.251E+04
  OPTIMIZATION STUFF
      265445  -11.487688931814136        210.60896107336183     
   8.8680304509646799       -20.355719382778815     
        0   265138  -0.151E-01   0.726E+02  -0.566E+00   0.207E+04
  OPTIMIZATION STUFF
      265138  -10.741111839582500        181.40110770475184     
   8.1258614407539884       -18.866973280336488     
        0   263535   0.124E-01   0.781E+02   0.336E+00   0.208E+04
  OPTIMIZATION STUFF
      263535  -10.531211674921833        173.35152639784874     
   7.9022216531706340       -18.433433328092466     
        0   265171  -0.300E-02   0.666E+02  -0.168E+00   0.170E+04
  OPTIMIZATION STUFF
      265171  -10.210992520913887        161.61059035224551     
   7.5727288403907727       -17.783721361304661     
        0   264628   0.123E-01   0.743E+02   0.305E+00   0.199E+04
  OPTIMIZATION STUFF
      264628  -9.9966220314117358        154.70158170230718     
   7.4006168434395168       -17.397238874851254     
        0   265111  -0.213E-01   0.735E+02  -0.553E+00   0.174E+04
  OPTIMIZATION STUFF
      265111  -9.8174274312336376        148.11613130390202     
   7.1926524965664322       -17.010079927800071     
        0   265633  -0.620E-03   0.712E+02  -0.591E-01   0.181E+04
  OPTIMIZATION STUFF
      265633  -9.6244342254726600        142.52764535392762     
   7.0638453545840107       -16.688279580056673     
        0   256883   0.985E-02   0.671E+02   0.217E+00   0.164E+04
  OPTIMIZATION STUFF
      256883  -9.5476377189878985        139.78572077794908     
   6.9734019506198441       -16.521039669607742     
        0   260947  -0.762E-02   0.692E+02  -0.113E+00   0.167E+04
  OPTIMIZATION STUFF
      260947  -9.3050574052252166        132.32493145781845     
   6.7631973313871159       -16.068254736612332     
        0   261242   0.145E-01   0.673E+02   0.283E+00   0.163E+04
  OPTIMIZATION STUFF
      261242  -9.3091514031529599        132.09266730738059     
   6.7403536599021177       -16.049505063055079     
        0   260413  -0.202E-01   0.584E+02  -0.666E+00   0.138E+04
  OPTIMIZATION STUFF
      260413  -9.3213604954344458        132.17776019587578     
   6.7297844475161224       -16.051144942950568     
        0   260197   0.182E-01   0.765E+02   0.504E+00   0.176E+04
  OPTIMIZATION STUFF
      260197  -9.3737965365342610        134.47196198899437     
   6.8267049504612878       -16.200501486995549     
        0   260216  -0.183E-01   0.723E+02  -0.333E+00   0.168E+04
  OPTIMIZATION STUFF
      260216  -9.3350104734358403        132.79411647600628     
   6.7566038759756699       -16.091614349411511     
        0   260476   0.127E-01   0.708E+02   0.134E+00   0.165E+04
  OPTIMIZATION STUFF
      260476  -9.3165994757429864        132.35296807727974     
   6.7493660654809089       -16.065965541223896     
        0   261356   0.557E-02   0.790E+02   0.256E+00   0.180E+04
  OPTIMIZATION STUFF
      261356  -9.1575776668582058        127.68762470281780     
   6.6201507519298692       -15.777728418788076     
        0   261562  -0.764E-02   0.723E+02  -0.334E+00   0.159E+04
  OPTIMIZATION STUFF
      261562  -9.1545575738755094        127.19137354004131     
   6.5867631782720002       -15.741320752147509     
        0   261314  -0.422E-03   0.805E+02   0.800E-03   0.183E+04
  OPTIMIZATION STUFF
      261314  -9.1333862762744236        127.24636698371660     
   6.6202433574664470       -15.753629633740871     
        0   261240   0.181E-02   0.718E+02   0.302E-01   0.147E+04
  OPTIMIZATION STUFF
      261240  -9.0891363729029457        125.06734482001821     
   6.5157459139219736       -15.604882286824919     
        0   260140   0.480E-02   0.671E+02   0.247E+00   0.147E+04
  OPTIMIZATION STUFF
      260140  -9.0306621572854571        123.53318604224559     
   6.4792227190626788       -15.509884876348135     
        0   260982  -0.135E-01   0.669E+02  -0.376E+00   0.147E+04
  OPTIMIZATION STUFF
      260982  -9.0027876427497500        122.52544816595703     
   6.4401291000654197       -15.442916742815170     
        0   261229   0.353E-03   0.763E+02  -0.241E-01   0.162E+04
  OPTIMIZATION STUFF
      261229  -9.0105528974804034        122.95039484602412     
   6.4622234043502109       -15.472776301830613     
        0   261264   0.590E-02   0.667E+02   0.154E+00   0.133E+04
  OPTIMIZATION STUFF
      261264  -8.9653789570644076        121.21961595939646     
   6.3907430018443998       -15.356121958908808     
        0   261423   0.345E-01   0.749E+02   0.703E+00   0.159E+04
  OPTIMIZATION STUFF
      261423  -8.9756345028711824        122.00862898999063     
   6.4379044929898583       -15.413538995861041     
        0   261285  -0.299E-01   0.724E+02  -0.557E+00   0.155E+04
  OPTIMIZATION STUFF
      261285  -9.0113914839436688        122.97814868821291     
   6.4632013902802408       -15.474592874223909     
        0   260663  -0.247E-02   0.528E+07  -0.143E+00   0.107E+09
  OPTIMIZATION STUFF
      260663  -6898.3073220178730        8922256946.4511490     
   94205.468538414178       -101103.77586043206     
        0   260905  -0.665E-02   0.729E+02  -0.174E+00   0.148E+04
  OPTIMIZATION STUFF
      260905  -8.9323491774688328        120.66173193447776     
   6.3933457677689871       -15.325694945237821     
        0   260635   0.670E-02   0.648E+02   0.145E+00   0.139E+04
  OPTIMIZATION STUFF
      260635  -9.0034523588117139        122.37471000402219     
   6.4274843933400545       -15.430936752151769     
        0   261168   0.200E-02   0.623E+02   0.196E-01   0.121E+04
  OPTIMIZATION STUFF
      261168  -8.9136364303430806        119.46478274613608     
   6.3254935249193593       -15.239129955262440     
        0   261295  -0.292E-02   0.698E+02  -0.683E-01   0.138E+04
  OPTIMIZATION STUFF
      261295  -8.9336755859796391        120.12925056034926     
   6.3497000783360322       -15.283375664315670     
        0   261518   0.452E-02   0.725E+02   0.768E-01   0.144E+04
  OPTIMIZATION STUFF
      261518  -8.9197750140563716        119.96971351669031     
   6.3566757991347931       -15.276450813191165     
        0   261053  -0.260E-02   0.744E+02  -0.714E-01   0.148E+04
  OPTIMIZATION STUFF
      261053  -8.8601134090365221        118.58935382744609     
   6.3314883089568523       -15.191601717993375     
        0   255141   0.970E-02   0.677E+02   0.211E+00   0.135E+04
  OPTIMIZATION STUFF
      255141  -8.9074292210654704        119.70927832188011     
   6.3535016324534848       -15.260930853518955     
        0   260896  -0.336E-02   0.807E+02  -0.103E+00   0.162E+04
  OPTIMIZATION STUFF
      260896  -8.9380544375492619        120.81094590047461     
   6.3970406260927053       -15.335095063641967     
        0   260658  -0.172E-01   0.695E+02  -0.387E+00   0.139E+04
  OPTIMIZATION STUFF
      260658  -8.8998839242915775        119.42046084217395     
   6.3413347945294847       -15.241218718821063     
        0   260797   0.262E-01   0.652E+02   0.562E+00   0.125E+04
  OPTIMIZATION STUFF
      260797  -8.9352195682080158        120.47916201715609     
   6.3750304536581357       -15.310250021866151     
        0   260479  -0.158E-01   0.750E+02  -0.366E+00   0.151E+04
  OPTIMIZATION STUFF
      260479  -8.8317383173431949        117.49325786413996     
   6.2843978357605561       -15.116136153103751     
        0   260757  -0.285E-02   0.754E+02  -0.123E-01   0.146E+04
  OPTIMIZATION STUFF
      260757  -8.9124800936107196        119.75504363749914     
   6.3500190722935468       -15.262499165904266     
        0   260646   0.443E-02   0.615E+02   0.678E-01   0.117E+04
  OPTIMIZATION STUFF
      260646  -8.7452779739804587        114.99933537713629     
   6.2064038327318451       -14.951681806712305     
        0   260969  -0.443E-02   0.689E+02  -0.655E-01   0.129E+04
  OPTIMIZATION STUFF
      260969  -8.8339935006669545        117.34163233861142     
   6.2691459680554118       -15.103139468722366     
        0   261439  -0.392E-02   0.764E+02  -0.865E-01   0.143E+04
  OPTIMIZATION STUFF
      261439  -8.9127313593705839        119.54010002448835     
   6.3327181952286917       -15.245449554599276     
        0   260866   0.269E-01   0.792E+02   0.427E+00   0.148E+04
  OPTIMIZATION STUFF
      260866  -8.8739435329827074        118.91236602033381     
   6.3376251225335336       -15.211568655516242     
        0   261061  -0.176E-01   0.692E+02  -0.341E+00   0.130E+04
  OPTIMIZATION STUFF
      261061  -8.7994595260196515        116.38812371023235     
   6.2416052230315202       -15.041064749051172     
        0   260473  -0.614E-02   0.685E+02  -0.220E-01   0.129E+04
  OPTIMIZATION STUFF
      260473  -8.7994853832432778        116.55691234126128     
   6.2550754856635571       -15.054560868906835     
        0   261226   0.102E-01   0.721E+02   0.179E+00   0.138E+04
  OPTIMIZATION STUFF
      261226  -8.8470639688782189        118.01265775045620     
   6.3041349034608203       -15.151198872339039     
        0   260080   0.149E-01   0.733E+02   0.271E+00   0.135E+04
  OPTIMIZATION STUFF
      260080  -8.8737756066158440        118.48654506867389     
   6.3041773096973959       -15.177952916313240     
        0   260768  -0.245E-01   0.787E+02  -0.576E+00   0.143E+04
  OPTIMIZATION STUFF
      260768  -8.8401159476687639        117.65795791592720     
   6.2857225477823615       -15.125838495451125     
        0   260254   0.194E-02   0.713E+02   0.121E+00   0.134E+04
  OPTIMIZATION STUFF
      260254  -8.8545203475145424        118.17554364079952     
   6.3065848964594506       -15.161105243973992     
        0   260840   0.171E-01   0.705E+02   0.229E+00   0.129E+04
  OPTIMIZATION STUFF
      260840  -8.7876112440899767        116.25035931011703     
   6.2472592336848356       -15.034870477774813     
        0   261493  -0.155E-01   0.740E+02  -0.202E+00   0.132E+04
  OPTIMIZATION STUFF
      261493  -8.8178164710042193        116.94721792656574     
   6.2604576997414840       -15.078274170745704     
        0   260592  -0.265E-02   0.710E+02  -0.674E-01   0.128E+04
  OPTIMIZATION STUFF
      260592  -8.8564487204485758        118.03407100708301     
   6.2926454746114375       -15.149094195060012     
        0   260602   0.503E-02   0.708E+02   0.784E-01   0.130E+04
  OPTIMIZATION STUFF
      260602  -8.9152824274017224        119.84075909903724     
   6.3528338825046644       -15.268116309906386     
        0   260336   0.784E-02   0.704E+02   0.928E-01   0.125E+04
  OPTIMIZATION STUFF
      260336  -8.8070414087645510        116.56710094517423     
   6.2452479990374083       -15.052289407801959     
        0   260523  -0.584E-02   0.747E+02  -0.591E-01   0.139E+04
  OPTIMIZATION STUFF
      260523  -8.7631948767124754        115.22383254168989     
   6.1992135061191522       -14.962408382831628     
        0   261234  -0.253E-02   0.677E+02  -0.323E-01   0.120E+04
  OPTIMIZATION STUFF
      261234  -8.6925836220684332        113.25134375759717     
   6.1392453714560729       -14.831828993524507     
        0   260492  -0.521E-02   0.720E+02  -0.144E+00   0.128E+04
  OPTIMIZATION STUFF
      260492  -8.7874837836233457        116.07756859728298     
   6.2335942561125766       -15.021078039735922     
        0   260638   0.112E-01   0.694E+02   0.116E+00   0.119E+04
  OPTIMIZATION STUFF
      260638  -8.7806999962117889        115.77495210995768     
   6.2188632149681489       -14.999563211179938     
        0   260704  -0.163E-01   0.818E+02  -0.231E+00   0.144E+04
  OPTIMIZATION STUFF
      260704  -8.7403977758198881        114.76907519116813     
   6.1947172584074313       -14.935115034227319     
        0   260074   0.226E-01   0.745E+02   0.503E+00   0.128E+04
  OPTIMIZATION STUFF
      260074  -8.8088367915854846        116.71558370747243     
   6.2545965566679342       -15.063433348253419     
        0   260709   0.485E-02   0.775E+02  -0.338E-01   0.141E+04
  OPTIMIZATION STUFF
      260709  -8.8179830256757974        117.01372992176624     
   6.2655331202268618       -15.083516145902660     
        0   260766  -0.560E-02   0.795E+02  -0.859E-01   0.136E+04
  OPTIMIZATION STUFF
      260766  -8.7459810912209939        115.17714863310516     
   6.2197237386486863       -14.965704829869679     
        0   261599   0.373E-02   0.728E+02   0.396E-01   0.118E+04
  OPTIMIZATION STUFF
      261599  -8.7535262591768142        115.07770393081807     
   6.2010871595809745       -14.954613418757788     
        0   259652  -0.138E-01   0.723E+02  -0.241E+00   0.125E+04
  OPTIMIZATION STUFF
      259652  -8.8394607092716875        117.36726098533865     
   6.2634810891852082       -15.102941798456897     
        0   260729  -0.714E-03   0.875E+02  -0.307E-01   0.146E+04
  OPTIMIZATION STUFF
      260729  -8.8471361456357140        118.02066214201500     
   6.3046684419246857       -15.151804587560399     
        0   260037   0.126E-01   0.765E+02   0.239E+00   0.122E+04
  OPTIMIZATION STUFF
      260037  -8.7625288543480977        115.49099359761583     
   6.2216622918905555       -14.984191146238654     
        0   260177   0.853E-02   0.745E+02   0.880E-01   0.127E+04
  OPTIMIZATION STUFF
      260177  -8.7312253383347613        114.65165485374513     
   6.1981738395245234       -14.929399177859285     
        0   260946  -0.141E-01   0.749E+02  -0.192E+00   0.127E+04
  OPTIMIZATION STUFF
      260946  -8.8368764986905841        117.39043106700261     
   6.2689747817240944       -15.105851280414679     
        0   261346  -0.325E-02   0.775E+02  -0.374E-01   0.132E+04
  OPTIMIZATION STUFF
      261346  -8.8025503227710260        116.57332141640411     
   6.2520739944028030       -15.054624317173829     
        0   261021   0.935E-02   0.758E+02   0.112E+00   0.133E+04
  OPTIMIZATION STUFF
      261021  -8.7715513785646291        115.68364037828626     
   6.2244298366587127       -14.995981215223342     
        0   260797  -0.255E-01   0.780E+02  -0.406E+00   0.129E+04
  OPTIMIZATION STUFF
      260797  -8.8662280587326254        118.27817859590712     
   6.2982679052616852       -15.164495963994311     
        0   260801   0.133E-01   0.703E+02   0.210E+00   0.115E+04
  OPTIMIZATION STUFF
      260801  -8.8304262079801230        117.08907542084322     
   6.2540105857170563       -15.084436793697179     
        0   261995   0.510E-02   0.832E+02   0.648E-01   0.136E+04
  OPTIMIZATION STUFF
      261995  -8.7586920831347488        115.28474060210101     
   6.2104793369701889       -14.969171420104939     
        0   261533  -0.188E-02   0.650E+02  -0.201E-01   0.106E+04
  OPTIMIZATION STUFF
      261533  -8.7044701364140309        113.55897121687001     
   6.1474523878714438       -14.851922524285474     
        0   261561  -0.141E-01   0.787E+02  -0.260E+00   0.132E+04
  OPTIMIZATION STUFF
      261561  -8.7985203505078093        116.30656654541333     
   6.2363936844231755       -15.034914034930985     
        0   261322   0.366E-02   0.799E+02   0.567E-01   0.127E+04
  OPTIMIZATION STUFF
      261322  -8.7336973640795570        114.64142313284925     
   6.1938641804223513       -14.927561544501909     
        0   261156   0.722E-02   0.753E+02   0.127E+00   0.123E+04
  OPTIMIZATION STUFF
      261156  -8.7924434995211982        116.20147550575616     
   6.2365385281808035       -15.028982027702002     
        0   262131  -0.119E-01   0.747E+02  -0.165E+00   0.120E+04
  OPTIMIZATION STUFF
      262131  -8.8173628706711007        116.90969799217756     
   6.2580995517080300       -15.075462422379131     
        0   261072   0.409E-02   0.776E+02   0.596E-01   0.122E+04
  OPTIMIZATION STUFF
      261072  -8.7631200644077012        115.47055943185009     
   6.2191869379063744       -14.982307002314077     
        0   260538   0.156E-01   0.601E+02   0.281E+00   0.926E+03
  OPTIMIZATION STUFF
      260538  -8.6834045065025602        112.84010007962986     
   6.1187078910568120       -14.802112397559373     
        0   261454   0.855E-02   0.804E+02   0.666E-01   0.124E+04
  OPTIMIZATION STUFF
      261454  -8.8018347857599366        116.52681517708066     
   6.2493615338902426       -15.051196319650179     
        0   260733  -0.124E-01   0.899E+02  -0.179E+00   0.136E+04
  OPTIMIZATION STUFF
      260733  -8.8892736374648962        118.98751414701401     
   6.3220509603518407       -15.211324597816738     
        0   261373   0.309E-02   0.737E+02  -0.108E+00   0.119E+04
  OPTIMIZATION STUFF
      261373  -8.7835966397664773        115.85686546567892     
   6.2213580137749647       -15.004954653541443     
        0   261273  -0.429E-02   0.743E+02  -0.129E-01   0.116E+04
  OPTIMIZATION STUFF
      261273  -8.8168626630685338        117.00960792537427     
   6.2667807290475954       -15.083643392116130     
        0   261020  -0.442E-02   0.787E+02   0.382E-01   0.123E+04
  OPTIMIZATION STUFF
      261020  -8.8082469317618077        116.60168350417808     
   6.2463164739938355       -15.054563405755644     
        0   261977   0.758E-02   0.825E+02   0.515E-01   0.133E+04
  OPTIMIZATION STUFF
      261977  -8.8709012566353884        118.57156113990713     
   6.3149562179742640       -15.185857474609652     
        0   262282   0.357E-03   0.793E+02  -0.108E-01   0.124E+04
  OPTIMIZATION STUFF
      262282  -8.8692881162133776        118.30547359821206     
   6.2961259445637054       -15.165414060777083     
        0   261605   0.500E-03   0.800E+02   0.264E-01   0.126E+04
  OPTIMIZATION STUFF
      261605  -8.7898225425176193        116.05640527789757     
   6.2285973500417136       -15.018419892559333     
        0   261812  -0.649E-02   0.747E+02  -0.962E-01   0.115E+04
  OPTIMIZATION STUFF
      261812  -8.7619657890185838        115.21936918229454     
   6.2005906730216029       -14.962556462040187     
        0   262200  -0.586E-03   0.783E+02  -0.393E-01   0.126E+04
  OPTIMIZATION STUFF
      262200  -8.8301691104291375        117.25225494169388     
   6.2674052384473242       -15.097574348876462     
        0   260752  -0.575E-02   0.862E+02  -0.133E+00   0.128E+04
  OPTIMIZATION STUFF
      260752  -8.8286666347248062        117.52695360328723     
   6.2913908681772579       -15.120057502902064     
        0   261345   0.199E-01   0.732E+02   0.301E+00   0.115E+04
  OPTIMIZATION STUFF
      261345  -8.7803473176837965        115.68791324418623     
   6.2123597952009506       -14.992707112884748     
        0   261688   0.118E-01   0.765E+02   0.315E+00   0.118E+04
  OPTIMIZATION STUFF
      261688  -8.9311470899394845        119.90082390803018     
   6.3352533939768856       -15.266400483916371     
        0   261087  -0.349E-01   0.804E+02  -0.605E+00   0.120E+04
  OPTIMIZATION STUFF
      261087  -8.7415859868075021        114.79825873880475     
   6.1953961272912528       -14.936982114098754     
        0   261157   0.442E-02   0.115E+03   0.387E-01   0.176E+04
  OPTIMIZATION STUFF
      261157  -8.9580964635382934        122.62901313162033     
   6.5101091297737126       -15.468205593312007     
        0   261164   0.563E-02   0.716E+02   0.856E-01   0.106E+04
  OPTIMIZATION STUFF
      261164  -8.7580984400061208        115.29281829742351     
   6.2119666783222414       -14.970065118328362     
        0   255269   0.255E-02   0.760E+02   0.727E-01   0.113E+04
  OPTIMIZATION STUFF
      255269  -8.7315349606260657        114.33679123958518     
   6.1722838942282907       -14.903818854854357     
        0   261499  -0.192E-02   0.802E+02  -0.144E+00   0.120E+04
  OPTIMIZATION STUFF
      261499  -8.8401547830144338        117.37705278133741     
   6.2632831800649438       -15.103437963079378     
        0   260820   0.173E-01   0.730E+02   0.328E+00   0.109E+04
  OPTIMIZATION STUFF
      260820  -8.8675340233189530        118.09518506273322     
   6.2818807222052540       -15.149414745524208     
        0   260673  -0.249E-01   0.806E+02  -0.357E+00   0.121E+04
  OPTIMIZATION STUFF
      260673  -8.7547917823650785        115.13181564885811     
   6.2036631514203764       -14.958454933785454     
        0   261732   0.234E-01   0.760E+02   0.346E+00   0.113E+04
  OPTIMIZATION STUFF
      261732  -8.8076310685861543        116.54786260738403     
   6.2428757449640111       -15.050506813550165     
        0   261887   0.129E-01   0.811E+02   0.242E+00   0.118E+04
  OPTIMIZATION STUFF
      261887  -8.8607659162866010        118.21542972615336     
   6.3009727108540181       -15.161738627140618     
        0   261428  -0.270E-01   0.790E+02  -0.547E+00   0.117E+04
  OPTIMIZATION STUFF
      261428  -8.7414172218445394        114.79399364851588     
   6.1952900337397905       -14.936707255584331     
        0   261755  -0.917E-02   0.769E+02  -0.942E-01   0.110E+04
  OPTIMIZATION STUFF
      261755  -8.7838426592377168        116.00571762894437     
   6.2329628401507460       -15.016805499388463     
        0   261678   0.138E-01   0.850E+02   0.143E+00   0.118E+04
  OPTIMIZATION STUFF
      261678  -8.7646677327514180        115.50432331877658     
   6.2197204803144261       -14.984388213065845     
