   20819461.600807510     
   32311309.190221485     
   52307267.188531369     
   65145090.428487398     
   43333195.894809037     
   88989617.809437901     
   26792204.837104887     
   8785693.5915634222     
   6253215.1716808146     
   3527506.1099708183     
   1973235.9041446084     
   1734489.2364509332     
   1073815.8694742944     
   860183.00895245315     
   793964.39378405642     
   631612.79035662743     
   677842.55265355285     
   624838.06647418393     
   470853.91878936230     
   562815.89245308039     
   517339.20219307166     
   601257.25851825520     
   449071.53974894685     
   433238.23992253246     
   491389.23451297986     
   460008.50150191429     
   537781.10866671370     
   359212.30743613152     
   494968.35045983107     
   403619.99035098334     
   441771.96967579878     
   510047.63252139319     
   420797.96619166952     
   420896.29275097768     
   429254.13376820227     
   494689.60091178160     
   393141.98462910001     
   386939.68900291843     
   428722.77538597403     
   621380.40836426371     
   468164.24552288279     
   430335.64642071712     
   383215.53864492854     
   422669.55729278392     
   428310.66072323010     
   409680.10693009105     
   430949.64761052368     
   411660.40726898628     
   467903.05673396681     
   440069.29169891414     
   334612.81178932678     
   488009.75809161417     
   388536.65880330437     
   384596.40092522406     
   403389.31840433535     
   385148.50967032637     
   361516.74444010097     
   479927.17504785396     
   386295.27292217524     
   378975.29113351332     
   428395.83597329631     
   502596.53265693510     
   345964.41648441978     
   378060.37069469929     
   442203.89650171390     
   385227.73317289166     
   366971.04312457604     
   388712.41284879902     
   414915.04120954662     
   397982.37025323330     
   388908.32090444124     
   349999.00600403396     
   383086.83633577044     
   318562.89340642176     
   455174.51040803606     
   447660.06003287644     
   423777.11678744090     
   435127.11234131822     
   369009.40078776714     
   360811.33490391931     
   426377.75196194206     
   451481.54333083046     
   397545.46654820634     
   386965.73889750557     
   418628.23117984232     
   306135.78005559614     
   364255.16328314744     
   382556.75179047906     
   376808.62702343432     
   305020.27687002829     
   320780.10714765982     
   355887.53551089164     
   309430.47244547587     
   326053.42903028888     
   403288.54142778565     
   422934.77659641660     
   372917.20092685148     
   345416.54144191579     
   340933.65325321333     
   349764.30990485899     
   365245.72918126115     
   362489.84798866947     
   369529.69911202037     
   342634.25280739745     
   332192.66968479910     
   296086.82581870939     
   379964.48773789359     
   465453.88421587192     
   298320.41840577114     
   309570.39319784689     
   333414.49025844416     
   352605.51190864213     
   314449.83476939728     
   404592.60413629451     
   305088.32044868701     
   401717.26031365630     
   468516.76032437652     
   318416.01084023056     
   291329.38888990966     
   332386.54228216741     
