tried moves    experiment_1   _      experiment_2    _                                                                                                                                                                                                                                                                                                                                                                                                                                                                          
        0   257189   0.266E+02   0.259E+11   0.617E+02   0.294E+12
  OPTIMIZATION STUFF
      257189   4836052.3252589544        7006561206793704.0     
   83565386.403109878       -78729334.077850923     
        0   261697  -0.580E+01   0.490E+05   0.198E+02   0.153E+06
  OPTIMIZATION STUFF
      261697  -50.376457474950129        27897.582739999605     
   159.24759110352076       -209.62404857847088     
        0   263408  -0.277E+01   0.418E+05   0.157E+02   0.203E+06
  OPTIMIZATION STUFF
      263408  -126.87641066632537        80957.821956955449     
   254.67665455118851       -381.55306521751390     
        0   263990   0.441E+01   0.541E+05   0.537E+02   0.344E+06
  OPTIMIZATION STUFF
      263990  -253.96430957527895        217736.57489743549     
   391.45715520269567       -645.42146477797462     
        0   264234  -0.107E+01   0.488E+05   0.433E+02   0.384E+06
  OPTIMIZATION STUFF
      264234  -349.94149114415762        351265.70003183704     
   478.33738387004678       -828.27887501420446     
        0   265373  -0.409E+01   0.373E+05  -0.159E+02   0.378E+06
  OPTIMIZATION STUFF
      265373  -417.00812101443779        456186.10054722551     
   531.31001078017857       -948.31813179461642     
        0   263454  -0.110E+02   0.420E+05  -0.108E+03   0.511E+06
  OPTIMIZATION STUFF
      263454  -368.51472161094904        377249.12861645233     
   491.37157892216055       -859.88630053310953     
        0   265168  -0.362E+01   0.242E+05  -0.364E+02   0.336E+06
  OPTIMIZATION STUFF
      265168  -183.57553829737145        112729.18073964826     
   281.12133052914817       -464.69686882651962     
        0   264853  -0.120E+01   0.599E+04  -0.176E+02   0.102E+06
  OPTIMIZATION STUFF
      264853  -95.651624780493790        23101.958456289882     
   118.12165395532485       -213.77327873581862     
        0   263901  -0.850E-01   0.203E+04   0.193E+01   0.415E+05
  OPTIMIZATION STUFF
      263901  -55.311412324359921        6752.7281764938816     
   60.773150676746447       -116.08456300110637     
        0   263940  -0.407E+00   0.819E+03  -0.784E+01   0.196E+05
  OPTIMIZATION STUFF
      263940  -37.843171728280133        2905.7666068770172     
   38.388291970611519       -76.231463698891645     
        0   262353  -0.147E+00   0.367E+03  -0.374E+01   0.972E+04
  OPTIMIZATION STUFF
      262353  -25.907622000075055        1253.3062368776598     
   24.126776808742747       -50.034398808817798     
        0   265163   0.432E-01   0.278E+03   0.163E+01   0.829E+04
  OPTIMIZATION STUFF
      265163  -20.337602754588982        750.37380036340028     
   18.350905006563980       -38.688507761152962     
        0   262600  -0.978E-01   0.166E+03  -0.269E+01   0.495E+04
  OPTIMIZATION STUFF
      262600  -16.899428871477006        490.56613891204620     
   14.316963460522471       -31.216392331999479     
        0   265179  -0.119E-01   0.117E+03  -0.533E+00   0.367E+04
  OPTIMIZATION STUFF
      265179  -14.505000579435674        353.82146304185585     
   11.976077038514182       -26.481077617949857     
        0   264713  -0.698E-02   0.956E+02  -0.893E-01   0.285E+04
  OPTIMIZATION STUFF
      264713  -12.833861750870376        268.40729869536148     
   10.183284895106679       -23.017146645977057     
        0   264481  -0.206E-01   0.955E+02  -0.819E+00   0.273E+04
  OPTIMIZATION STUFF
      264481  -11.984716336567047        231.18023597201253     
   9.3566452483801825       -21.341361584947229     
        0   263381   0.149E-01   0.846E+02   0.403E+00   0.248E+04
  OPTIMIZATION STUFF
      263381  -11.171456409019878        198.46387270736795     
   8.5826822385974779       -19.754138647617356     
        0   264139  -0.117E-01   0.908E+02  -0.376E+00   0.244E+04
  OPTIMIZATION STUFF
      264139  -10.928826753376871        188.78060563789532     
   8.3271454552306992       -19.255972208607570     
        0   264648   0.149E-02   0.764E+02  -0.938E-01   0.209E+04
  OPTIMIZATION STUFF
      264648  -10.374545140089598        168.11090285473679     
   7.7768705782583325       -18.151415718347931     
        0   266827  -0.266E-02   0.774E+02  -0.254E-01   0.209E+04
  OPTIMIZATION STUFF
      266827  -10.168926887582762        160.43404722663706     
   7.5516205665826073       -17.720547454165370     
        0   266367  -0.201E-02   0.777E+02  -0.117E+00   0.212E+04
  OPTIMIZATION STUFF
      266367  -9.9121876990920903        152.02218678814509     
   7.3328522285746729       -17.245039927666763     
        0   263899   0.443E-02   0.747E+02   0.162E+00   0.190E+04
  OPTIMIZATION STUFF
      263899  -9.7502592299645041        146.48948379034397     
   7.1709085016360348       -16.921167731600541     
        0   264003   0.129E-02   0.715E+02  -0.253E-01   0.172E+04
  OPTIMIZATION STUFF
      264003  -9.6728506303771091        143.70459763892973     
   7.0809998108560128       -16.753850441233123     
        0   264335  -0.617E-02   0.689E+02  -0.162E+00   0.174E+04
  OPTIMIZATION STUFF
      264335  -9.5886006259861638        140.97686153296979     
   7.0025423646206919       -16.591142990606855     
        0   264153   0.144E-01   0.670E+02   0.369E+00   0.157E+04
  OPTIMIZATION STUFF
      264153  -9.4186931234088469        135.30534287081892     
   6.8259477523542333       -16.244640875763082     
        0   264841  -0.178E-01   0.745E+02  -0.510E+00   0.185E+04
  OPTIMIZATION STUFF
      264841  -9.3835974514178648        134.82581909241719     
   6.8391459965525918       -16.222743447970458     
        0   263794   0.433E-02   0.789E+02   0.421E-01   0.182E+04
  OPTIMIZATION STUFF
      263794  -9.4081350665858157        135.43535269666276     
   6.8499888514902763       -16.258123918076091     
        0   263858   0.225E-02   0.758E+02   0.559E-01   0.180E+04
  OPTIMIZATION STUFF
      263858  -9.4287041717577882        135.95299558348182     
   6.8594849095948236       -16.288189081352613     
        0   263936  -0.735E-02   0.725E+02  -0.194E+00   0.168E+04
  OPTIMIZATION STUFF
      263936  -9.3000856019172833        131.96150817141276     
   6.7431384361010718       -16.043224038018355     
        0   263598   0.109E-01   0.633E+02   0.263E+00   0.145E+04
  OPTIMIZATION STUFF
      263598  -9.2189605322774497        129.06748253464247     
   6.6391452189986886       -15.858105751276138     
        0   264033  -0.999E-02   0.644E+02  -0.282E+00   0.151E+04
  OPTIMIZATION STUFF
      264033  -9.1749329211150155        127.95888862055574     
   6.6166074776728010       -15.791540398787816     
        0   263111  -0.288E-02   0.675E+02  -0.136E+00   0.148E+04
  OPTIMIZATION STUFF
      263111  -9.0529610947204198        124.37164895310873     
   6.5127217329306477       -15.565682827651067     
        0   263381   0.161E-01   0.501E+07   0.429E+00   0.105E+09
  OPTIMIZATION STUFF
      263381  -6566.8730290708590        8298968100.9390097     
   90861.676627492794       -97428.549656563657     
        0   263518  -0.215E-01   0.746E+02  -0.452E+00   0.160E+04
  OPTIMIZATION STUFF
      263518  -9.1666755839498162        127.67827083714563     
   6.6068396057240513       -15.773515189673867     
        0   263040   0.813E-02   0.719E+02   0.143E+00   0.152E+04
  OPTIMIZATION STUFF
      263040  -9.0996835873748907        125.71387899769724     
   6.5505448328636975       -15.650228420238587     
        0   263847   0.220E-02   0.716E+02   0.338E-01   0.162E+04
  OPTIMIZATION STUFF
      263847  -9.0884727478835377        125.15455917603367     
   6.5233597391997264       -15.611832487083264     
        0   263592   0.115E-01   0.683E+02   0.261E+00   0.143E+04
  OPTIMIZATION STUFF
      263592  -9.0697303513953038        124.56465027482636     
   6.5042018440239984       -15.573932195419303     
        0   263657  -0.181E-01   0.755E+02  -0.423E+00   0.158E+04
  OPTIMIZATION STUFF
      263657  -9.0066050638048036        122.76259171066673     
   6.4531896714192740       -15.459794735224078     
        0   263193   0.716E-02   0.737E+02   0.194E+00   0.152E+04
  OPTIMIZATION STUFF
      263193  -9.0332720122045274        123.70895434426104     
   6.4891410138618051       -15.522413026066332     
        0   262380  -0.213E-02   0.671E+02  -0.716E-01   0.138E+04
  OPTIMIZATION STUFF
      262380  -8.8752963882084632        118.75933746870699     
   6.3236422645624728       -15.198938652770936     
        0   266172   0.959E-02   0.873E+02   0.715E-01   0.181E+04
  OPTIMIZATION STUFF
      266172  -9.0070623893954238        123.28417295274637     
   6.4928422178799918       -15.499904607275415     
        0   263802   0.128E-01   0.664E+02   0.393E+00   0.134E+04
  OPTIMIZATION STUFF
      263802  -8.9930243099929275        122.12295994704454     
   6.4224974664783447       -15.415521776471273     
        0   264021  -0.245E-01   0.666E+02  -0.650E+00   0.130E+04
  OPTIMIZATION STUFF
      264021  -8.8867998936553771        118.86349527741402     
   6.3157171348581471       -15.202517028513524     
        0   264275   0.104E-01   0.717E+02   0.289E+00   0.140E+04
  OPTIMIZATION STUFF
      264275  -8.9111332222133104        119.95440886659826     
   6.3675830236098596       -15.278716245823169     
        0   264769  -0.610E-02   0.777E+02  -0.170E+00   0.150E+04
  OPTIMIZATION STUFF
      264769  -8.9163394955270192        120.13665207982119     
   6.3746013271675412       -15.290940822694560     
        0   264573   0.189E-02   0.671E+02  -0.215E-01   0.129E+04
  OPTIMIZATION STUFF
      264573  -8.8131411383149167        117.08613309852385     
   6.2781108921924194       -15.091252030507336     
        0   263760   0.738E-02   0.785E+02   0.220E+00   0.158E+04
  OPTIMIZATION STUFF
      263760  -8.9312191065869690        120.42601561353722     
   6.3764677434825217       -15.307686850069491     
        0   261460  -0.452E-02   0.673E+02  -0.104E+00   0.135E+04
  OPTIMIZATION STUFF
      261460  -8.9995926518117120        122.22751152898773     
   6.4214362591591900       -15.421028910970902     
        0   264399  -0.270E-02   0.836E+02  -0.122E+00   0.153E+04
  OPTIMIZATION STUFF
      264399  -8.9203208133061800        120.29418814616996     
   6.3813842333671253       -15.301705046673305     
        0   264360   0.588E-02   0.680E+02   0.165E+00   0.129E+04
  OPTIMIZATION STUFF
      264360  -8.9113416365190883        119.72048802019614     
   6.3488958297831157       -15.260237466302204     
        0   263311   0.108E-01   0.672E+02   0.104E+00   0.125E+04
  OPTIMIZATION STUFF
      263311  -8.9055909882748185        119.62824634140080     
   6.3497004252924514       -15.255291413567271     
        0   264389  -0.707E-02   0.683E+02  -0.139E+00   0.133E+04
  OPTIMIZATION STUFF
      264389  -8.8861360890597254        119.07533831867256     
   6.3333974867667111       -15.219533575826436     
        0   263859   0.455E-03   0.857E+02   0.906E-01   0.161E+04
  OPTIMIZATION STUFF
      263859  -8.9836234327214566        122.16212145896063     
   6.4386824333879504       -15.422305866109408     
        0   264056  -0.765E-02   0.707E+02  -0.154E+00   0.139E+04
  OPTIMIZATION STUFF
      264056  -8.8829747976499167        118.97579748680776     
   6.3299728460021214       -15.212947643652038     
        0   263853  -0.141E-02   0.774E+02  -0.864E-01   0.153E+04
  OPTIMIZATION STUFF
      263853  -8.9371686270127881        120.75598423694882     
   6.3939816366085358       -15.331150263621325     
        0   264007  -0.429E-02   0.820E+02  -0.125E+00   0.160E+04
  OPTIMIZATION STUFF
      264007  -8.9326907477444557        120.63570510184779     
   6.3908325832404964       -15.323523330984951     
        0   264355   0.156E-01   0.774E+02   0.342E+00   0.143E+04
  OPTIMIZATION STUFF
      264355  -8.7848363377678069        116.37328998299107     
   6.2609855854829579       -15.045821923250765     
        0   263563  -0.511E-02   0.687E+02  -0.504E-01   0.126E+04
  OPTIMIZATION STUFF
      263563  -8.7617282742655629        115.46840926007704     
   6.2209747554553250       -14.982703029720888     
        0   263561   0.100E-01   0.745E+02   0.668E-01   0.132E+04
  OPTIMIZATION STUFF
      263561  -8.8545681210035507        117.94816907444894     
   6.2884650324985181       -15.143033153502069     
        0   263844  -0.341E-01   0.621E+02  -0.580E+00   0.114E+04
  OPTIMIZATION STUFF
      263844  -8.7341239987422856        114.49194301398575     
   6.1811828146868306       -14.915306813429115     
        0   263234   0.273E-01   0.826E+02   0.508E+00   0.153E+04
  OPTIMIZATION STUFF
      263234  -8.9098835157110123        119.94398425321846     
   6.3685131694673940       -15.278396685178407     
        0   263755   0.733E-02   0.726E+02   0.552E-01   0.134E+04
  OPTIMIZATION STUFF
      263755  -8.8684452709007751        118.73274123125557     
   6.3311467925087035       -15.199592063409479     
        0   264010  -0.217E-01   0.698E+02  -0.308E+00   0.125E+04
  OPTIMIZATION STUFF
      264010  -8.7959822345883918        116.40974176723810     
   6.2482348144130677       -15.044217049001460     
        0   264777   0.212E-01   0.679E+02   0.381E+00   0.125E+04
  OPTIMIZATION STUFF
      264777  -8.7862942627897116        115.71765621158954     
   6.2063426701446440       -14.992636932934357     
        0   264329  -0.115E-01   0.748E+02  -0.247E+00   0.132E+04
  OPTIMIZATION STUFF
      264329  -8.8657976869919022        118.29132813440218     
   6.2999174207072919       -15.165715107699194     
        0   263588  -0.912E-02   0.717E+02  -0.173E+00   0.123E+04
  OPTIMIZATION STUFF
      263588  -8.8159022839126351        116.93155270436698     
   6.2619022369301627       -15.077804520842797     
        0   263837   0.113E-01   0.750E+02   0.257E+00   0.129E+04
  OPTIMIZATION STUFF
      263837  -8.8348691735146279        117.45099556828842     
   6.2766298485070298       -15.111499022021658     
        0   263237  -0.625E-02   0.763E+02  -0.205E+00   0.132E+04
  OPTIMIZATION STUFF
      263237  -8.8211557021423435        117.07068178277741     
   6.2656120101183275       -15.086767712260670     
        0   263699   0.156E-01   0.701E+02   0.278E+00   0.122E+04
  OPTIMIZATION STUFF
      263699  -8.9002095496553277        119.33356965381208     
   6.3340223891328469       -15.234231938788174     
        0   263590   0.719E-03   0.601E+02   0.107E+00   0.106E+04
  OPTIMIZATION STUFF
      263590  -8.8340831833669018        117.08061398932965     
   6.2481667950434669       -15.082249978410369     
        0   264121  -0.142E-01   0.830E+02  -0.304E+00   0.141E+04
  OPTIMIZATION STUFF
      264121  -8.7970767439964099        116.55277523553077     
   6.2581319893214387       -15.055208733317848     
        0   263727   0.132E-02   0.801E+02   0.992E-03   0.139E+04
  OPTIMIZATION STUFF
      263727  -8.7982274955788604        116.66283584988177     
   6.2653035669408634       -15.063531062519724     
        0   264270   0.188E-02   0.683E+02   0.961E-02   0.115E+04
  OPTIMIZATION STUFF
      264270  -8.8634682538416136        117.98562650064096     
   6.2788977546845643       -15.142366008526178     
        0   264055  -0.136E-02   0.831E+02  -0.766E-02   0.136E+04
  OPTIMIZATION STUFF
      264055  -8.8717574152436587        118.64181914754137     
   6.3193147977142692       -15.191072212957927     
        0   262708   0.220E-01   0.617E+02   0.332E+00   0.103E+04
  OPTIMIZATION STUFF
      262708  -8.8776694198953177        118.47846933706539     
   6.2980516835066487       -15.175721103401965     
        0   264326  -0.936E-02   0.671E+02  -0.163E+00   0.107E+04
  OPTIMIZATION STUFF
      264326  -8.7472589306008448        114.63078833793959     
   6.1738358853279669       -14.921094815928811     
        0   260103  -0.747E-02   0.723E+02  -0.119E+00   0.122E+04
  OPTIMIZATION STUFF
      260103  -8.7996605139055930        116.40847201646503     
   6.2429517743192422       -15.042612288224834     
        0   264389   0.559E-02   0.838E+02   0.858E-01   0.139E+04
  OPTIMIZATION STUFF
      264389  -8.9200582444215648        120.06799680002234     
   6.3640048488470855       -15.284063093268649     
        0   263813  -0.120E-01   0.709E+02  -0.192E+00   0.118E+04
  OPTIMIZATION STUFF
      263813  -8.8596301391968080        118.18963492065643     
   6.3005228923710748       -15.160153031567884     
        0   264654  -0.614E-02   0.736E+02  -0.105E+00   0.122E+04
  OPTIMIZATION STUFF
      264654  -8.8489350679716008        117.75724758703311     
   6.2812097361778605       -15.130144804149461     
        0   263078   0.630E-02   0.690E+02   0.951E-01   0.115E+04
  OPTIMIZATION STUFF
      263078  -8.8035412155777681        116.48430695614134     
   6.2435541978719824       -15.047095413449750     
        0   259098  -0.768E-02   0.779E+02  -0.101E+00   0.128E+04
  OPTIMIZATION STUFF
      259098  -8.8145459245501883        116.79767198274585     
   6.2531153936850963       -15.067661318235285     
        0   263632   0.321E-02   0.780E+02  -0.279E-01   0.126E+04
  OPTIMIZATION STUFF
      263632  -8.8604407729300849        118.33335541613002     
   6.3107800409718076       -15.171220813901893     
        0   263979   0.598E-02   0.735E+02   0.101E+00   0.116E+04
  OPTIMIZATION STUFF
      263979  -8.8661518943775075        118.19118803191513     
   6.2914655381509688       -15.157617432528475     
        0   263904   0.553E-03   0.769E+02   0.217E-01   0.126E+04
  OPTIMIZATION STUFF
      263904  -8.7443754694127662        114.99333470219453     
   6.2071919860857214       -14.951567455498488     
        0   264309   0.112E-01   0.617E+02   0.107E+00   0.933E+03
  OPTIMIZATION STUFF
      264309  -8.7496988008327357        114.90569591154204     
   6.1926138912617690       -14.942312692094504     
        0   264198  -0.139E-01   0.820E+02  -0.139E+00   0.133E+04
  OPTIMIZATION STUFF
      264198  -8.9117921854577844        119.72699880636344     
   6.3487761694343110       -15.260568354892095     
        0   263854  -0.508E-02   0.782E+02  -0.108E+00   0.122E+04
  OPTIMIZATION STUFF
      263854  -8.7229746877842356        114.41121647598622     
   6.1903900581677185       -14.913364745951954     
        0   264169   0.183E-01   0.685E+02   0.305E+00   0.113E+04
  OPTIMIZATION STUFF
      264169  -8.7852743493158556        115.95946075269744     
   6.2272317573662148       -15.012506106682071     
        0   262978  -0.144E-01   0.672E+02  -0.262E+00   0.107E+04
  OPTIMIZATION STUFF
      262978  -8.7200961550672389        114.25793036401937     
   6.1820589944128592       -14.902155149480098     
        0   264702   0.118E-01   0.774E+02   0.112E+00   0.117E+04
  OPTIMIZATION STUFF
      264702  -8.7488765319835267        114.86052946037231     
   6.1901283418423727       -14.939004873825899     
        0   264310   0.981E-03   0.679E+02   0.276E-01   0.104E+04
  OPTIMIZATION STUFF
      264310  -8.8324654268571692        116.92953745294281     
   6.2383565092350741       -15.070821936092244     
        0   263841  -0.422E-02   0.842E+02   0.141E-01   0.127E+04
  OPTIMIZATION STUFF
      263841  -8.8631503391793487        118.35752778075057     
   6.3088900644927683       -15.172040403672117     
        0   264392  -0.427E-02   0.788E+02  -0.102E+00   0.121E+04
  OPTIMIZATION STUFF
      264392  -8.8435691532268823        117.67968547227268     
   6.2825926260077249       -15.126161779234607     
        0   264555   0.818E-02   0.677E+02   0.751E-01   0.977E+03
  OPTIMIZATION STUFF
      264555  -8.7835657135336316        115.78817671965851     
   6.2158788659122797       -14.999444579445910     
        0   263397  -0.137E-01   0.822E+02  -0.186E+00   0.122E+04
  OPTIMIZATION STUFF
      263397  -8.8642639956769234        118.14789654560599     
   6.2906852059653859       -15.154949201642310     
        0   263926   0.310E-02   0.766E+02   0.511E-01   0.116E+04
  OPTIMIZATION STUFF
      263926  -8.7571833869571769        115.27330653235414     
   6.2116862170875438       -14.968869604044720     
        0   263840   0.103E-01   0.776E+02   0.121E+00   0.114E+04
  OPTIMIZATION STUFF
      263840  -8.8702124539400362        118.41495245611334     
   6.3035135819700132       -15.173726035910050     
        0   263898  -0.850E-02   0.704E+02  -0.109E+00   0.110E+04
  OPTIMIZATION STUFF
      263898  -8.7664455831902846        115.43854574564433     
   6.2119222131807073       -14.978367796370993     
        0   264221  -0.173E-02   0.947E+02  -0.288E-01   0.138E+04
  OPTIMIZATION STUFF
      264221  -8.8390765680335512        118.02000877824848     
   6.3159111933820524       -15.154987761415605     
        0   263211   0.704E-02   0.717E+02   0.791E-01   0.102E+04
  OPTIMIZATION STUFF
      263211  -8.8452762290633462        117.59894559700362     
   6.2737575685206810       -15.119033797584027     
        0   263722  -0.708E-02   0.816E+02  -0.660E-01   0.116E+04
  OPTIMIZATION STUFF
      263722  -8.8508318305938403        117.82245338440740     
   6.2837273405960481       -15.134559171189888     
        0   264190   0.121E-01   0.685E+02   0.127E+00   0.980E+03
  OPTIMIZATION STUFF
      264190  -8.7724575814856802        115.45211368567550     
   6.2045226783943583       -14.976980259880039     
        0   264891  -0.221E-01   0.922E+02  -0.334E+00   0.132E+04
  OPTIMIZATION STUFF
      264891  -8.8480107123428127        118.22655130198468     
   6.3197513982949927       -15.167762110637806     
        0   264208   0.309E-01   0.781E+02   0.487E+00   0.111E+04
  OPTIMIZATION STUFF
      264208  -8.7549899599806107        115.22400397441336     
   6.2108095104464498       -14.965799470427061     
        0   263818  -0.124E-01   0.839E+02  -0.266E+00   0.120E+04
  OPTIMIZATION STUFF
      263818  -8.8769254353775437        118.55623211860203     
   6.3052697748271829       -15.182195210204727     
        0   263611   0.775E-03   0.888E+02  -0.762E-02   0.125E+04
  OPTIMIZATION STUFF
      263611  -8.9241169414126169        120.01527585120468     
   6.3541649858338580       -15.278281927246475     
        0   263344  -0.119E-01   0.102E+03  -0.143E+00   0.146E+04
  OPTIMIZATION STUFF
      263344  -8.9909407573929450        123.10827062909301     
   6.5016347887391666       -15.492575546132112     
        0   264242  -0.491E-02   0.789E+02  -0.106E+00   0.114E+04
  OPTIMIZATION STUFF
      264242  -8.7199793034752950        114.25520663328609     
   6.1820035247683736       -14.901982828243668     
        0   263873   0.174E-01   0.868E+02   0.229E+00   0.119E+04
  OPTIMIZATION STUFF
      263873  -8.8486017354992121        117.95301588031147     
   6.2972425081802115       -15.145844243679424     
        0   264033   0.150E-01   0.833E+02   0.228E+00   0.112E+04
  OPTIMIZATION STUFF
      264033  -8.9088367196407798        119.34856888988047     
   6.3230686531667972       -15.231905372807578     
        0   263630  -0.158E-01   0.862E+02  -0.260E+00   0.121E+04
  OPTIMIZATION STUFF
      263630  -8.8315143375017424        117.41679419079517     
   6.2786263384036740       -15.110140675905416     
        0   262713   0.868E-02   0.753E+02   0.137E+00   0.101E+04
  OPTIMIZATION STUFF
      262713  -8.7781834809932224        115.71405569425650     
   6.2175196395567749       -14.995703120549997     
        0   264009  -0.180E-01   0.748E+02  -0.204E+00   0.949E+03
  OPTIMIZATION STUFF
      264009  -8.6984636112931373        113.58595031758044     
   6.1581394203598210       -14.856603031652959     
        0   264174   0.158E-01   0.742E+02   0.265E+00   0.104E+04
  OPTIMIZATION STUFF
      264174  -8.7987365787107557        116.42269952159624     
   6.2453930332728937       -15.044129611983649     
        0   264224  -0.945E-02   0.697E+02  -0.238E+00   0.939E+03
  OPTIMIZATION STUFF
      264224  -8.7535595770424148        114.82272944152982     
   6.1804469233785051       -14.934006500420921     
        0   263798   0.142E-01   0.806E+02   0.150E+00   0.107E+04
  OPTIMIZATION STUFF
      263798  -8.7142721752069807        114.09468180252887     
   6.1770658292543938       -14.891338004461375     
        0   264538  -0.287E-01   0.849E+02  -0.354E+00   0.114E+04
  OPTIMIZATION STUFF
      264538  -8.7248683726489489        114.73982109754994     
   6.2142170043779466       -14.939085377026895     
        0   264164   0.291E-01   0.811E+02   0.429E+00   0.108E+04
  OPTIMIZATION STUFF
      264164  -8.8879096420775543        119.12826560489080     
   6.3350870395879832       -15.222996681665538     
