   22690803.712794717     
   26367184.906643316     
   29778584.154128660     
   45113721.985079326     
   56264735.528375469     
   50960115.737786561     
   19553313.580076765     
   8928546.5321258493     
   3935571.6329434705     
   4422182.7778392332     
   2244502.0748497369     
   1224220.9871091465     
   1668537.7077004397     
   936008.01397682610     
   791561.96756067092     
   766112.79982863576     
   544109.22243308194     
   654176.36700252944     
   551632.58705616719     
   527189.26155197236     
   519719.10714689817     
   487948.88529894553     
   531924.50114432350     
   525560.26393384731     
   481066.08417770633     
   582295.73839619965     
   442387.70227953285     
   454643.98559437902     
   469974.33096861548     
   416948.98167930427     
   489152.46219754469     
   412086.97776886076     
   375431.31484727463     
   492552.71793098387     
   367852.68762140110     
   407446.25095195114     
   416954.17026861454     
   488795.55814877711     
   372390.75073711877     
   425386.37085244013     
   406044.33089794224     
   427632.52323141694     
   534631.71897058282     
   356608.02888143051     
   435843.51361517439     
   389314.03201462777     
   384116.09174063359     
   444006.98529287364     
   415746.19831245509     
   382678.81627647288     
   427812.07049509283     
   458185.67806208046     
   419527.18772455613     
   443577.25928012538     
   401018.70762557827     
   377842.02796918468     
   343651.57919189520     
   438142.57358630514     
   423531.04490345309     
   443745.98412080907     
   281702.03088037245     
   422616.44650744286     
   439064.90694736969     
   352140.47251579002     
   458647.35390711861     
   390418.47358822421     
   342291.29455420765     
   412944.15895410336     
   357239.97969514516     
   434721.06212338799     
   463203.05672400538     
   379152.11980616691     
   379770.11617462931     
   382801.25346202252     
   380431.11815018102     
   473342.48800424556     
   427863.16661029385     
   394914.49713919550     
   419075.45116794511     
   365232.31723080948     
   335854.37630687474     
   362529.68821762956     
   334381.91560083797     
   327849.93764115468     
   356213.65127312159     
   362093.44703615230     
   393374.26630232140     
   352891.09007078304     
   323002.39706070902     
   408448.09905206121     
   335707.04271696578     
   368412.30589361425     
   375988.50195877458     
   378601.38672895631     
   350584.94299705245     
   372594.32401255920     
   320063.11368145369     
   334356.83610684634     
   368867.11414833617     
   337806.55820255179     
   329750.60804230487     
   352390.41907645715     
   333100.46914134559     
   369750.99127344473     
   275391.72161025926     
   412329.29867981502     
   339041.28522675351     
   337222.68943985266     
   296415.71311063506     
   267096.78822667891     
   332221.75123135810     
   396411.05909804913     
   323575.57030963839     
   361806.11011734384     
   303184.80140957457     
   377372.30792442017     
   312030.26264126447     
   355284.21632488852     
   254003.33035404727     
   374920.61525197129     
