tried moves    experiment_1   _      experiment_2    _                                                                                                                                                                                                                                                                                                                                                                                                                                                                          
        0   252555   0.328E+02   0.137E+10   0.758E+02   0.173E+11
  OPTIMIZATION STUFF
      252555   264136.38559309323        21136298499099.727     
   4589829.0239294907       -4325692.6383363977     
        0   257107  -0.218E+01   0.511E+05   0.425E+02   0.157E+06
  OPTIMIZATION STUFF
      257107  -49.669361848778365        28595.040024751106     
   161.64156185302784       -211.31092370180619     
        0   255816   0.375E+00   0.439E+05   0.493E+02   0.202E+06
  OPTIMIZATION STUFF
      255816  -119.80831744833927        73458.755799280130     
   243.11462907336139       -362.92294652170062     
        0   258281   0.193E+02   0.635E+05   0.160E+03   0.389E+06
  OPTIMIZATION STUFF
      258281  -257.44342091995105        230203.33186618704     
   404.87802717759325       -662.32144809754436     
        0   258257  -0.294E+02   0.518E+05  -0.154E+03   0.389E+06
  OPTIMIZATION STUFF
      258257  -334.86927595897612        325431.97336286068     
   461.83821992292042       -796.70749588189653     
        0   258090   0.456E+01   0.477E+05   0.893E+02   0.458E+06
  OPTIMIZATION STUFF
      258090  -420.13260911528693        474682.18338501354     
   546.05015716781463       -966.18276628310150     
        0   258347  -0.173E+02   0.835E+07  -0.162E+03   0.114E+09
  OPTIMIZATION STUFF
      258347  -3382.0522574070847        2843791621.1635919     
   53219.858546333620       -56601.910803740706     
        0   260396  -0.383E+01   0.285E+05  -0.434E+02   0.396E+06
  OPTIMIZATION STUFF
      260396  -224.23506118076494        169065.62051337244     
   344.65092173187503       -568.88598291263997     
        0   261017  -0.251E+01   0.616E+07  -0.372E+02   0.100E+09
  OPTIMIZATION STUFF
      261017  -3926.6324988335905        3702513714.1373262     
   60721.456433096449       -64648.088931930040     
        0   260094  -0.310E+00   0.248E+04  -0.326E+01   0.473E+05
  OPTIMIZATION STUFF
      260094  -62.973287002851905        8907.7978864211946     
   70.300519276016999       -133.27380627886890     
        0   258689  -0.390E+00   0.130E+04  -0.729E+01   0.300E+05
  OPTIMIZATION STUFF
      258689  -39.897034077909133        3395.7797543268330     
   42.473596811583903       -82.370630889493043     
        0   259883  -0.106E+00   0.503E+03  -0.222E+01   0.135E+05
  OPTIMIZATION STUFF
      259883  -26.987225665761947        1409.5031543603914     
   26.099670596113487       -53.086896261875438     
        0   260311   0.196E-01   0.284E+03   0.274E+00   0.844E+04
  OPTIMIZATION STUFF
      260311  -21.622925687126507        851.51680204485410     
   19.595047506292470       -41.217973193418977     
        0   260270  -0.609E-01   0.190E+03  -0.147E+01   0.581E+04
  OPTIMIZATION STUFF
      260270  -17.275972315540521        518.76585294801646     
   14.842729988135401       -32.118702303675924     
        0   260383  -0.245E-02   0.138E+03  -0.359E-01   0.416E+04
  OPTIMIZATION STUFF
      260383  -14.977528125428135        378.84655134404699     
   12.430615535686725       -27.408143661114860     
        0   260652  -0.337E-01   0.104E+03  -0.104E+01   0.305E+04
  OPTIMIZATION STUFF
      260652  -13.414519587275782        295.77793193095653     
   10.762369449779678       -24.176889037055460     
        0   260905   0.806E-02   0.102E+03   0.147E+00   0.291E+04
  OPTIMIZATION STUFF
      260905  -12.570875121923466        257.16293410555625     
   9.9567079285555984       -22.527583050479066     
        0   260322  -0.698E-02   0.866E+02  -0.167E+00   0.243E+04
  OPTIMIZATION STUFF
      260322  -11.563917936577168        212.81758576053574     
   8.8934463351753905       -20.457364271752560     
        0   261191   0.103E-01   0.852E+02   0.190E+00   0.243E+04
  OPTIMIZATION STUFF
      261191  -10.910531987530325        188.36844461289363     
   8.3263879540873678       -19.236919941617693     
        0   260300  -0.177E-01   0.853E+02  -0.530E+00   0.228E+04
  OPTIMIZATION STUFF
      260300  -10.600040064592037        176.34187751992440     
   7.9988141714236649       -18.598854236015701     
        0   260880   0.799E-02   0.764E+02   0.176E+00   0.214E+04
  OPTIMIZATION STUFF
      260880  -10.389681049961720        168.58463396184956     
   7.7871151039339273       -18.176796153895648     
        0   260894  -0.699E-03   0.822E+02   0.188E-01   0.210E+04
  OPTIMIZATION STUFF
      260894  -10.054925137988155        156.79382390438431     
   7.4627276765160202       -17.517652814504174     
        0   260367  -0.167E-01   0.758E+02  -0.585E+00   0.191E+04
  OPTIMIZATION STUFF
      260367  -9.8685114969108305        150.19795677275027     
   7.2670790286117732       -17.135590525522602     
        0   260497   0.101E-01   0.676E+02   0.257E+00   0.166E+04
  OPTIMIZATION STUFF
      260497  -9.7471917175875724        145.91312278038728     
   7.1348003756923370       -16.881992093279909     
        0   261070   0.485E-02   0.720E+02   0.203E+00   0.176E+04
  OPTIMIZATION STUFF
      261070  -9.5901284095362715        141.07052455548236     
   7.0071364796247311       -16.597264889161004     
        0   260455  -0.618E-02   0.663E+02  -0.334E+00   0.158E+04
  OPTIMIZATION STUFF
      260455  -9.5018498039497548        137.91299245047816     
   6.9012928320466269       -16.403142635996382     
        0   260687   0.604E-02   0.108E+03   0.202E+00   0.275E+04
  OPTIMIZATION STUFF
      260687  -9.8417398503645792        153.01821708710062     
   7.4938890974477612       -17.335628947812339     
        0   260262  -0.146E-01   0.753E+02  -0.391E+00   0.180E+04
  OPTIMIZATION STUFF
      260262  -9.5209495044018375        139.08687315112800     
   6.9597696575216057       -16.480719161923442     
        0   260855   0.142E-01   0.675E+02   0.323E+00   0.156E+04
  OPTIMIZATION STUFF
      260855  -9.3473518910964906        133.31889845297127     
   6.7783413219596822       -16.125693213056174     
        0   260836  -0.600E-02   0.844E+02  -0.142E+00   0.203E+04
  OPTIMIZATION STUFF
      260836  -9.4304999112220891        136.29157361534192     
   6.8816600497105407       -16.312159960932629     
        0   260786  -0.259E-02   0.654E+02  -0.166E+00   0.148E+04
  OPTIMIZATION STUFF
      260786  -9.1780231604676494        128.16786571427599     
   6.6281035432614823       -15.806126703729131     
        0   260763  -0.527E-03   0.761E+02   0.260E-01   0.172E+04
  OPTIMIZATION STUFF
      260763  -9.2882667386380859        131.42979413016243     
   6.7199624345729676       -16.008229173211053     
        0   260712  -0.140E-01   0.702E+02  -0.328E+00   0.149E+04
  OPTIMIZATION STUFF
      260712  -9.2566283105152465        130.40320452347848     
   6.6871546149648831       -15.943782925480129     
        0   260888   0.152E-01   0.686E+02   0.333E+00   0.149E+04
  OPTIMIZATION STUFF
      260888  -9.1201115231582843        126.13048959716087     
   6.5539343452857652       -15.674045868444050     
        0   260477   0.562E-03   0.717E+02   0.140E-01   0.156E+04
  OPTIMIZATION STUFF
      260477  -9.1956671511814143        128.19755651434124     
   6.6058506007193598       -15.801517751900775     
        0   263425  -0.824E-02   0.609E+02  -0.199E+00   0.134E+04
  OPTIMIZATION STUFF
      263425  -9.0135634259532775        122.77700718858306     
   6.4445854447668287       -15.458148870720105     
        0   264407   0.141E-01   0.672E+02   0.309E+00   0.141E+04
  OPTIMIZATION STUFF
      264407  -9.0276859351441363        123.21706371361060     
   6.4589434406883717       -15.486629375832507     
        0   262757  -0.114E-01   0.680E+02  -0.269E+00   0.146E+04
  OPTIMIZATION STUFF
      262757  -9.0342088571037564        123.59654939057791     
   6.4791681346300889       -15.513376991733846     
        0   260538   0.209E-01   0.662E+02   0.413E+00   0.142E+04
  OPTIMIZATION STUFF
      260538  -9.0010141441863816        122.68281601886878     
   6.4548090905173545       -15.455823234703736     
        0   260467  -0.176E-01   0.683E+02  -0.270E+00   0.147E+04
  OPTIMIZATION STUFF
      260467  -9.0671200854097744        124.53291539541884     
   6.5054015058393970       -15.572521591249171     
        0   259911   0.117E-01   0.650E+02   0.109E+00   0.134E+04
  OPTIMIZATION STUFF
      259911  -8.9755811356650526        121.75004558234818     
   6.4178648209074813       -15.393445956572535     
        0   260466  -0.638E-02   0.736E+02  -0.125E+00   0.151E+04
  OPTIMIZATION STUFF
      260466  -9.0678347924758391        124.46636911022767     
   6.4992877522534975       -15.567122544729337     
        0   260101  -0.128E-01   0.687E+02  -0.243E+00   0.136E+04
  OPTIMIZATION STUFF
      260101  -9.0541106512715022        123.79553508066721     
   6.4667314305759707       -15.520842081847473     
        0   260315   0.180E-02   0.739E+02  -0.214E-01   0.152E+04
  OPTIMIZATION STUFF
      260315  -8.8561060000923728        118.37181006929475     
   6.3199047923542828       -15.176010792446656     
        0   260168   0.243E-01   0.724E+02   0.472E+00   0.145E+04
  OPTIMIZATION STUFF
      260168  -8.9110982219151502        119.73195359880053     
   6.3501403195662682       -15.261238541481418     
        0   260091  -0.362E-02   0.656E+02  -0.233E-01   0.126E+04
  OPTIMIZATION STUFF
      260091  -8.8872250053079895        119.03281592693976     
   6.3285106962039785       -15.215735701511967     
        0   260013  -0.149E-01   0.627E+02  -0.314E+00   0.129E+04
  OPTIMIZATION STUFF
      260013  -8.8821077001344566        118.75202249512232     
   6.3134923218718271       -15.195600022006284     
        0   260139   0.244E-02   0.697E+02   0.143E-01   0.151E+04
  OPTIMIZATION STUFF
      260139  -8.9479067671545351        121.00436715454752     
   6.3983850806947844       -15.346291847849319     
        0   259796  -0.294E-02   0.703E+02  -0.134E+00   0.145E+04
  OPTIMIZATION STUFF
      259796  -8.8558248363979235        118.35246672419319     
   6.3187683286563754       -15.174593165054299     
        0   261289   0.101E-01   0.684E+02   0.203E+00   0.135E+04
  OPTIMIZATION STUFF
      261289  -8.9440053285291832        120.47183002057970     
   6.3621221855463670       -15.306127514075550     
        0   260072  -0.324E-03   0.715E+02  -0.535E-03   0.142E+04
  OPTIMIZATION STUFF
      260072  -8.8277351515564160        117.30115371105100     
   6.2747307356591984       -15.102465887215615     
        0   260393   0.102E-01   0.692E+02   0.221E+00   0.137E+04
  OPTIMIZATION STUFF
      260393  -8.8750243452760760        118.54003748720902     
   6.3066615858127335       -15.181685931088809     
        0   260229  -0.120E-01   0.700E+02  -0.229E+00   0.132E+04
  OPTIMIZATION STUFF
      260229  -8.8379375028975407        117.48571105435504     
   6.2750754377323803       -15.113012940629922     
        0   260212  -0.341E-02   0.119E+03  -0.239E-01   0.245E+04
  OPTIMIZATION STUFF
      260212  -9.1000296823627433        129.59328269400461     
   6.8397911133397669       -15.939820795702509     
        0   260354  -0.105E-01   0.828E+02  -0.305E+00   0.163E+04
  OPTIMIZATION STUFF
      260354  -9.0732150708855084        124.86485795462403     
   6.5223942101102805       -15.595609280995788     
        0   259998   0.928E-02   0.724E+02   0.236E+00   0.147E+04
  OPTIMIZATION STUFF
      259998  -8.9368795773390701        120.96642901489815     
   6.4108199502901337       -15.347699527629203     
        0   260642   0.149E-03   0.614E+02   0.201E-01   0.117E+04
  OPTIMIZATION STUFF
      260642  -8.8144192819676590        116.58377444057886     
   6.2361676663040102       -15.050586948271668     
        0   260424   0.101E-01   0.669E+02   0.134E+00   0.128E+04
  OPTIMIZATION STUFF
      260424  -8.8519418669541547        117.93452795733103     
   6.2910772639823156       -15.143019130936469     
        0   259948  -0.973E-02   0.715E+02  -0.198E+00   0.141E+04
  OPTIMIZATION STUFF
      259948  -8.8682779776564953        118.52263890828577     
   6.3147671864684440       -15.183045164124939     
        0   260657   0.119E-01   0.704E+02   0.229E+00   0.133E+04
  OPTIMIZATION STUFF
      260657  -8.7410609768590675        114.82400279762147     
   6.1982139198686168       -14.939274896727685     
        0   260142  -0.851E-02   0.708E+02  -0.182E+00   0.128E+04
  OPTIMIZATION STUFF
      260142  -8.9259043645057297        120.10790052697725     
   6.3589410913040236       -15.284845455809753     
        0   260027  -0.356E-02   0.667E+02  -0.500E-01   0.131E+04
  OPTIMIZATION STUFF
      260027  -8.7148069454426924        114.10525133388211     
   6.1771669264757545       -14.891973871918447     
        0   260299   0.144E-01   0.744E+02   0.169E+00   0.130E+04
  OPTIMIZATION STUFF
      260299  -8.8051369484092294        116.71932469879509     
   6.2601028760359601       -15.065239824445189     
        0   259375  -0.127E-01   0.727E+02  -0.993E-01   0.129E+04
  OPTIMIZATION STUFF
      259375  -8.8011550447623978        116.25551713122323     
   6.2285782494303321       -15.029733294192731     
        0   259787   0.150E-01   0.783E+02   0.208E+00   0.144E+04
  OPTIMIZATION STUFF
      259787  -8.9528073381957327        121.08745139190182     
   6.3980225192672195       -15.350829857462951     
        0   260119  -0.964E-02   0.831E+02  -0.183E+00   0.148E+04
  OPTIMIZATION STUFF
      260119  -8.9219409491513879        120.36010764807180     
   6.3842836205738411       -15.306224569725229     
        0   260401  -0.210E-02   0.691E+02  -0.948E-01   0.126E+04
  OPTIMIZATION STUFF
      260401  -8.8467154182068590        117.51789841353131     
   6.2652633402589188       -15.111978758465778     
        0   259841  -0.612E-02   0.712E+02  -0.111E+00   0.128E+04
  OPTIMIZATION STUFF
      259841  -8.7224402138424075        114.15172699783373     
   6.1701510284415688       -14.892591242283977     
        0   259837   0.809E-02   0.657E+02   0.194E+00   0.114E+04
  OPTIMIZATION STUFF
      259837  -8.7806990897137407        115.68629694372218     
   6.2117324829408478       -14.992431572654588     
        0   260409  -0.102E-01   0.707E+02  -0.235E+00   0.123E+04
  OPTIMIZATION STUFF
      260409  -8.8052681481502937        116.43863553370289     
   6.2374584866652860       -15.042726634815580     
        0   259603   0.103E-03   0.770E+02  -0.143E-01   0.141E+04
  OPTIMIZATION STUFF
      259603  -8.7812048045017530        116.00543677641318     
   6.2366560717910771       -15.017860876292829     
        0   260519   0.140E-01   0.734E+02   0.250E+00   0.133E+04
  OPTIMIZATION STUFF
      260519  -8.8017270663514360        116.23854828669799     
   6.2264073859774491       -15.028134452328885     
        0   259857  -0.588E-02   0.738E+02  -0.731E-01   0.130E+04
  OPTIMIZATION STUFF
      259857  -8.8452349599486819        117.58448726748763     
   6.2726633713909177       -15.117898331339600     
        0   259664   0.227E-01   0.769E+02   0.431E+00   0.135E+04
  OPTIMIZATION STUFF
      259664  -8.8082225505956071        117.01419313675399     
   6.2792840862580031       -15.087506636853611     
        0   259866   0.287E-02   0.799E+02   0.154E-01   0.140E+04
  OPTIMIZATION STUFF
      259866  -8.8869709943154884        119.03346448814325     
   6.3289186307250329       -15.215889625040521     
        0   260256  -0.213E-01   0.719E+02  -0.438E+00   0.125E+04
  OPTIMIZATION STUFF
      260256  -8.8129937233103295        116.78331648874389     
   6.2541552684304724       -15.067148991740801     
        0   260375  -0.451E-02   0.650E+02   0.140E-01   0.112E+04
  OPTIMIZATION STUFF
      260375  -8.8870649677802742        118.38931660623597     
   6.2776900898888401       -15.164755057669115     
        0   260756   0.529E-03   0.647E+02  -0.677E-01   0.109E+04
  OPTIMIZATION STUFF
      260756  -8.7847442163738574        115.81690957716624     
   6.2165246424390777       -15.001268858812935     
        0   260426   0.208E-01   0.740E+02   0.394E+00   0.123E+04
  OPTIMIZATION STUFF
      260426  -8.8275147855929763        117.32863360174838     
   6.2772299871747386       -15.104744772767715     
        0   259150  -0.242E-01   0.706E+02  -0.353E+00   0.119E+04
  OPTIMIZATION STUFF
      259150  -8.8124936482428069        116.62654870077419     
   6.2423156280705943       -15.054809276313401     
        0   260215   0.153E-01   0.765E+02   0.220E+00   0.133E+04
  OPTIMIZATION STUFF
      260215  -8.7819630692792128        116.04629375800302     
   6.2388635509857915       -15.020826620265005     
        0   260672  -0.225E-01   0.703E+02  -0.497E+00   0.116E+04
  OPTIMIZATION STUFF
      260672  -8.8084546249348818        116.42053141975062     
   6.2315053189589680       -15.039959943893850     
        0   260839   0.303E-01   0.722E+02   0.537E+00   0.124E+04
  OPTIMIZATION STUFF
      260839  -8.9035140865234190        119.38307461957649     
   6.3332859978573159       -15.236800084380736     
        0   260810  -0.204E-01   0.704E+02  -0.305E+00   0.119E+04
  OPTIMIZATION STUFF
      260810  -8.7681261212454036        115.39937648610471     
   6.2063951540357749       -14.974521275281178     
        0   260563   0.352E-02   0.873E+02   0.202E-02   0.150E+04
  OPTIMIZATION STUFF
      260563  -8.8594645161611307        118.32251926901249     
   6.3112920829172774       -15.170756599078409     
        0   260451   0.942E-02   0.786E+02   0.197E+00   0.135E+04
  OPTIMIZATION STUFF
      260451  -8.8889341460112785        119.20590111523883     
   6.3397753006801096       -15.228709446691388     
        0   260636  -0.187E-01   0.868E+02  -0.380E+00   0.151E+04
  OPTIMIZATION STUFF
      260636  -8.7554750894771392        115.55307139606124     
   6.2365637456540544       -14.992038835131194     
        0   260873  -0.146E-02   0.708E+02   0.103E+00   0.116E+04
  OPTIMIZATION STUFF
      260873  -8.7127043709586243        113.83133396930148     
   6.1579311877918848       -14.870635558750509     
        0   261149   0.836E-02   0.843E+02  -0.439E-02   0.146E+04
  OPTIMIZATION STUFF
      261149  -8.8489909986794828        118.29123958497406     
   6.3234957017668281       -15.172486700446310     
        0   255009   0.275E-01   0.742E+02   0.454E+00   0.123E+04
  OPTIMIZATION STUFF
      255009  -8.7424419648253924        114.93661806462624     
   6.2053466104872967       -14.947788575312689     
        0   260391  -0.104E-01   0.794E+02  -0.189E+00   0.130E+04
  OPTIMIZATION STUFF
      260391  -8.8786507508943409        118.85270329198204     
   6.3263152099484730       -15.204965960842813     
        0   261342  -0.774E-03   0.847E+02   0.655E-01   0.138E+04
  OPTIMIZATION STUFF
      261342  -8.8715000598815354        118.88901986744946     
   6.3392039370074986       -15.210703996889034     
        0   260065  -0.126E-01   0.811E+02  -0.232E+00   0.131E+04
  OPTIMIZATION STUFF
      260065  -8.8493525825454178        117.85280628032841     
   6.2882243240938180       -15.137576906639236     
        0   260445   0.331E-02   0.724E+02   0.818E-01   0.117E+04
  OPTIMIZATION STUFF
      260445  -8.7607205455122532        115.31766628310133     
   6.2102690607203819       -14.970989606232635     
        0   260492  -0.105E-01   0.829E+02  -0.274E+00   0.137E+04
  OPTIMIZATION STUFF
      260492  -8.9066160799438094        119.54986736077521     
   6.3420861997659399       -15.248702279709750     
        0   260944   0.819E-02   0.120E+03   0.178E+00   0.198E+04
  OPTIMIZATION STUFF
      260944  -9.0588074281586390        126.53104253623141     
   6.6685118666588030       -15.727319294817441     
        0   260491  -0.238E-02   0.776E+02   0.104E-01   0.124E+04
  OPTIMIZATION STUFF
      260491  -8.9362115187644378        120.28824424851751     
   6.3586451340218142       -15.294856652786251     
        0   260381  -0.762E-02   0.780E+02  -0.159E+00   0.117E+04
  OPTIMIZATION STUFF
      260381  -8.8930415177076085        119.16858862963609     
   6.3310663552015347       -15.224107872909144     
        0   260232   0.205E-01   0.786E+02   0.331E+00   0.123E+04
  OPTIMIZATION STUFF
      260232  -8.8373230846155000        117.71782802909001     
   6.2944061457147811       -15.131729230330281     
        0   260402  -0.131E-01   0.740E+02  -0.254E+00   0.113E+04
  OPTIMIZATION STUFF
      260402  -8.7938489137187812        116.09152112317174     
   6.2257322786848741       -15.019581192403656     
        0   260454  -0.113E-03   0.801E+02  -0.617E-02   0.126E+04
  OPTIMIZATION STUFF
      260454  -8.8158623201981623        116.90066357989309     
   6.2594916032536831       -15.075353923451846     
        0   260269  -0.121E-02   0.727E+02  -0.588E-01   0.111E+04
  OPTIMIZATION STUFF
      260269  -8.7885950770834320        115.86467733246009     
   6.2149234833202058       -15.003518560403638     
        0   260828  -0.583E-02   0.711E+02  -0.733E-01   0.107E+04
  OPTIMIZATION STUFF
      260828  -8.8794584550967759        118.41226983636265     
   6.2902692613729201       -15.169727716469696     
        0   260658   0.334E-03   0.802E+02  -0.173E-01   0.126E+04
  OPTIMIZATION STUFF
      260658  -8.7320544541680558        114.51983789244240     
   6.1863610387598795       -14.918415492927934     
        0   260562  -0.947E-02   0.806E+02  -0.142E+00   0.125E+04
  OPTIMIZATION STUFF
      260562  -8.8267730146639138        117.20959200489833     
   6.2687853809569241       -15.095558395620838     
        0   260715   0.220E-01   0.856E+02   0.320E+00   0.132E+04
  OPTIMIZATION STUFF
      260715  -8.8991180145840900        119.14349720926609     
   6.3205376173052725       -15.219655631889363     
        0   260342   0.155E-01   0.735E+02   0.238E+00   0.117E+04
  OPTIMIZATION STUFF
      260342  -8.6968509383698720        113.54334701260542     
   6.1569579151055196       -14.853808853475392     
        0   260967  -0.229E-01   0.802E+02  -0.354E+00   0.125E+04
  OPTIMIZATION STUFF
      260967  -8.6837465301126020        113.14465762547469     
   6.1430614376084529       -14.826807967721056     
        0   260341   0.912E-02   0.814E+02   0.103E+00   0.125E+04
  OPTIMIZATION STUFF
      260341  -8.7653999520132135        115.62945925366030     
   6.2287416815041423       -14.994141633517355     
        0   260539  -0.428E-02   0.691E+02   0.320E-01   0.997E+03
  OPTIMIZATION STUFF
      260539  -8.8247823135551418        116.74307265591646     
   6.2342834210742160       -15.059065734629357     
        0   260025   0.877E-02   0.666E+02   0.749E-01   0.101E+04
  OPTIMIZATION STUFF
      260025  -8.7866024464035668        115.59038192990170     
   6.1956435806747754       -14.982246027078343     
        0   260207  -0.306E-01   0.757E+02  -0.446E+00   0.112E+04
  OPTIMIZATION STUFF
      260207  -8.7198317868891504        114.34484452537664     
   6.1894570144508005       -14.909288801339951     
        0   259381   0.176E-01   0.875E+02   0.221E+00   0.133E+04
  OPTIMIZATION STUFF
      259381  -8.9116341568069579        119.84140326256490     
   6.3580012517926132       -15.269635408599571     
        0   260230   0.869E-02   0.724E+02   0.179E+00   0.108E+04
  OPTIMIZATION STUFF
      260230  -8.7703005684794100        115.22106108248899     
   6.1889327853046465       -14.959233353784057     
        0   260126  -0.610E-02   0.844E+02  -0.131E+00   0.123E+04
  OPTIMIZATION STUFF
      260126  -8.8787211092967819        118.75705124153347     
   6.3186519689615128       -15.197373078258295     
        0   259135  -0.605E-02   0.821E+02  -0.140E+00   0.120E+04
  OPTIMIZATION STUFF
      259135  -8.8121622564318898        116.82798526581459     
   6.2588961991817555       -15.071058455613645     
        0   260222   0.454E-02   0.673E+02   0.784E-01   0.971E+03
  OPTIMIZATION STUFF
      260222  -8.6605567965743582        112.49487531725939     
   6.1228776968488505       -14.783434493423208     
        0   260351   0.274E-02   0.806E+02   0.659E-01   0.113E+04
  OPTIMIZATION STUFF
      260351  -8.7329662523478060        114.51254743575551     
   6.1844844466705409       -14.917450699018346     
        0   256621  -0.519E-02   0.822E+02  -0.108E+00   0.123E+04
  OPTIMIZATION STUFF
      256621  -8.9624366177876933        121.18622956943038     
   6.3922577733981178       -15.354694391185811     
        0   260504   0.119E-02   0.767E+02   0.939E-02   0.108E+04
  OPTIMIZATION STUFF
      260504  -8.8003952567968255        116.27700017563316     
   6.2313757309105586       -15.031770987707384     
