   27420182.796169773     
   37795292.263350226     
   50514240.864583999     
   96862697.820610553     
   49451649.516587570     
   73684357.666575521     
   27423900.533926815     
   15136799.396008903     
   4772811.8831792995     
   3845316.7126595681     
   1857681.1391972501     
   1254185.1818706698     
   1330757.2025158149     
   931366.65921767708     
   921371.83343942091     
   641193.89066097175     
   681713.28036027076     
   636431.46842396248     
   688751.03542913543     
   546277.23956400738     
   594176.27534612617     
   598924.74092450656     
   442362.09574715205     
   512091.87514264876     
   566262.21120966272     
   477733.77839438070     
   532103.82763133082     
   426586.58523861092     
   514530.82002410846     
   475884.27534972347     
   431871.58180893335     
   438493.72039509838     
   349339.72017098882     
   440070.95740806748     
   443853.32988740312     
   389363.93079819396     
   474828.46686103789     
   401041.31744644168     
   514019.73749449983     
   439081.88713045360     
   470547.01458530687     
   436440.35028643266     
   369842.85438472452     
   364751.80277087743     
   493807.52160077693     
   486736.73497356760     
   401205.44893279136     
   405567.18048371020     
   369980.32562366914     
   425650.92523788282     
   425437.55853327672     
   485555.90446780453     
   422750.77454215084     
   415648.27776619565     
   333517.89388611779     
   397355.80735726038     
   402615.76318477036     
   440172.84154071216     
   386066.27360695828     
   448883.36006298690     
   399431.44634719961     
   385517.45163458202     
   433358.00429284235     
   404284.27120420651     
   462186.74622279819     
   412093.71332426253     
   386875.04352141131     
   356330.06498568848     
   408816.49826844194     
   345097.68521916156     
   341384.94292071986     
   410187.47421500838     
   389671.19244163233     
   507529.45978474087     
   512264.40186697250     
   392808.76456317562     
   395299.05347474740     
   377795.11509439285     
   485730.53068282845     
   388006.76264190569     
   449131.01637969783     
   313825.39338091650     
   461687.65940860845     
   376892.32738075481     
   378344.21068861504     
   432000.07557328476     
   328022.37067715090     
   354435.75344689086     
   355497.70561512193     
   478185.68496070430     
   426261.83193383575     
   443160.54030931299     
   379654.67848036892     
   401836.68752036756     
   327647.61427581630     
   376306.00577890122     
   378408.92392453214     
   335083.08283730299     
   426607.66981824086     
   357179.81044274138     
   355531.69667035103     
   339905.50760027260     
   319252.64184690418     
   314849.70645291399     
   275450.14098068973     
   364656.98597349698     
   430704.93281445146     
   332364.29235143797     
   361597.70723733708     
   368825.20979972038     
   390576.29924231477     
   266440.97588461312     
   328383.15850438713     
   377112.80168737122     
   341387.19562517584     
   303599.73180456291     
   325222.27289189736     
   343087.89106764173     
   314138.36508427886     
   316905.12596935814     
