tried moves    experiment_1   _      experiment_2    _                                                                                                                                                                                                                                                                                                                                                                                                                                                                          
        0    55147   0.165E+02   0.583E+11   0.434E+02   0.628E+11
  OPTIMIZATION STUFF
       55147   4436252.3291292973        331304568721204.50     
   17652881.747564599       -13216629.418435302     
        0    62996   0.102E+03   0.116E+06   0.174E+03   0.202E+06
  OPTIMIZATION STUFF
       62996   23.961383994868189        25575.490836500045     
   158.11812961691180       -134.15674562204362     
        0    63342   0.166E+03   0.173E+06   0.261E+03   0.287E+06
  OPTIMIZATION STUFF
       63342   12.093759667511318        140617.88141824340     
   374.79544073447300       -362.70168106696167     
        0    63286   0.226E+03   0.320E+06   0.884E+02   0.320E+06
  OPTIMIZATION STUFF
       63286  -24.442312152800742        528006.94387906347     
   726.22965875519606       -750.67197090799675     
        0    62989  -0.359E+03   0.188E+06  -0.324E+03   0.301E+06
  OPTIMIZATION STUFF
       62989  -65.801245524645026        702092.83219530853     
   835.32211049553450       -901.12335602017947     
        0    63169   0.163E+03   0.167E+06  -0.191E+03   0.333E+06
  OPTIMIZATION STUFF
       63169  -73.915965558360426        692408.38421938021     
   828.82134037134654       -902.73730592970696     
        0    63184  -0.186E+03   0.229E+06   0.195E+03   0.441E+06
  OPTIMIZATION STUFF
       63184  -96.698115068457085        907817.48836427589     
   947.87497219120803       -1044.5730872596650     
        0    63314   0.365E+02   0.652E+05  -0.529E+02   0.202E+06
  OPTIMIZATION STUFF
       63314  -53.052622909840039        186293.55448306934     
   428.34445681653875       -481.39707972637882     
        0    63371  -0.213E+02   0.479E+05   0.825E+02   0.166E+06
  OPTIMIZATION STUFF
       63371  -44.226360016279479        120905.06454733764     
   344.88997321906601       -389.11633323534551     
        0    63217   0.985E+00   0.523E+05   0.155E+03   0.169E+06
  OPTIMIZATION STUFF
       63217  -38.845699196126397        76616.876403216156     
   274.05818370773062       -312.90388290385704     
        0    62829  -0.274E+02   0.456E+05   0.130E+03   0.162E+06
  OPTIMIZATION STUFF
       62829  -36.482864562890384        43561.530991344363     
   205.50068511961257       -241.98354968250294     
        0    63205  -0.231E+00   0.492E+05   0.282E+03   0.301E+06
  OPTIMIZATION STUFF
       63205  -43.741707183279587        40152.927107183961     
   195.54945706873283       -239.29116425201244     
        0    63258   0.461E+01   0.699E+05   0.156E+03   0.518E+06
  OPTIMIZATION STUFF
       63258  -55.148451195556952        46936.825119215478     
   209.51246609676178       -264.66091729231874     
        0    63203   0.406E+02   0.103E+06   0.680E+03   0.103E+07
  OPTIMIZATION STUFF
       63203  -92.112012414161669        81403.856378293727     
   270.03561533121342       -362.14762774537508     
        0    63462   0.971E+02   0.827E+05   0.110E+04   0.768E+06
  OPTIMIZATION STUFF
       63462  -100.21480783655866        93724.609032274093     
   289.27772351592461       -389.49253135248330     
        0    63644   0.481E+02   0.120E+06   0.252E+03   0.106E+07
  OPTIMIZATION STUFF
       63644  -140.23440251070787        178754.85390937401     
   398.85983285088861       -539.09423536159647     
        0    63577  -0.651E+02   0.928E+05  -0.532E+03   0.834E+06
  OPTIMIZATION STUFF
       63577  -157.36576637057891        186363.54721486595     
   401.99448104354161       -559.36024741412052     
        0    63899  -0.569E+02   0.109E+06  -0.544E+03   0.116E+07
  OPTIMIZATION STUFF
       63899  -168.08931789523967        213670.58355019949     
   430.60023776086393       -598.68955565610361     
        0    63357   0.189E+03   0.276E+06   0.182E+04   0.271E+07
  OPTIMIZATION STUFF
       63357  -214.50334297270874        365415.92498716293     
   565.15859795343761       -779.66194092614637     
        0    63329  -0.104E+03   0.141E+06  -0.118E+04   0.112E+07
  OPTIMIZATION STUFF
       63329  -231.14816290664245        352862.27808769036     
   547.20453659721670       -778.35269950385918     
        0    63288   0.951E+02   0.146E+06   0.980E+03   0.181E+07
  OPTIMIZATION STUFF
       63288  -255.40349594668422        444164.16979292332     
   615.57552262182696       -870.97901856851115     
        0    63407  -0.719E+02   0.148E+06  -0.716E+03   0.150E+07
  OPTIMIZATION STUFF
       63407  -272.01644388598436        484223.72401742428     
   640.49260594720954       -912.50904983319390     
        0    63500  -0.923E+02   0.193E+06  -0.628E+03   0.186E+07
  OPTIMIZATION STUFF
       63500  -309.36554132764786        605045.84473449446     
   713.67976472192754       -1023.0453060495754     
        0    63237   0.185E+03   0.195E+06   0.126E+04   0.152E+07
  OPTIMIZATION STUFF
       63237  -330.81719429005130        707783.84658578131     
   773.52687771520891       -1104.3440720052602     
        0    63206   0.694E+02   0.330E+06   0.119E+04   0.286E+07
  OPTIMIZATION STUFF
       63206  -362.72749531538113        856320.23278413585     
   851.32191145674506       -1214.0494067721261     
        0    63553   0.687E+02   0.238E+06  -0.335E+03   0.205E+07
  OPTIMIZATION STUFF
       63553  -352.33527534547886        762228.27266662836     
   798.80418527562438       -1151.1394606211034     
        0    63417  -0.186E+02   0.216E+06  -0.118E+03   0.174E+07
  OPTIMIZATION STUFF
       63417  -376.97536268827389        833068.51209356333     
   831.23888745631223       -1208.2142501445860     
        0    63486  -0.222E+03   0.303E+06  -0.139E+04   0.267E+07
  OPTIMIZATION STUFF
       63486  -461.93393472891961        1296066.2090251648     
   1040.5206624430978       -1502.4545971720174     
        0    63490   0.634E+02   0.294E+06   0.797E+03   0.239E+07
  OPTIMIZATION STUFF
       63490  -455.57406512607469        1245706.1738521741     
   1018.9006060635537       -1474.4746711896285     
        0    63369   0.135E+03   0.234E+06   0.422E+03   0.161E+07
  OPTIMIZATION STUFF
       63369  -439.49854582494089        1071908.1193937052     
   937.41620831489126       -1376.9147541398322     
        0    63802   0.126E+03   0.365E+06   0.151E+04   0.341E+07
  OPTIMIZATION STUFF
       63802  -483.96493331422590        1388569.8179071380     
   1074.4057712192796       -1558.3707045335054     
        0    63576   0.400E+02   0.243E+06  -0.307E+03   0.228E+07
  OPTIMIZATION STUFF
       63576  -467.69016639229085        1228770.5888987514     
   1005.0057199631765       -1472.6958863554673     
        0    63833  -0.304E+03   0.342E+06  -0.161E+04   0.337E+07
  OPTIMIZATION STUFF
       63833  -507.57964307470940        1465367.8193832962     
   1098.9680274327579       -1606.5476705074673     
        0    63181   0.172E+03   0.303E+06   0.183E+04   0.287E+07
  OPTIMIZATION STUFF
       63181  -497.15565381923125        1399601.2372793513     
   1073.5164149443287       -1570.6720687635600     
        0    63490  -0.415E+02   0.364E+06  -0.159E+04   0.273E+07
  OPTIMIZATION STUFF
       63490  -594.53303120260443        1965829.9035959030     
   1269.7875327805616       -1864.3205639831660     
        0    63298   0.749E+02   0.290E+06   0.224E+04   0.263E+07
  OPTIMIZATION STUFF
       63298  -548.52490482237249        1538961.4153062012     
   1112.6912618043734       -1661.2161666267459     
        0    63361   0.422E+03   0.259E+06   0.236E+04   0.231E+07
  OPTIMIZATION STUFF
       63361  -529.00128164260468        1506936.2839829880     
   1107.7427174228994       -1636.7439990655041     
        0    63490  -0.553E+03   0.261E+06  -0.457E+04   0.242E+07
  OPTIMIZATION STUFF
       63490  -543.32105903972763        1600951.9452107130     
   1142.6960103258705       -1686.0170693655982     
        0    63561  -0.309E+02   0.196E+06  -0.303E+03   0.188E+07
  OPTIMIZATION STUFF
       63561  -550.81143031452314        1553367.6620435745     
   1118.0225535643026       -1668.8339838788256     
        0    63444   0.142E+03   0.333E+06   0.124E+03   0.309E+07
  OPTIMIZATION STUFF
       63444  -592.31326278182530        1892261.2908884804     
   1241.5419000666989       -1833.8551628485243     
        0    63733  -0.443E+02   0.181E+06   0.170E+04   0.182E+07
  OPTIMIZATION STUFF
       63733  -542.87546671098505        1530823.4423610596     
   1111.8046905839126       -1654.6801572948975     
        0    63478  -0.166E+03   0.378E+06  -0.199E+04   0.299E+07
  OPTIMIZATION STUFF
       63478  -601.96479988855856        1910699.4773911943     
   1244.3222480878183       -1846.2870479763769     
        0    63646   0.108E+03   0.199E+06   0.874E+03   0.235E+07
  OPTIMIZATION STUFF
       63646  -594.42059909759666        1888079.1105772334     
   1238.8475539571798       -1833.2681530547766     
        0    63835   0.774E+02   0.298E+06   0.947E+03   0.271E+07
  OPTIMIZATION STUFF
       63835  -601.01317517345706        1846183.2072227302     
   1218.5919622624506       -1819.6051374359076     
        0    63513  -0.126E+03   0.311E+06  -0.178E+04   0.290E+07
  OPTIMIZATION STUFF
       63513  -611.19803071030390        1975486.5251003329     
   1265.6711628050073       -1876.8691935153111     
        0    63028   0.715E+02   0.215E+06   0.555E+03   0.232E+07
  OPTIMIZATION STUFF
       63028  -575.16527798382867        1682030.4647157935     
   1162.4178971942829       -1737.5831751781116     
        0    63545  -0.961E+02   0.195E+06  -0.903E+03   0.195E+07
  OPTIMIZATION STUFF
       63545  -540.47638546131168        1386885.6194154874     
   1046.3130010537780       -1586.7893865150895     
        0    63552  -0.226E+03   0.169E+06  -0.204E+04   0.178E+07
  OPTIMIZATION STUFF
       63552  -503.87754447889949        1244264.3951109226     
   995.17426377536378       -1499.0518082542633     
        0    63435   0.193E+03   0.358E+06   0.195E+04   0.420E+07
  OPTIMIZATION STUFF
       63435  -629.70075303729573        2173827.4131329833     
   1333.1557953807371       -1962.8565484180328     
        0    63658  -0.124E+03   0.222E+06  -0.125E+04   0.235E+07
  OPTIMIZATION STUFF
       63658  -492.66881042868317        1288925.1052235069     
   1022.8404315699947       -1515.5092419986779     
        0    63781   0.393E+03   0.237E+06   0.414E+04   0.246E+07
  OPTIMIZATION STUFF
       63781  -479.54901152586297        1187779.0735967015     
   978.67860870730658       -1458.2276202331695     
        0    63501  -0.424E+03   0.545E+08  -0.426E+04   0.587E+09
  OPTIMIZATION STUFF
       63501  -7931.7011105661259        6153263102.1383219     
   78040.702326612663       -85972.403437178786     
        0    63427   0.165E+03   0.342E+06   0.186E+04   0.347E+07
  OPTIMIZATION STUFF
       63427  -485.36139049490293        1299098.5440845904     
   1031.2724493078658       -1516.6338398027688     
        0    63330  -0.297E+01   0.280E+06   0.606E+02   0.318E+07
  OPTIMIZATION STUFF
       63330  -389.76142672451533        1046228.9835032052     
   945.68230063847318       -1335.4437273629885     
        0    63516  -0.230E+03   0.170E+06  -0.262E+04   0.175E+07
  OPTIMIZATION STUFF
       63516  -325.19552443513612        576982.20814182481     
   686.46200115460260       -1011.6575255897387     
        0    63294   0.599E+00   0.156E+06  -0.881E+02   0.161E+07
  OPTIMIZATION STUFF
       63294  -269.25652239021201        397874.92581522197     
   570.41726040290121       -839.67378279311322     
        0    63391  -0.403E+02   0.216E+06  -0.183E+03   0.228E+07
  OPTIMIZATION STUFF
       63391  -335.29365576940268        590492.24437171652     
   691.42635817020005       -1026.7200139396027     
        0    63493  -0.833E+01   0.150E+06  -0.176E+03   0.155E+07
  OPTIMIZATION STUFF
       63493  -243.58095774810261        354019.70845361170     
   542.85175276140421       -786.43271050950682     
        0    63899   0.102E+03   0.797E+05   0.104E+04   0.863E+06
  OPTIMIZATION STUFF
       63899  -166.02340031331022        129478.73531890012     
   319.24123459745368       -485.26463491076390     
        0    63429   0.795E+02   0.713E+05   0.842E+03   0.698E+06
  OPTIMIZATION STUFF
       63429  -174.89011438945298        148749.14049199378     
   343.74785581998594       -518.63797020943889     
        0    64035  -0.160E+03   0.984E+05  -0.175E+04   0.106E+07
  OPTIMIZATION STUFF
       64035  -186.13149512196460        205624.26152233736     
   413.49646678780636       -599.62796190977099     
        0    63416   0.491E+02   0.774E+05   0.688E+03   0.813E+06
  OPTIMIZATION STUFF
       63416  -174.75743141354118        139275.69225976057     
   329.75071254737571       -504.50814396091687     
        0    63528  -0.763E+01   0.400E+05  -0.410E+03   0.438E+06
  OPTIMIZATION STUFF
       63528  -135.37245491109957        84328.463005791142     
   256.91002599574324       -392.28248090684281     
        0    63691  -0.448E+02   0.425E+08  -0.351E+03   0.450E+09
  OPTIMIZATION STUFF
       63691  -8488.4272291101624        8871906205.6353741     
   93807.530661517128       -102295.95789062729     
        0    63595  -0.244E+02   0.439E+05  -0.171E+03   0.445E+06
  OPTIMIZATION STUFF
       63595  -111.85433194894050        62722.609225244902     
   224.07859703573016       -335.93292898467064     
        0    63348   0.225E+02   0.367E+05   0.255E+03   0.420E+06
  OPTIMIZATION STUFF
       63348  -109.68952507679667        51706.426778364825     
   199.18492630415489       -308.87445138095154     
        0    63639  -0.211E+02   0.538E+05  -0.261E+03   0.524E+06
  OPTIMIZATION STUFF
       63639  -130.23051084914903        77716.701423418184     
   246.48877351187389       -376.71928436102291     
        0    63623   0.614E+00   0.314E+05   0.277E+02   0.333E+06
  OPTIMIZATION STUFF
       63623  -96.443738361126847        43028.637609433783     
   183.64978339318642       -280.09352175431326     
        0    64167  -0.434E+01   0.376E+05  -0.989E+02   0.381E+06
  OPTIMIZATION STUFF
       64167  -99.909461742224451        42270.173179771329     
   179.68937818955888       -279.59883993178335     
        0    64052   0.135E+02   0.259E+05   0.205E+03   0.283E+06
  OPTIMIZATION STUFF
       64052  -101.75085300682954        41859.314422689698     
   177.49951643616458       -279.25036944299416     
        0    63819   0.263E+02   0.296E+05   0.267E+03   0.297E+06
  OPTIMIZATION STUFF
       63819  -94.983369741531661        36485.766482926549     
   165.72243648785170       -260.70580622938337     
        0    63685  -0.357E+02   0.337E+05  -0.387E+03   0.372E+06
  OPTIMIZATION STUFF
       63685  -103.65983779798178        45290.995138612023     
   185.86455597102997       -289.52439376901174     
        0    63617   0.792E+00   0.294E+05   0.618E+02   0.309E+06
  OPTIMIZATION STUFF
       63617  -86.603836147023401        31607.875757169197     
   155.26638825511694       -241.87022440214034     
        0    63724  -0.117E+02   0.190E+05  -0.202E+03   0.220E+06
  OPTIMIZATION STUFF
       63724  -82.597882238366651        27295.806590360266     
   143.08527681105832       -225.68315904942497     
        0    63743  -0.423E+01   0.188E+05  -0.262E+02   0.213E+06
  OPTIMIZATION STUFF
       63743  -85.225921927319874        29323.415964403404     
   148.52595125445850       -233.75187318177836     
        0    63067   0.530E+01   0.193E+05   0.606E+02   0.213E+06
  OPTIMIZATION STUFF
       63067  -82.022729709542162        26140.196690553996     
   139.32863489444438       -221.35136460398655     
        0    63649  -0.745E+01   0.145E+05  -0.102E+03   0.155E+06
  OPTIMIZATION STUFF
       63649  -76.450668323873913        22039.600811385302     
   127.25916911648577       -203.70983744035968     
        0    63345   0.967E+01   0.191E+05   0.612E+02   0.191E+06
  OPTIMIZATION STUFF
       63345  -72.557609978800016        22115.980114599079     
   129.81283969147051       -202.37044967027055     
        0    63726  -0.796E+01   0.188E+05  -0.519E+01   0.177E+06
  OPTIMIZATION STUFF
       63726  -70.388145934222550        18934.951978153811     
   118.23899902357259       -188.62714495779514     
        0    63673   0.458E+01   0.170E+05  -0.131E+02   0.180E+06
  OPTIMIZATION STUFF
       63673  -73.955798974491188        20874.415363117892     
   124.11669976744685       -198.07249874193803     
        0    63577   0.411E+01   0.131E+05   0.261E+02   0.125E+06
  OPTIMIZATION STUFF
       63577  -69.624190759541719        18411.078767618514     
   116.46265851635647       -186.08684927589820     
        0    63841  -0.143E+02   0.166E+05  -0.967E+02   0.167E+06
  OPTIMIZATION STUFF
       63841  -72.241503114920675        19614.447246324209     
   119.98171724900888       -192.22322036392956     
        0    63259   0.464E+01   0.123E+05   0.356E+02   0.130E+06
  OPTIMIZATION STUFF
       63259  -62.635149543588803        14567.610506066490     
   103.17193682256216       -165.80708636615097     
        0    63809  -0.259E+01   0.122E+05  -0.209E+02   0.101E+06
  OPTIMIZATION STUFF
       63809  -58.617601326367101        12930.777160541957     
   97.441028192876956       -156.05862951924405     
        0    63779   0.581E+01   0.116E+05   0.408E+02   0.111E+06
  OPTIMIZATION STUFF
       63779  -63.303737686925636        15035.415712034190     
   105.01453474114477       -168.31827242807040     
        0    63526  -0.485E+01   0.163E+05  -0.551E+01   0.175E+06
  OPTIMIZATION STUFF
       63526  -66.954497833656362        17613.299140679384     
   114.58793287481143       -181.54243070846780     
        0    63363   0.311E+01   0.123E+05  -0.415E+01   0.120E+06
  OPTIMIZATION STUFF
       63363  -64.178155432702653        14502.122081649757     
   101.89841238658046       -166.07656781928313     
        0    63678  -0.285E+01   0.714E+04  -0.183E+02   0.849E+05
  OPTIMIZATION STUFF
       63678  -56.915581501603100        11378.558775684163     
   90.217378359263677       -147.13295986086678     
        0    63715   0.110E+02   0.102E+05   0.118E+03   0.931E+05
  OPTIMIZATION STUFF
       63715  -60.131214350811504        13328.243434001524     
   98.551917762660935       -158.68313211347242     
        0    63615  -0.127E+02   0.109E+05  -0.158E+03   0.125E+06
  OPTIMIZATION STUFF
       63615  -56.587384912327828        12393.312634709599     
   95.870644638980352       -152.45802955130819     
        0    63445   0.429E+01   0.981E+04   0.437E+02   0.902E+05
  OPTIMIZATION STUFF
       63445  -54.658148850014811        10827.472835877756     
   88.543546349620428       -143.20169519963525     
        0    63472  -0.692E+01   0.856E+04  -0.391E+02   0.803E+05
  OPTIMIZATION STUFF
       63472  -51.731594430159618        9686.6940052391474     
   83.728944475328390       -135.46053890548802     
        0    63732   0.201E+01   0.107E+05  -0.287E+01   0.830E+05
  OPTIMIZATION STUFF
       63732  -48.952130295899458        8649.7181295013033     
   79.078486764698440       -128.03061706059790     
        0    63517   0.618E+01   0.663E+04   0.582E+02   0.607E+05
  OPTIMIZATION STUFF
       63517  -49.904292427472917        8569.2458024103598     
   77.966706995509497       -127.87099942298241     
        0    63643   0.513E+00   0.108E+05   0.189E+02   0.101E+06
  OPTIMIZATION STUFF
       63643  -50.917039273977529        8859.8572208024689     
   79.166358589837259       -130.08339786381478     
        0    63462  -0.537E+01   0.104E+05  -0.810E+02   0.983E+05
  OPTIMIZATION STUFF
       63462  -52.256697709346447        9403.1083695262532     
   81.684428834633096       -133.94112654397955     
        0    63311  -0.357E+01   0.557E+04  -0.789E+01   0.563E+05
  OPTIMIZATION STUFF
       63311  -44.584155627312782        6681.4272371225452     
   68.510439380594391       -113.09459500790717     
        0    63765  -0.328E+01   0.668E+05  -0.413E+02   0.819E+06
  OPTIMIZATION STUFF
       63765  -89.920885279387321        126996.37035760976     
   344.83416992546000       -434.75505520484734     
        0    63615   0.841E+01   0.656E+04   0.679E+02   0.598E+05
  OPTIMIZATION STUFF
       63615  -47.442957702760907        7400.2317645465355     
   71.759302734632087       -119.20226043739299     
        0    63454  -0.254E+01   0.543E+04  -0.276E+02   0.575E+05
  OPTIMIZATION STUFF
       63454  -44.752675564412463        6801.8215666831038     
   69.274956488687479       -114.02763205309995     
        0    63830   0.444E+00   0.519E+04   0.103E+00   0.611E+05
  OPTIMIZATION STUFF
       63830  -45.621957062672308        6958.1689127943100     
   69.834131673315696       -115.45608873598800     
        0    63629  -0.240E+01   0.682E+04  -0.187E+02   0.577E+05
  OPTIMIZATION STUFF
       63629  -44.785404590378235        6645.0037123076117     
   68.112196029666663       -112.89760062004490     
        0    63769  -0.221E+01   0.600E+04   0.115E+02   0.532E+05
  OPTIMIZATION STUFF
       63769  -44.135833657560745        6510.1038540457657     
   67.543556623840104       -111.67939028140086     
        0    63549  -0.882E+00   0.527E+04  -0.300E+02   0.413E+05
  OPTIMIZATION STUFF
       63549  -42.412750216734317        5807.1817957152152     
   63.311455636149439       -105.72420585288376     
        0    63690  -0.718E-01   0.506E+04   0.527E+01   0.541E+05
  OPTIMIZATION STUFF
       63690  -44.343750648307712        6379.7107851144583     
   66.432993034750197       -110.77674368305790     
        0    63914   0.104E+01   0.864E+04   0.228E+01   0.746E+05
  OPTIMIZATION STUFF
       63914  -44.489051796812952        6544.9875321063673     
   67.570051075360752       -112.05910287217370     
        0    63734  -0.244E+01   0.678E+04  -0.182E+02   0.636E+05
  OPTIMIZATION STUFF
       63734  -43.627835116661615        6334.5522359852948     
   66.566990611103051       -110.19482572776467     
        0    63590   0.219E+01   0.454E+04   0.273E+02   0.369E+05
  OPTIMIZATION STUFF
       63590  -38.941018534082517        4954.5846175712713     
   58.636010207887722       -97.577028741970238     
        0    63517  -0.180E+01   0.541E+04  -0.304E+02   0.442E+05
  OPTIMIZATION STUFF
       63517  -41.491854707137747        5567.4598654144938     
   62.015206670430963       -103.50706137756870     
        0    63792   0.533E+00   0.726E+04   0.183E+02   0.710E+05
  OPTIMIZATION STUFF
       63792  -39.595927356923369        5350.1996682101253     
   61.500912228643998       -101.09683958556737     
        0    64009   0.512E+01   0.434E+04   0.457E+02   0.461E+05
  OPTIMIZATION STUFF
       64009  -37.758126910752381        4646.7584454512644     
   56.754579530138194       -94.512706440890582     
        0    63655  -0.340E+01   0.483E+04  -0.654E+02   0.337E+05
  OPTIMIZATION STUFF
       63655  -38.194994250668380        4728.7129719481045     
   57.182649345229834       -95.377643595898206     
        0    63440   0.925E+01   0.595E+04   0.116E+03   0.574E+05
  OPTIMIZATION STUFF
       63440  -39.154581996377644        4958.7035455012538     
   58.528815588479091       -97.683397584856735     
        0    63707  -0.851E+01   0.466E+04  -0.115E+03   0.430E+05
  OPTIMIZATION STUFF
       63707  -37.303951438468147        4577.7096406015980     
   56.445769085716321       -93.749720524184468     
        0    63578  -0.185E+01   0.298E+04  -0.129E+01   0.276E+05
  OPTIMIZATION STUFF
       63578  -34.736244925488258        3804.0921151030243     
   50.965531524546229       -85.701776450034487     
        0    63720   0.865E+00   0.489E+04   0.224E+02   0.435E+05
  OPTIMIZATION STUFF
       63720  -37.686159464101998        4567.5234784935783     
   56.100595926780080       -93.786755390882078     
        0    63446  -0.104E+01   0.422E+04  -0.144E+02   0.396E+05
  OPTIMIZATION STUFF
       63446  -33.502792737920956        3590.6350173438268     
   49.680961102858483       -83.183753840779445     
        0    63716   0.142E+01   0.799E+08   0.150E+02   0.583E+09
  OPTIMIZATION STUFF
       63716  -17527.365942834163        26710515299.418690     
   162490.94357078694       -180018.30951362109     
        0    63638  -0.206E+01   0.478E+04  -0.291E+02   0.475E+05
  OPTIMIZATION STUFF
       63638  -37.291950124683439        4417.2992845246590     
   55.014632057506141       -92.306582182189572     
        0    63542   0.149E+01   0.477E+04   0.358E+02   0.445E+05
  OPTIMIZATION STUFF
       63542  -35.377674583904351        4140.3437541525418     
   53.747222209039883       -89.124896792944241     
        0    63450  -0.256E+01   0.369E+04  -0.465E+02   0.303E+05
  OPTIMIZATION STUFF
       63450  -32.763193826242187        3339.5370511427750     
   47.603678234427022       -80.366872060669209     
        0    63760   0.741E+01   0.428E+04   0.731E+02   0.397E+05
  OPTIMIZATION STUFF
       63760  -33.994756671561838        3626.5269327776887     
   49.707981769721762       -83.702738441283600     
        0    63612  -0.467E+01   0.367E+04  -0.280E+02   0.309E+05
  OPTIMIZATION STUFF
       63612  -32.811320525224772        3339.4087642078744     
   47.569170789481269       -80.380491314706035     
        0    63288   0.495E+01   0.442E+04   0.250E+01   0.397E+05
  OPTIMIZATION STUFF
       63288  -34.966662253098903        3833.7577425643617     
   51.098828493832130       -86.065490746931033     
        0    63644  -0.728E+01   0.371E+04  -0.255E+02   0.342E+05
  OPTIMIZATION STUFF
       63644  -34.516964246033623        3782.9354089098761     
   50.906920827603713       -85.423885073637337     
        0    63769   0.169E+01   0.442E+04   0.120E+02   0.437E+05
  OPTIMIZATION STUFF
       63769  -33.736428130314039        3544.0620176187626     
   49.050131851269455       -82.786559981583494     
        0    63204  -0.361E+01   0.380E+04  -0.389E+02   0.325E+05
  OPTIMIZATION STUFF
       63204  -32.825391319570905        3285.6638825602136     
   46.991037095144563       -79.816428414715460     
        0    63674   0.141E+01   0.368E+04   0.586E+01   0.306E+05
  OPTIMIZATION STUFF
       63674  -29.804444289283754        2650.1984271146134     
   41.974915458182814       -71.779359747466572     
        0    63532   0.450E+00   0.331E+04   0.168E+02   0.283E+05
  OPTIMIZATION STUFF
       63532  -32.843449935154176        3278.1428428815284     
   46.898301027207253       -79.741750962361436     
        0    63777  -0.325E+00   0.402E+04  -0.146E+02   0.378E+05
  OPTIMIZATION STUFF
       63777  -31.929992796579960        3140.0054208397505     
   46.048680554931238       -77.978673351511191     
        0    64045   0.316E+01   0.429E+04   0.305E+02   0.351E+05
  OPTIMIZATION STUFF
       64045  -30.511097744411632        2763.6156689247350     
   42.809912209156586       -73.321009953568222     
        0    64087  -0.284E+01   0.352E+04  -0.265E+02   0.278E+05
  OPTIMIZATION STUFF
       64087  -31.820539281573311        3071.7444942368056     
   45.378384436498564       -77.198923718071882     
        0    64045  -0.120E+01   0.266E+04  -0.558E+01   0.191E+05
  OPTIMIZATION STUFF
       64045  -29.991212241715250        2645.1792465073618     
   41.781651891467277       -71.772864133182523     
        0    64193   0.128E+01   0.392E+04   0.128E+02   0.370E+05
  OPTIMIZATION STUFF
       64193  -31.819231371259779        3077.7654723750716     
   45.445593706291362       -77.264825077551137     
        0    63759  -0.308E+01   0.333E+04  -0.356E+02   0.284E+05
  OPTIMIZATION STUFF
       63759  -29.852030814311469        2715.0153129378168     
   42.706809400834608       -72.558840215146077     
        0    63858   0.246E+01   0.351E+04   0.325E+02   0.248E+05
  OPTIMIZATION STUFF
       63858  -30.239027163132764        2770.6401571676029     
   43.084119967743590       -73.323147130876350     
        0    63739   0.612E+00   0.348E+04   0.144E+02   0.327E+05
  OPTIMIZATION STUFF
       63739  -30.021560267514683        2727.2752176757531     
   42.731500521041113       -72.753060788555800     
        0    63591  -0.189E+01   0.389E+04  -0.331E+02   0.349E+05
  OPTIMIZATION STUFF
       63591  -29.505963877847471        2622.1928525178582     
   41.852012474396240       -71.357976352243710     
        0    63933   0.206E+01   0.388E+04   0.247E+02   0.251E+05
  OPTIMIZATION STUFF
       63933  -30.578757354004782        2843.3891317674320     
   43.684422056979656       -74.263179410984435     
        0    63593   0.522E+00   0.460E+04  -0.160E+01   0.375E+05
  OPTIMIZATION STUFF
       63593  -30.501407691828710        2858.0897125531201     
   43.906193656134356       -74.407601347963066     
        0    63693  -0.196E+00   0.313E+04   0.427E+01   0.225E+05
  OPTIMIZATION STUFF
       63693  -29.154769967335611        2555.3704603145688     
   41.296123891550820       -70.450893858886431     
        0    63463  -0.279E+00   0.268E+04  -0.752E+01   0.195E+05
  OPTIMIZATION STUFF
       63463  -29.545826385253626        2633.5137243057611     
   41.959002222624548       -71.504828607878181     
        0    63634  -0.363E+01   0.329E+04  -0.314E+02   0.300E+05
  OPTIMIZATION STUFF
       63634  -29.165163784294059        2548.3987677134583     
   41.204271491542727       -70.369435275836793     
        0    63433   0.296E+01   0.310E+04   0.172E+02   0.300E+05
  OPTIMIZATION STUFF
       63433  -28.856941950449041        2495.0787138906926     
   40.771995476786600       -69.628937427235641     
        0    63387   0.127E+01   0.293E+04   0.194E+02   0.210E+05
  OPTIMIZATION STUFF
       63387  -28.592104378795504        2443.3054299336322     
   40.321173062371280       -68.913277441166784     
        0    63558  -0.341E+01   0.275E+04  -0.270E+02   0.182E+05
  OPTIMIZATION STUFF
       63558  -28.529901896525487        2459.1673669447564     
   40.561213797412272       -69.091115693937752     
        0    63430   0.917E+00   0.314E+04   0.838E+01   0.253E+05
  OPTIMIZATION STUFF
       63430  -27.258104309570825        2249.0376688086826     
   38.807646389046049       -66.065750698616881     
        0    63432  -0.859E+00   0.267E+04  -0.904E+01   0.233E+05
  OPTIMIZATION STUFF
       63432  -28.153079549190299        2391.2308175457815     
   39.982932976993375       -68.136012526183677     
        0    63544  -0.267E+00   0.236E+04  -0.112E+02   0.205E+05
  OPTIMIZATION STUFF
       63544  -27.166863388040149        2210.0553230926889     
   38.366871865559389       -65.533735253599531     
        0    63521   0.349E+01   0.285E+04   0.332E+02   0.191E+05
  OPTIMIZATION STUFF
       63521  -27.148497871447809        2224.9359887718565     
   38.573242696146899       -65.721740567594708     
        0    63591  -0.178E+01   0.306E+04  -0.942E+01   0.240E+05
  OPTIMIZATION STUFF
       63591  -27.360916464719288        2272.1950533333556     
   39.033002748238687       -66.393919212957968     
        0    63648  -0.231E+01   0.270E+04  -0.142E+02   0.177E+05
  OPTIMIZATION STUFF
       63648  -26.752305563850918        2150.9863803808335     
   37.885360330861111       -64.637665894712029     
        0    63846   0.482E+00   0.255E+04  -0.244E+01   0.199E+05
  OPTIMIZATION STUFF
       63846  -26.399143046856000        2043.7217144930701     
   36.698868659465575       -63.098011706321572     
        0    63664  -0.171E+01   0.245E+04  -0.129E+02   0.181E+05
  OPTIMIZATION STUFF
       63664  -26.450336752821677        2097.3637961263939     
   37.386407714418411       -63.836744467240088     
        0    63350   0.235E+01   0.289E+04   0.220E+02   0.257E+05
  OPTIMIZATION STUFF
       63350  -26.661722571993295        2170.3929842634420     
   38.203998923640249       -64.865721495633551     
        0    63493  -0.862E+00   0.239E+04  -0.644E+01   0.187E+05
  OPTIMIZATION STUFF
       63493  -26.556439560315361        2143.9620502818675     
   37.930430635061143       -64.486870195376497     
        0    63564   0.271E+01   0.263E+04   0.140E+02   0.241E+05
  OPTIMIZATION STUFF
       63564  -26.886721588234003        2200.6626005822873     
   38.441732567862736       -65.328454156096740     
        0    63888  -0.299E+01   0.287E+04  -0.815E+01   0.236E+05
  OPTIMIZATION STUFF
       63888  -27.478316470212501        2330.0168899768305     
   39.685753286786415       -67.164069756998913     
        0    63754   0.499E+00   0.321E+04  -0.159E+02   0.277E+05
  OPTIMIZATION STUFF
       63754  -26.443577869222583        2141.5363792021544     
   37.977277004499889       -64.420854873722476     
        0    63990   0.171E+01   0.273E+04   0.282E+02   0.266E+05
  OPTIMIZATION STUFF
       63990  -25.884414720272122        2032.7572290439025     
   36.915502212930306       -62.799916933202425     
        0    64137   0.221E+00   0.287E+04  -0.459E+01   0.230E+05
  OPTIMIZATION STUFF
       64137  -25.755440723823742        2009.6753731215999     
   36.692405838854469       -62.447846562678208     
        0    64264  -0.309E+01   0.234E+04  -0.235E+02   0.204E+05
  OPTIMIZATION STUFF
       64264  -24.919853017435177        1838.5884339060212     
   34.893973111347584       -59.813826128782765     
        0    64071   0.145E+01   0.281E+04   0.146E+02   0.199E+05
  OPTIMIZATION STUFF
       64071  -25.218842012905757        1920.8585591708393     
   35.845063351861143       -61.063905364766896     
        0    65236   0.194E+01   0.290E+04   0.875E+01   0.205E+05
  OPTIMIZATION STUFF
       65236  -25.637228808997300        1957.6768883390462     
   36.061189488620101       -61.698418297617401     
        0    65184  -0.152E+01   0.221E+04  -0.203E+02   0.172E+05
  OPTIMIZATION STUFF
       65184  -24.488097164718070        1807.9309450418177     
   34.760092668074755       -59.248189832792825     
        0    65407   0.265E-02   0.224E+04  -0.503E+01   0.162E+05
  OPTIMIZATION STUFF
       65407  -23.894137743220529        1707.7703231782034     
   33.717065481536316       -57.611203224756849     
        0    65537  -0.958E+00   0.242E+04   0.918E+01   0.177E+05
  OPTIMIZATION STUFF
       65537  -24.571917884633265        1762.9090013410319     
   34.045996134815496       -58.617914019448762     
        0    65494  -0.639E+00   0.184E+04  -0.133E+02   0.161E+05
  OPTIMIZATION STUFF
       65494  -23.792454010323379        1646.3143734809300     
   32.866905933591880       -56.659359943915263     
        0    65268   0.355E+01   0.202E+04   0.195E+02   0.142E+05
  OPTIMIZATION STUFF
       65268  -24.224107086043698        1759.6147628436736     
   34.246275691344323       -58.470382777388025     
        0    65294  -0.238E+01   0.206E+04  -0.477E+01   0.154E+05
  OPTIMIZATION STUFF
       65294  -24.278765772889638        1766.1211829251361     
   34.302517625828848       -58.581283398718483     
        0    65117  -0.572E+00   0.248E+04  -0.700E+01   0.152E+05
  OPTIMIZATION STUFF
       65117  -23.275199340983988        1661.8659267731164     
   33.468358525786336       -56.743557866770324     
        0    65429   0.113E+01   0.277E+04   0.115E+02   0.175E+05
  OPTIMIZATION STUFF
       65429  -22.773336093595400        1523.4029408709728     
   31.698235030347004       -54.471571123942404     
        0    65301   0.463E+00   0.196E+04   0.635E+01   0.153E+05
  OPTIMIZATION STUFF
       65301  -22.810907460308464        1536.7868553902363     
   31.881802901145349       -54.692710361453813     
        0    65393  -0.177E+01   0.221E+04  -0.121E+02   0.193E+05
  OPTIMIZATION STUFF
       65393  -24.103816330413533        1749.3121674871043     
   34.180670060676022       -58.284486391089558     
        0    66439   0.148E+01   0.253E+04  -0.894E+01   0.161E+05
  OPTIMIZATION STUFF
       66439  -24.098838694036537        1746.1780236964530     
   34.138306889698860       -58.237145583735398     
        0    65348   0.180E+01   0.253E+04   0.343E+02   0.215E+05
  OPTIMIZATION STUFF
       65348  -23.605064924533497        1682.7087714625072     
   33.548616683420285       -57.153681607953786     
        0    65181  -0.460E+01   0.322E+04  -0.460E+02   0.224E+05
  OPTIMIZATION STUFF
       65181  -23.464979540477167        1655.9437105612490     
   33.246630592080109       -56.711610132557276     
        0    65155   0.119E+01   0.214E+04   0.186E+02   0.164E+05
  OPTIMIZATION STUFF
       65155  -22.542902046664036        1507.3945173549655     
   31.610316111508215       -54.153218158172251     
        0    65657   0.163E+00   0.193E+04  -0.697E+00   0.171E+05
  OPTIMIZATION STUFF
       65657  -22.916464796801979        1556.2492637878570     
   32.110510818185261       -55.026975614987236     
        0    64894   0.920E+00   0.270E+04   0.915E+01   0.172E+05
  OPTIMIZATION STUFF
       64894  -23.178293799036911        1619.3194521988614     
   32.895077880503464       -56.073371679540372     
        0    65414  -0.452E+00   0.216E+04  -0.104E+02   0.201E+05
  OPTIMIZATION STUFF
       65414  -22.995955585202644        1573.0946285508542     
   32.315331582303799       -55.311287167506443     
        0    65465   0.125E+01   0.195E+04   0.126E+02   0.142E+05
  OPTIMIZATION STUFF
       65465  -21.999160989807507        1410.1415912578377     
   30.433181020103195       -52.432342009910698     
        0    66396  -0.214E+01   0.231E+04  -0.242E+02   0.129E+05
  OPTIMIZATION STUFF
       66396  -21.546433476177473        1339.7397149912626     
   29.588695805119926       -51.135129281297395     
        0    65915   0.163E+01   0.247E+04   0.964E+01   0.196E+05
  OPTIMIZATION STUFF
       65915  -21.666464178996879        1396.7865705763263     
   30.452436693252828       -52.118900872249711     
        0    64899  -0.746E+00   0.156E+04   0.454E+01   0.140E+05
  OPTIMIZATION STUFF
       64899  -22.318123938740591        1458.3561859333356     
   30.988022360072446       -53.306146298813033     
        0    65133  -0.319E-01   0.177E+04   0.496E+01   0.150E+05
  OPTIMIZATION STUFF
       65133  -22.265698070011258        1428.3203379542160     
   30.537829448232124       -52.803527518243385     
        0    65536  -0.149E+01   0.195E+04  -0.177E+02   0.166E+05
  OPTIMIZATION STUFF
       65536  -21.501258183374294        1362.5115305897812     
   30.003456919522808       -51.504715102897102     
        0    65337   0.302E+01   0.200E+04   0.156E+02   0.133E+05
  OPTIMIZATION STUFF
       65337  -22.785643975597118        1591.3464809148227     
   32.743868273802917       -55.529512249400035     
        0    65005   0.528E+01   0.504E+04   0.741E+02   0.400E+05
  OPTIMIZATION STUFF
       65005  -23.982717501658943        1824.1067913853101     
   35.340289368098446       -59.323006869757393     
        0    65081  -0.770E+01   0.250E+04  -0.847E+02   0.246E+05
  OPTIMIZATION STUFF
       65081  -24.496236115168699        1909.4801840910302     
   36.185834248790435       -60.682070363959134     
        0    65316   0.223E+01   0.187E+04   0.424E+01   0.146E+05
  OPTIMIZATION STUFF
       65316  -23.066700959478837        1612.2648677298289     
   32.866277163314479       -55.932978122793315     
        0    65615  -0.548E+00   0.219E+04   0.370E+01   0.104E+05
  OPTIMIZATION STUFF
       65615  -21.823068375644173        1422.3843758403291     
   30.759357316307639       -52.582425691951812     
        0    65011  -0.102E+01   0.223E+04  -0.696E+01   0.139E+05
  OPTIMIZATION STUFF
       65011  -21.544097357043889        1382.7583756226036     
   30.308583680086706       -51.852681037130594     
        0    65285  -0.960E-01   0.251E+04   0.173E+01   0.127E+05
  OPTIMIZATION STUFF
       65285  -22.043041895748672        1456.7534600523295     
   31.158590533504533       -53.201632429253209     
        0    65358   0.141E+01   0.203E+04   0.188E+02   0.149E+05
  OPTIMIZATION STUFF
       65358  -21.386143182519188        1392.6904728495147     
   30.583056626607856       -51.969199809127048     
        0    65961  -0.189E+00   0.249E+04  -0.517E+01   0.183E+05
  OPTIMIZATION STUFF
       65961  -21.450754647643553        1357.1706232599938     
   29.950555058405715       -51.401309706049268     
        0    65302  -0.993E+00   0.194E+04  -0.196E+02   0.134E+05
  OPTIMIZATION STUFF
       65302  -21.460540118301370        1383.0499588918842     
   30.372605695308092       -51.833145813609462     
        0    65210  -0.336E+00   0.152E+04   0.612E+01   0.132E+05
  OPTIMIZATION STUFF
       65210  -21.193477542110099        1365.6136641715186     
   30.272928068549852       -51.466405610659947     
        0    65401  -0.109E+01   0.230E+04  -0.876E+01   0.142E+05
  OPTIMIZATION STUFF
       65401  -22.732349418164254        1562.1685691740936     
   32.332783039889726       -55.065132458053981     
        0    65468   0.197E+01   0.217E+04   0.526E+01   0.133E+05
  OPTIMIZATION STUFF
       65468  -21.493429673686006        1374.1861008192448     
   30.202956505639619       -51.696386179325629     
        0    65624  -0.120E+01   0.177E+04  -0.633E+01   0.115E+05
  OPTIMIZATION STUFF
       65624  -20.871985483514376        1269.5616632846718     
   28.877705678613683       -49.749691162128059     
        0    64915  -0.474E+00   0.211E+04  -0.396E+01   0.156E+05
  OPTIMIZATION STUFF
       64915  -20.839703481153929        1304.2952843077935     
   29.495797041703657       -50.335500522857586     
        0    64998  -0.338E+00   0.210E+04   0.400E+01   0.140E+05
  OPTIMIZATION STUFF
       64998  -20.300027010197315        1235.2341511828909     
   28.690469751611776       -48.990496761809091     
        0    65104   0.193E+01   0.168E+04   0.121E+02   0.128E+05
  OPTIMIZATION STUFF
       65104  -21.204472057049294        1356.9145246227995     
   30.121170120110126       -51.325642177159423     
        0    65102  -0.926E+00   0.190E+04  -0.111E+02   0.119E+05
  OPTIMIZATION STUFF
       65102  -20.286077039833128        1233.8803406806635     
   28.676740034645128       -48.962817074478252     
        0    65648   0.123E+01   0.177E+04   0.607E+01   0.124E+05
  OPTIMIZATION STUFF
       65648  -20.430541596392651        1299.6611538049767     
   29.702762899822069       -50.133304496214720     
        0    65101   0.289E+00   0.165E+04  -0.498E+01   0.103E+05
  OPTIMIZATION STUFF
       65101  -19.800950547198088        1161.5180487577629     
   27.738788837748103       -47.539739384946188     
        0    64966  -0.143E+01   0.136E+04   0.593E+01   0.985E+04
  OPTIMIZATION STUFF
       64966  -19.580007526108297        1167.2564174237514     
   27.997852108711729       -47.577859634820030     
        0    64897   0.281E+00   0.199E+04  -0.206E+01   0.984E+04
  OPTIMIZATION STUFF
       64897  -20.514680936185975        1234.0596438674784     
   28.516793472513108       -49.031474408699083     
        0    64846   0.580E+00   0.177E+04   0.180E+01   0.896E+04
  OPTIMIZATION STUFF
       64846  -20.172184481318279        1202.6777890118440     
   28.209231862344389       -48.381416343662664     
        0    65126  -0.117E+01   0.238E+04  -0.117E+02   0.127E+05
  OPTIMIZATION STUFF
       65126  -20.339686417786353        1252.6864131447853     
   28.965213093828648       -49.304899511615005     
        0    65314  -0.813E+00   0.208E+04   0.384E+01   0.105E+05
  OPTIMIZATION STUFF
       65314  -19.495873907609013        1124.6158887609076     
   27.286018202359934       -46.781892109968950     
        0    65397   0.952E+00   0.111E+04   0.332E+01   0.920E+04
  OPTIMIZATION STUFF
       65397  -19.635186545701490        1114.3814630313830     
   26.997053771604154       -46.632240317305644     
        0    65051   0.100E+01   0.233E+04  -0.516E+01   0.118E+05
  OPTIMIZATION STUFF
       65051  -20.664030996181715        1285.8958330191815     
   29.306887518261348       -49.970918514443063     
        0    65426  -0.138E+01   0.181E+04  -0.829E+01   0.107E+05
  OPTIMIZATION STUFF
       65426  -19.895919420688703        1202.4776428096468     
   28.401232952375658       -48.297152373064364     
        0    65347   0.648E+00   0.200E+04   0.301E+01   0.130E+05
  OPTIMIZATION STUFF
       65347  -19.924572012600088        1194.3043654748553     
   28.236780899910819       -48.161352912510907     
        0    65424  -0.159E+01   0.227E+04   0.242E+01   0.978E+04
  OPTIMIZATION STUFF
       65424  -19.840114657127838        1247.0609131195692     
   29.213537333085672       -49.053651990213510     
        0    65512   0.136E+01   0.221E+04   0.734E+01   0.107E+05
  OPTIMIZATION STUFF
       65512  -19.666178564286643        1139.1673903541284     
   27.430071291043355       -47.096249855330001     
        0    65210   0.155E+01   0.176E+04  -0.160E+01   0.121E+05
  OPTIMIZATION STUFF
       65210  -19.280116698261438        1095.0048247705670     
   26.893901257942989       -46.174017956204423     
        0    65546  -0.107E+01   0.183E+04  -0.492E+01   0.902E+04
  OPTIMIZATION STUFF
       65546  -19.399558069666561        1125.1469615402546     
   27.364285268244984       -46.763843337911545     
        0    65138  -0.486E+00   0.170E+04  -0.277E+01   0.935E+04
  OPTIMIZATION STUFF
       65138  -19.179263133739671        1078.4742486718787     
   26.657646451227706       -45.836909584967373     
        0    65509  -0.154E+00   0.170E+04   0.484E+01   0.107E+05
