   3303036.6104151094     
   20674597.425333969     
   47730190.713729799     
   67599682.440081120     
   24615810.178796887     
   22842546.163900957     
   23450355.015412569     
   22415478.654344369     
   26289702.171412889     
   36169050.497669652     
   42615538.717234574     
   60437233.761301525     
   70566045.341304287     
   116143982.46185750     
   192319394.17603555     
   211412584.20616075     
   173440063.95414892     
   135070678.44357935     
   262580434.80331534     
   181089624.55706087     
   249105484.76694530     
   199163214.46423763     
   153416232.49797186     
   244712954.81741786     
   324558068.30566317     
   307636134.34265447     
   298982872.10517621     
   196699921.35886493     
   251325073.89029196     
   286572734.84389830     
   390984159.68296701     
   374019005.11211264     
   251864784.56862545     
   378174521.96896225     
   274877183.07252330     
   421553653.47814912     
   597791769.57554078     
   272509367.41873860     
   251305827.53282636     
   268199695.39213631     
   373749266.91732442     
   236913420.96563029     
   299467504.29842699     
   364873202.65725452     
   243785507.52365556     
   283285784.79426408     
   219787979.87822855     
   75776779.944730178     
   211745373.24850619     
   124097271.59418920     
   412952955.05802655     
   115414847.47455826     
   244171772.00995824     
   247822123.41918311     
   66970769.936766185     
   61432554.638683051     
   47301969.215494685     
   35619327.369808950     
   108844332.48734555     
   167276991.73892614     
   45104798.557533175     
   91834769.748211399     
   65307841.406946100     
   40068781.307796061     
   27617576.379537251     
   45207836.860528372     
   27226513.272285398     
   29025055.323315348     
   22398827.673125286     
   36425656.534843348     
   55147945.990921900     
   28254648.260878727     
   32233484.405454911     
   18625303.512312822     
   16684140.996490894     
   20841259.525560353     
   13855427.617013445     
   18346055.303810634     
   17508049.726666085     
   16967186.781323496     
   18885251.150652271     
   11798640.582116514     
   14341837.994288797     
   12841036.195448903     
   15812777.232637174     
   15154953.114015540     
   15088759.630646432     
   13740778.896182049     
   21946678.553030755     
   11070326.251116026     
   14111849.703015095     
   11188542.128908714     
   11134251.051097315     
   15225011.069672331     
   16463146.608146941     
   10984652.182427900     
   10258913.948688291     
   7417375.8292899011     
   12273445.404701496     
   10359072.745862499     
   10393959.473105032     
   9053934.3568427227     
   9646462.9088399913     
   7681808.3881326811     
   8012619.7430504737     
   8224704.2160353139     
   6906963.5255909022     
   8782463.2991032321     
   6737475.3510640971     
   7940487.8367460305     
   11195657.570112891     
   6815713.6818367774     
   14775399.607356986     
   6913003.8186795060     
   6713337.8298693355     
   8192987.9476330215     
   7214272.0508458270     
   8257316.6839924296     
   6277762.2837001784     
   8649427.7619446665     
   5534584.0280618370     
   10670170.357295837     
   8593143.3719919473     
   9064733.7261769474     
   6979469.5646375287     
   7850589.7170522409     
   5160920.3273270298     
   5623986.3974856883     
   6717100.5102120768     
   5767474.8617401719     
   7926253.0568846986     
   6045682.1498462632     
   5611534.4230121598     
   6517272.5768619580     
   4050890.8227363317     
   6283903.0171521362     
   7243795.7489878349     
   5016031.7382636266     
   6726295.6475261049     
   6657792.8786385953     
   6917258.1316354135     
   6422256.6524516782     
   4190749.5175318401     
   5471246.4632931845     
   6784327.8938277019     
   4851010.9006739864     
   5440949.8915507523     
   4812953.3463766575     
   4083628.7181410221     
   6415015.2091584802     
   5702444.2687891731     
   4654180.8278249316     
   4529447.3624182083     
   3600219.2809360819     
   5141274.0856890595     
   4677603.5453493092     
   5742726.0853705946     
   5031034.3010757184     
   4050647.9795193225     
   5964023.9878324820     
   5683649.2171655381     
   3976334.7138163135     
   5001719.3164631464     
   5699405.1650774637     
   4273691.5420483630     
   3945070.5069716517     
   4483745.2540884083     
   3571993.0950135561     
   5072964.6612247564     
   4605878.1143085407     
   4113062.4925383125     
   4939830.7554636281     
   5385012.5568788992     
   4478296.4552214853     
   3982982.1605394846     
   6345191.3044430781     
   3048309.7635078141     
   4340175.2584005753     
   4305126.5158190429     
   4958257.4697155245     
   4249855.8768713502     
   5153507.5479346132     
   3405968.2781728078     
   4148495.6705330661     
   4394570.5175386574     
   4715276.7397628399     
   3456425.9366628742     
   4671777.5981623912     
   9831244.9998416808     
   3818988.1033131154     
   4241567.2464702744     
   4448631.4775043782     
   3929549.3029290475     
   4036354.0072850920     
   5356264.6451641619     
   5002691.0849748533     
   3657058.1326144990     
   4034591.0131883943     
   3390050.8063757187     
   3863386.2737742732     
   3369160.4244363774     
   3081138.6281250590     
   3319218.7170378282     
   4232637.9161950750     
   3451249.0408124235     
   3930896.8507597218     
   3625804.1573709603     
   3918129.4455434587     
   3802676.0794031848     
   3957012.2588619883     
   3118959.0539599992     
   3316432.0637410516     
   3596035.6970874872     
   3325356.6359030018     
   2692725.5206309832     
   2931520.4371199850     
   2986255.7029142068     
   3555819.5787110883     
   3552461.2009281982     
   3159960.1841554050     
   2947524.7897029207     
   3254775.2366442876     
