-0.00938 -0.06614 0.08953
0.14287 4.97591 5.14670
7.55364 7.51856 -0.01966
2.50464 5.05425 7.58934
-0.04255 7.61636 7.49819
-0.07098 2.57199 2.53519
7.48922 2.54184 5.02027
0.02188 0.18249 -0.10052
5.09891 7.60879 2.52763
7.53650 7.54044 0.05031
2.52450 2.49093 -0.14488
-0.02450 2.57300 2.56201
7.52531 2.66928 5.22514
2.52642 4.98176 7.57593
4.98821 7.57986 2.55717
4.99799 2.46955 7.69268
2.61877 2.44173 -0.00474
0.07995 7.54780 7.26912
2.44324 7.49960 5.04669
-0.04184 4.91814 5.07643
0.03670 2.66928 2.64751
7.52390 2.51170 5.01503
4.98841 7.55173 2.50323
0.02269 5.07784 4.99446
7.54840 7.68703 -0.09931
2.79854 2.22264 0.01936
2.44152 -0.10859 2.80539
0.03801 7.59085 7.56201
7.65719 2.63873 4.94445
2.54305 7.66828 5.01593
5.01472 7.50263 2.61504
0.37083 4.66215 5.19036
5.10426 -0.04154 5.11202
2.38819 5.08601 7.60315
7.50515 7.52410 0.05293
-0.00817 7.72051 7.50626
5.02098 4.92207 0.12411
7.59428 5.21718 2.58883
2.50172 0.00867 2.51341
7.61373 4.97440 2.50212
2.41995 2.47288 -0.14680
-0.00907 0.06453 -0.13127
0.39613 5.33978 4.95897
5.08056 2.35583 7.58308
0.00534 5.08611 4.97198
-0.03186 7.63087 7.60748
5.03025 2.58681 7.59075
0.05112 2.45514 2.48488
2.45564 7.60204 5.23714
2.41854 4.94435 7.80762
5.03852 2.56231 7.64872
5.27797 -0.03378 5.10335
0.26597 2.26801 2.32507
2.60294 7.58097 5.07713
2.31358 5.06816 7.69359
7.61676 0.03851 7.45968
5.01634 -0.01301 5.15426
-0.14397 2.47147 2.28525
-0.08086 0.01492 -0.02773
0.23754 -0.07320 0.22796
7.57734 2.47238 5.05233
5.02440 2.56594 7.56494
7.67735 -0.10143 7.54991
4.91370 4.91451 0.04819
2.64599 7.47490 5.00000
4.90100 2.31640 7.59891
2.57764 0.15265 2.42035
2.53418 7.56534 4.85058
-0.23693 5.26648 4.98881
2.37932 2.36540 0.03146
-0.05838 0.12875 0.04557
7.67413 5.04709 2.57743
4.96653 7.58863 2.45745
0.01936 5.04134 4.97339
7.41471 0.01885 7.63269
5.14559 -0.14992 5.04054
7.54286 7.59952 0.04769
7.56726 0.04235 7.56867
2.46290 5.04336 7.49849
-0.20376 5.10476 4.91400
2.59941 -0.05928 2.55424
5.10950 0.04356 5.19681
-0.18249 -0.08046 0.18309
7.71678 2.43185 5.19883
7.56736 5.06766 2.54678
-0.07693 -0.06503 -0.10022
7.55556 5.09246 2.46391
-0.06322 5.03731 4.94243
7.48932 7.58722 -0.05323
4.71195 0.10133 4.95272
-0.00363 2.51361 2.46976
2.64136 7.48085 5.08903
0.01976 5.08157 5.01059
2.53549 -0.02692 2.46229
5.04548 2.49163 7.52289
5.02894 -0.03700 5.00041
-0.16485 2.59548 2.29301
2.59004 7.64317 5.15668
5.15699 7.50394 2.47268
2.60022 7.56312 5.03489
5.09417 2.55697 7.59791
7.59629 7.63410 0.08378
2.26287 2.31318 -0.13974
2.51442 0.14448 2.51976
7.57129 -0.01230 7.49849
2.40745 4.96764 7.54316
7.64832 0.12976 7.55284
2.69580 4.85008 7.49497
5.00182 -0.08872 4.99779
-0.12532 0.11927 -0.00645
7.49991 2.67947 5.32475
7.56847 4.86289 2.60093
4.83738 0.17946 4.84948
2.56261 5.13249 7.61615
7.55243 5.12129 2.49405
-0.04356 -0.02027 -0.01291
7.53177 5.08117 2.53630
4.95423 7.80863 2.86589
2.57602 0.02873 2.59619
5.05747 0.06291 5.03459
2.48437 7.65154 5.05586
7.43034 -0.03690 7.35815
0.11625 0.06049 0.05182
2.48266 5.06514 7.47904
0.00000 5.04114 5.04114
7.37680 7.40604 0.07138
0.00000 2.52057 2.52057
0.03418 -0.05031 0.05979
4.98962 2.55354 7.69298
0.01422 -0.05192 0.17533
-0.05273 5.02400 5.11323
2.50000 2.63016 -0.27757
7.61303 0.06503 7.54447
7.68804 2.60365 4.95847
2.34907 2.41118 -0.08489
7.55536 -0.01734 7.54659
2.62099 5.10546 7.62341
7.62331 7.62493 0.06362
0.14791 7.48841 7.71557
0.05535 2.56503 2.53065
5.03035 5.18360 0.14710
4.89555 7.45645 2.48861
-0.00313 2.40906 2.49809
0.14438 7.24613 7.57129
7.48851 2.51795 4.98266
2.46693 7.44052 5.11766
2.51986 -0.07048 2.57270
-0.02016 7.61192 7.59468
-0.04305 2.35835 2.27779
2.48548 5.18612 7.67907
5.14337 2.48034 7.52148
5.33958 4.94385 0.05485
7.54376 2.54567 5.04497
5.00656 0.10254 5.23099
0.05475 -0.05374 0.04446
2.40311 7.61908 5.17866
7.61938 5.10990 2.45453
-0.00403 4.97671 5.17080
2.51835 2.45080 0.13057
7.37751 7.85470 0.07350
2.59004 2.57259 0.00403
-0.00998 7.60174 7.53792
-0.05303 -0.09185 -0.01865
7.79048 2.41763 5.06030
7.67836 5.08913 2.46371
7.51745 7.63773 -0.04940
2.53983 2.59105 0.08187
0.07027 2.51502 2.57088
2.38123 4.96865 7.47500
2.60607 -0.03710 2.55545
-0.10365 2.62200 2.58661
5.07532 2.50777 7.72978
2.52057 2.52057 0.00000
2.66686 7.51493 4.88638
7.70730 4.96532 2.51129
2.57552 5.03983 7.52592
7.35775 4.99446 2.52390
0.01351 5.01160 4.96673
7.67251 7.46290 -0.05051
2.50988 -0.05021 2.46925
4.98256 -0.08278 4.98034
-0.02581 0.08015 -0.10244
2.49063 2.48629 0.07834
0.00141 -0.16958 -0.06574
7.59125 7.56756 0.01976
2.55535 0.02047 2.50111
0.16414 2.59115 2.61867
4.98085 4.86863 -0.05555
7.39747 2.29785 5.23180
7.48871 4.99567 2.31429
5.05475 7.62180 2.44495
0.14186 5.24450 5.07653
2.49506 -0.02349 2.54104
7.53781 -0.06614 7.52037
5.07693 0.10697 5.07209
-0.32677 7.61353 7.42923
7.79562 2.40583 4.84746
5.06877 2.42418 7.51563
-0.14851 5.19953 5.55433
2.45040 -0.03922 2.57552
0.09729 5.27828 5.09155
2.61111 -0.06634 2.46260
4.92005 0.01684 5.11918
5.13370 5.06282 0.23270
2.72484 2.45141 0.05535
0.14518 7.56312 7.42842
0.00797 -0.01069 -0.01099
7.74491 2.36470 5.08994
7.63309 4.98246 2.50666
5.02027 2.50978 7.49547
2.47107 -0.27323 2.50666
2.66565 5.03943 7.42076
7.56736 5.07794 2.54063
-0.30630 4.73010 5.02148
7.41552 7.59407 0.05213
2.64640 2.67927 0.11504
4.83224 2.25601 7.53892
0.05576 4.99093 5.21919
7.50202 7.44223 -0.13016
7.59589 0.05949 7.58460
-0.06654 -0.06059 0.08419
7.61464 2.60445 5.09901
2.49244 4.95322 7.53832
2.57693 -0.01704 2.50424
7.56171 2.52057 5.04114
7.52188 7.65578 0.07451
2.47812 2.49637 0.08721
0.12048 -0.08207 -0.12966
7.55959 2.40039 5.08641
2.46774 5.18794 7.68582
0.13359 5.15245 5.08046
4.98609 -0.00978 5.03197
4.94697 4.99496 0.05142
0.12119 -0.14902 0.00897
0.10939 7.61888 7.45000
-0.03438 5.00555 5.09286
2.89190 2.77515 0.18561
-0.06695 7.66949 7.68360
2.70508 7.62755 5.03549
7.47147 5.00928 2.33919
5.00646 7.43397 2.51412
2.68380 0.19318 2.73240
0.02551 2.45564 2.53791
7.43316 0.16716 7.54467
4.94959 0.02682 5.14781
0.25649 7.67675 7.57361
0.01351 0.08318 -0.04729
7.05780 2.30814 4.91612
2.49627 2.55545 0.00151
7.59387 0.13238 7.61484
0.30126 7.69288 7.86882
0.17210 2.62280 2.83897
-0.29692 -0.05334 -0.16172
2.59467 5.05142 7.55495
7.48640 -0.00726 7.58480
2.50797 5.23351 7.46391
7.63944 5.19913 2.56261
4.99728 7.68653 2.54537
5.18592 2.53952 7.62654
0.02460 7.90783 7.45877
5.02340 4.99204 -0.07279
7.76880 5.12926 2.27164
0.13692 7.77394 7.47863
2.61333 5.11323 7.43014
4.95161 7.56181 2.27567
5.08107 2.51916 7.51503
-0.00514 5.05667 5.07572
7.57935 -0.05334 7.53822
-0.14428 7.85329 7.37065
-0.03297 2.53610 2.46229
0.21606 -0.00938 0.17886
4.97813 7.57058 2.42086
5.16757 2.50353 7.53217
7.64025 7.60043 0.02964
2.58984 2.47691 -0.00272
7.56514 2.54709 5.12815
5.11817 -0.03216 5.02259
0.12391 2.62401 2.40230
5.06604 7.62765 2.51734
-0.02541 5.17463 5.02511
7.66767 7.37862 0.18078
5.16918 5.10103 -0.11927
0.05777 2.49113 2.35240
-0.08439 5.09135 5.14952
7.59982 7.50595 0.00202
5.05576 -0.05243 5.02571
-0.04053 7.71637 7.36541
7.62513 5.07290 2.56453
-0.20245 5.39049 5.09679
7.50636 -0.09871 7.57845
0.17553 4.88860 4.93941
2.51855 2.25188 -0.12905
7.57058 -0.06785 7.55133
2.50948 7.59821 5.05677
2.51069 5.07481 7.53610
7.55334 0.07108 7.51483
2.46965 7.60083 5.04830
7.56615 2.59558 5.05838
0.30196 2.18039 2.55193
-0.00827 0.08257 -0.02238
7.48730 2.44667 4.90987
2.37236 7.55495 5.18532
-0.18814 4.84534 5.14741
2.56342 7.56484 4.97248
2.46784 7.50323 5.11656
7.42268 4.72607 2.73613
0.03952 5.07048 4.98135
7.46633 7.62926 -0.04466
5.03045 -0.33786 5.13571
2.34070 7.66435 4.94475
7.52330 4.90886 2.66273
5.01392 7.42651 2.51966
5.01523 2.44818 7.63763
0.04920 4.85300 5.11313
-0.04386 7.82143 7.57199
5.04931 5.13642 -0.13742
2.65829 5.27182 7.76547
-0.16273 2.41702 2.46169
7.44859 4.84504 2.47117
2.56362 2.50797 -0.17926
7.43649 0.00000 7.62724
-0.09719 2.66152 2.65103
7.64378 2.48780 5.04406
7.59720 4.96048 2.47439
2.49032 7.53146 5.13218
5.11575 -0.00494 4.99214
0.35742 2.31378 2.39787
2.70739 7.76053 4.79715
7.61878 5.03328 2.45433
7.76920 -0.06322 7.46512
5.01553 5.09982 0.03751
7.63672 5.07502 2.46935
2.51422 0.04850 2.47046
7.56625 -0.07985 7.76930
7.76890 2.39898 4.86551
7.33768 5.17846 2.24159
4.97863 2.58873 7.59811
2.40291 2.56987 0.06039
2.35250 -0.04608 2.72786
7.63924 0.03650 7.57552
-0.07995 7.50132 7.32145
2.62946 4.97268 7.49517
5.00454 7.50434 2.57512
7.66072 7.29725 -0.20205
7.61121 -0.17856 7.51836
-0.23290 7.44798 7.54457
-0.21203 2.45080 2.40936
4.94314 5.05979 0.00514
7.51563 2.55515 4.96583
2.49063 5.03691 7.62241
5.08953 2.48064 7.52400
7.55395 7.47702 0.01391
2.52400 2.52773 0.02269
2.33778 0.07511 2.50323
5.00978 -0.10667 5.09337
2.75337 5.04215 7.53156
7.46250 7.63329 -0.00444
5.14519 4.92267 -0.02067
5.08802 7.67856 2.49456
-0.24298 5.17312 5.14892
2.40372 -0.12129 2.48306
-0.09225 7.45776 7.44707
5.21859 5.00716 0.14771
4.91925 2.53116 7.57875
2.51513 -0.02954 2.51422
7.50233 2.49506 5.06806
4.87256 7.73795 2.52238
0.03216 4.96613 5.01462
7.61414 7.58480 0.09487
2.42570 2.62825 -0.11413
5.10980 5.05828 -0.13248
-0.11796 0.03478 0.03307
7.51533 2.47701 5.08631
2.50061 7.51896 5.05203
2.47086 5.02602 7.51079
-0.01835 5.08984 5.04880
2.57028 0.04416 2.53751
5.03227 -0.03660 5.01210
-0.27051 2.48216 2.59518
2.78805 7.53318 5.15215
7.56826 4.99597 2.53932
7.49739 7.62271 0.03045
7.56877 -0.08772 7.54003
5.00868 -0.00423 5.17675
0.00514 2.50908 2.52531
2.27124 7.63188 5.11323
5.01936 7.52642 2.59165
7.54306 -0.04305 7.59478
-0.21899 7.56322 7.58399
2.50676 7.70629 5.17120
2.49688 4.99658 7.58177
7.47430 7.50091 -0.01674
7.51352 0.00696 7.49154
-0.03216 7.31974 7.66848
2.38486 5.09074 7.49214
5.11182 7.46381 2.60718
-0.01613 5.07744 5.01362
4.91108 -0.03559 5.02793
0.00252 2.53378 2.49536
4.98236 5.04275 0.00343
-0.01653 0.15184 -0.10435
7.59155 2.45695 5.04285
7.67120 4.97268 2.44566
4.93144 7.45927 2.62452
4.92187 2.42378 7.50384
-0.30872 5.03338 4.96522
-0.03347 7.59861 7.55143
7.56504 2.57048 4.88688
2.62563 7.55415 5.12996
4.91451 0.01119 4.85966
2.48589 7.68098 5.11817
-0.32949 7.42570 7.51926
2.52178 4.92318 7.64217
5.01472 2.48881 7.60365
-0.13278 2.40684 2.65698
5.08782 4.96814 0.07673
2.56463 7.48307 4.84817
7.57119 5.13541 2.50645
5.35601 2.72282 7.44939
-0.01573 2.53317 2.51623
-0.00000 0.00000 0.00000
5.07108 -0.00595 5.04487
7.55506 7.56564 0.04598
7.55919 0.11837 7.50283
4.94627 0.02510 5.01059
-0.19802 7.33486 7.45494
0.21102 7.79048 7.60174
7.57371 2.59357 4.96139
7.53923 5.05042 2.51785
5.10284 2.44243 7.60990
2.47470 2.67856 0.05485
4.99577 -0.00797 5.19994
-0.02541 0.04214 -0.04325
2.55888 7.52824 4.95554
2.50726 -0.05081 2.47016
-0.09467 4.99315 5.06907
-0.16031 2.74188 2.53116
0.02248 -0.10939 -0.01018
7.57401 4.98418 2.53015
7.68975 7.52864 0.04759
2.63339 -0.18249 2.56655
-0.03307 -0.00101 -0.22594
7.55566 2.50837 4.97792
2.69066 7.34252 5.00988
5.19167 7.46190 2.55193
2.54830 2.50827 0.06322
0.04507 7.58611 7.63803
4.80663 7.76245 2.48992
0.06493 5.16011 5.05384
2.48236 7.57441 5.00283
7.69681 5.14952 2.74409
-0.12492 7.68895 7.51765
2.79682 -0.07138 2.40039
0.00857 7.77203 7.66102
-0.01089 2.40977 2.62220
5.09246 5.09639 -0.06271
0.01301 0.10385 -0.02843
2.48095 7.55032 5.03731
5.02874 2.54769 7.53217
5.05848 0.00141 5.15709
5.16062 5.14821 -0.04507
2.54396 -0.01754 2.47308
7.57774 -0.00282 7.58278
5.22897 0.07572 5.02713
7.62392 0.14700 7.63642
7.78907 5.05001 2.74198
2.33758 7.64317 5.07814
7.60708 4.88285 2.43588
4.89424 2.82435 7.48962
0.19227 5.14932 5.10536
2.55717 2.43820 0.08762
2.64942 -0.08066 2.43669
-0.00917 2.66575 2.51321
5.08520 2.49899 7.59680
0.15406 5.12119 4.98922
2.54820 7.56786 4.97419
2.44152 2.45614 0.00998
5.12220 7.65205 2.58973
-0.11070 4.86531 5.07562
7.54840 7.69742 0.04960
5.06332 0.05152 5.09700
5.08006 5.03055 0.05949
7.44465 2.54779 4.95403
5.07613 2.55737 7.49184
7.58550 7.58712 0.01038
4.90241 -0.10687 5.10950
-0.06473 7.29766 7.56080
7.56433 4.98186 2.54699
2.53015 0.15396 2.36873
7.42489 2.40362 5.08379
2.62835 7.36067 4.98700
5.06554 2.37901 7.66223
7.62684 0.31305 7.70548
2.34836 7.61323 5.07260
-0.16797 2.89694 2.71445
5.05193 5.10214 -0.11766
7.53237 2.51190 5.18159
5.07280 2.42469 7.68663
0.18098 5.21284 5.07350
2.48921 7.65396 5.14902
0.01149 5.11414 5.13319
7.58671 -0.37042 7.75549
-0.20638 2.83423 2.41037
7.68592 5.01553 2.52470
5.02108 2.53015 7.60567
-0.04144 5.05405 5.26134
7.63077 7.52098 -0.16253
-0.01210 2.51462 2.53620
5.18380 5.10698 -0.07975
5.07976 7.61898 2.44747
4.70590 2.24674 7.71305
7.49285 5.01069 2.54981
5.00787 2.61585 7.59407
2.77081 2.59750 -0.11292
5.13944 -0.04174 5.07653
-0.00676 7.58268 7.57028
2.34998 7.70931 5.11555
4.97883 7.58883 2.57088
5.18632 0.08318 5.05505
0.00756 2.52632 2.56332
5.17332 5.22353 -0.14105
0.22927 0.06372 0.10294
5.34694 0.08499 5.13793
-0.06382 2.39444 2.53842
5.02884 5.14378 -0.03851
0.01774 0.01089 -0.10929
2.42287 5.07108 7.62130
7.59367 5.29904 2.51392
2.54739 2.53227 0.00484
2.47278 -0.03902 2.43941
5.04114 0.00000 5.04114
0.03438 7.62382 7.60930
5.21677 5.06786 0.00746
2.66565 4.81368 7.32730
7.86065 -0.03347 7.69742
-0.09739 7.65497 7.60395
2.74288 2.41844 0.01643
-0.00454 0.11776 -0.11837
7.40685 2.56896 4.95534
2.53166 7.48660 5.03741
7.59155 4.98165 2.57703
2.44011 2.57844 0.03267
7.49093 0.02783 7.54195
7.71214 4.98347 2.42711
-0.16968 2.43820 2.61474
7.68179 4.86803 2.75236
4.69209 8.19790 2.74319
-0.02208 7.68915 7.64983
5.20346 2.64055 7.79007
2.78674 2.75599 0.15285
2.37377 0.13641 2.53166
5.14942 0.06987 4.85129
-0.14892 7.45212 7.62382
-0.01442 2.55858 2.50726
0.12663 -0.11847 -0.06906
2.58469 7.54185 5.08833
2.71506 2.91559 0.07854
7.46139 7.57431 0.02833
4.99174 5.06584 -0.09770
-0.08671 -0.08116 -0.15265
7.60779 2.52158 5.03106
2.42842 5.12170 7.48982
5.04941 2.52753 7.56433
4.56132 7.51241 2.38275
2.52178 0.03005 2.50706
0.03367 7.52592 7.57945
5.13047 2.58943 7.45978
2.38718 0.04628 2.61585
-0.04406 0.10677 0.04668
2.58641 5.39301 7.61666
0.08822 -0.00373 0.09346
5.21153 2.52712 7.47984
0.00302 5.06675 5.03822
2.42227 2.38516 -0.22988
7.56665 2.56181 5.03963
5.06897 7.83988 2.51896
2.49839 0.02299 2.59679
7.63692 0.04719 7.50172
5.17181 0.12079 5.07532
0.00847 2.52299 2.52238
7.59337 5.05606 2.55818
0.17503 5.08822 5.09841
0.10486 7.51815 7.62382
7.55163 2.52349 4.99154
2.48821 5.11696 7.62775
5.30106 2.55455 7.63128
-0.11322 4.96421 5.08167
2.31449 0.12290 2.45614
5.02561 7.79471 2.60879
2.36308 2.62553 0.28906
2.55888 0.15053 2.42247
-0.03468 -0.09124 -0.02198
5.21193 -0.05787 4.85663
-0.02722 2.43114 2.47288
-0.11131 4.95554 5.08802
2.64761 2.59941 0.06402
5.06393 -0.04063 4.79181
-0.14035 4.97510 5.00242
2.60002 2.53176 0.13057
0.06281 7.74541 7.40422
5.03176 2.76386 7.66223
2.40846 -0.06422 2.44142
5.01745 0.18904 5.12785
-0.01916 -0.02057 -0.09548
7.61242 2.50524 5.03822
0.08560 5.15870 5.00131
7.86438 -0.32878 7.51573
-0.12431 2.44465 2.52652
4.93689 5.01997 -0.04991
7.55052 5.15598 2.60970
2.56997 2.40745 -0.05061
2.66949 4.94586 7.54487
7.65406 5.07844 2.41471
4.80431 -0.05475 5.28029
-0.15275 0.11131 0.05465
7.53792 2.60879 4.96724
7.73301 4.97561 2.44939
5.01755 7.63854 2.74329
0.12290 4.97651 5.12623
2.53761 2.56876 -0.00615
7.60234 2.60072 4.93094
2.60516 5.05989 7.49537
2.42660 2.42247 -0.00353
0.00464 7.50293 7.53983
0.25337 2.60839 2.78957
7.76124 2.52007 5.02118
7.50918 5.04769 2.52400
7.54407 7.79562 -0.21778
2.41289 2.18412 -0.10576
7.49668 0.03972 7.55334
0.13651 7.33728 7.65366
-0.06513 0.00333 -0.01079
2.51341 7.69540 5.14257
0.00232 2.50222 2.40755
2.70024 7.19774 5.12402
5.01785 7.56736 2.47036
7.62815 0.19086 7.90189
5.18713 7.53076 2.68652
7.43992 2.31761 4.91491
2.51240 4.98670 7.47339
5.21496 7.52269 2.42852
7.43871 7.53368 -0.07007
2.63420 0.06231 2.48206
-0.02581 7.57522 7.41461
5.12966 5.02934 -0.07048
0.04668 -0.10627 0.13359
7.51200 0.11625 7.46331
-0.01422 2.56312 2.59185
7.48176 5.16848 2.54941
5.08006 2.49859 7.40685
0.12673 4.94223 5.14973
7.51674 0.04920 7.54114
7.46825 2.44989 5.13511
0.01190 5.02733 5.03176
7.46391 7.62261 0.09155
7.56826 2.33959 5.19177
7.38063 5.14257 2.49325
2.42963 7.41481 5.09095
7.39888 5.12765 2.43870
5.05959 7.61424 2.43104
5.15648 2.50000 7.40866
2.26569 0.12905 2.38557
-0.15799 7.46361 7.60335
0.22020 2.29936 2.54154
2.49143 7.54477 5.07088
2.35885 4.90140 7.53015
7.59720 5.11262 2.69923
2.55223 2.59276 -0.06049
2.44848 -0.09377 2.54981
5.06685 5.01291 -0.07955
7.59347 2.58449 5.11635
7.59014 4.94707 2.46048
5.07824 2.52117 7.68189
0.00444 5.04497 4.97389
2.41299 2.50212 -0.26073
0.01301 7.52138 7.60617
2.60466 5.00333 7.55798
2.60304 7.58530 4.94092
0.09256 2.54880 2.58953
2.33657 7.46411 4.90664
4.97006 7.55455 2.58570
5.00585 0.07279 5.00696
-0.02914 -0.02702 0.03418
2.32286 4.85452 7.51957
4.89101 2.24502 7.65880
-0.36387 4.86006 5.18834
-0.08207 2.45967 2.57895
7.51664 2.54053 5.11988
2.46723 2.46290 -0.10415
7.43740 -0.03246 7.36500
5.12422 5.20921 -0.00726
0.02732 -0.20356 -0.08288
2.59447 5.14781 7.56786
7.55294 4.90432 2.60829
5.04427 2.52501 7.46573
-0.14337 5.02743 5.18441
2.41854 2.35028 0.20739
0.08338 2.52228 2.53690
5.05767 5.00131 0.09931
0.02944 -0.10133 0.12784
7.46069 5.13077 2.72403
5.01261 7.50001 2.52894
7.63924 7.49618 0.01069
2.51765 0.00444 2.46925
0.02319 2.35008 2.46068
-0.02319 4.99547 5.02087
0.02692 2.30904 2.41692
5.02844 2.66495 7.54860
2.50555 0.01391 2.56816
7.56836 2.45756 4.86349
2.49869 7.59438 4.99395
-0.01482 5.01755 5.01069
2.83393 -0.23623 2.41148
7.81094 -0.30610 7.59720
2.52450 7.55576 4.91864
2.45423 4.95060 7.49880
4.98992 2.44606 7.60537
7.53257 0.03035 7.52894
2.39283 2.60254 0.03690
0.00313 7.66031 7.54003
2.77182 5.03459 7.86317
2.52329 -0.08116 2.44465
4.89827 -0.16968 4.90795
7.68280 5.02471 2.46048
5.00535 7.56342 2.55404
7.40785 5.10637 2.60012
7.53419 7.68431 0.06392
0.03156 2.57159 2.60456
-0.03196 -0.02027 0.00544
7.58883 2.47026 4.94022
2.48024 7.59518 4.86520
2.33536 5.01977 7.36863
5.09579 5.10637 -0.13682
2.54860 7.55082 4.92237
7.56433 0.17795 7.47157
4.99597 -0.03206 5.02914
4.97379 2.59135 7.59559
4.99043 0.09417 4.95715
-0.01734 7.49224 7.65094
5.08046 7.69056 2.50010
0.04436 5.02229 5.11242
7.64640 7.51352 0.02279
2.45020 2.53690 -0.09750
2.46844 -0.08388 2.47470
4.83143 -0.20255 5.10385
5.01896 5.00434 0.00403
5.00192 7.55647 2.56564
7.59891 7.51886 0.05293
2.61968 2.68300 -0.04376
0.02077 2.44677 2.64408
0.03993 5.02077 5.07250
7.59397 2.59195 5.03590
2.36278 7.46986 5.41267
7.34454 4.95756 2.66858
7.50122 7.68653 -0.00242
7.72303 0.03378 7.55435
7.83978 0.10919 7.68602
0.06049 7.61565 7.55808
0.17120 2.42640 2.60536
7.53560 2.53529 5.13420
7.47541 2.40674 5.12089
-0.04930 5.07189 5.04558
7.67816 7.43780 0.10546
2.51613 2.47984 0.04265
-0.01391 0.03741 0.06513
7.37236 0.13813 7.41128
5.01261 0.01381 5.06826
2.50716 7.62351 5.07159
4.92408 7.57774 2.45907
5.07139 -0.02329 5.07260
0.01079 7.59428 7.47278
5.03670 -0.06745 4.94354
-0.08580 7.58923 7.62714
2.36964 2.39807 0.11766
5.04164 0.04688 5.00394
7.53812 2.62371 5.30076
7.77888 5.12936 2.66949
4.97470 7.61716 2.47954
2.56584 2.57663 -0.05162
7.89392 -0.11010 7.72676
-0.00887 2.66838 2.56402
-0.16011 0.22635 0.09780
7.48216 2.46199 5.01160
5.12160 7.59599 2.50192
0.03529 5.04144 5.10637
5.11494 0.05414 5.09851
-0.09306 2.47782 2.61897
5.04356 5.03993 0.12240
0.19035 2.38204 2.31691
4.98609 5.04658 0.00907
7.74803 2.37952 5.13077
7.72111 0.01371 7.36813
5.00142 -0.03055 5.08379
7.57804 2.52238 5.08318
4.97349 7.42530 2.58187
4.93598 -0.07834 5.14751
2.50948 5.07119 7.51140
7.52793 4.92489 2.62452
4.96361 7.50233 2.50121
7.63249 7.45343 0.12704
7.55354 0.12653 7.55707
0.02904 5.11182 5.00263
7.61888 7.61333 0.02692
2.72504 -0.03670 2.65013
0.03226 2.50202 2.53247
2.60970 7.62714 5.10557
7.41037 4.97813 2.55858
5.06624 7.62039 2.55888
2.57733 -0.04265 2.42842
-0.04991 2.52904 2.63541
5.07330 4.96693 -0.09356
2.79289 4.89969 7.77303
7.49688 5.09790 2.30027
5.04245 2.51946 7.57462
4.92681 -0.02702 5.19217
0.06916 7.55979 7.57078
0.06836 2.44576 2.51543
7.65537 5.10173 2.54759
5.19137 2.55939 7.63037
-0.05081 0.08025 0.17684
7.55526 2.61262 5.09498
4.78999 7.73926 2.79380
7.56171 7.56171 0.00000
7.63370 -0.10274 7.54023
-0.11746 2.73885 2.74087
-0.01865 7.56957 7.58369
-0.04618 0.11363 -0.27605
5.12049 5.21859 -0.13732
0.27857 -0.22544 -0.23461
7.54215 2.41904 4.93719
5.09095 2.48921 7.53540
4.93870 -0.05122 4.94264
-0.03418 2.44929 2.44989
0.03448 -0.11272 -0.13682
2.38839 7.49517 4.95090
-0.05112 5.11706 5.04205
7.53388 7.74158 -0.06604
7.63017 5.00051 2.54638
2.56665 7.73664 5.02602
7.64398 -0.04184 7.59367
-0.03347 7.62866 7.64922
7.47571 2.52601 5.08308
0.11695 5.09649 5.14499
7.38225 7.69429 -0.06846
0.06947 0.08499 0.10143
2.87446 5.07108 7.72756
5.10667 2.46250 7.60123
7.67262 7.54800 0.05928
2.59730 2.54326 0.08792
2.63440 -0.02813 2.51190
5.06937 5.05969 0.20931
5.16414 7.48549 2.63420
7.50112 7.36662 0.00555
2.67029 2.31479 -0.04971
2.57270 -0.03539 2.49355
4.80683 5.17483 -0.25266
2.54285 5.07673 7.56635
5.14912 0.07975 5.11313
7.68502 2.24069 5.02027
2.46330 5.08167 7.63087
2.71838 -0.17503 2.21679
0.19691 -0.06140 0.10143
0.07521 5.14418 4.73817
2.53852 -0.08762 2.64216
7.58419 0.02309 7.47591
0.00837 7.46835 7.62230
7.69026 2.64246 4.99557
2.47641 -0.02450 2.44848
7.44758 -0.05656 7.63581
2.41450 7.59055 4.94717
0.09498 4.73182 5.30227
5.01109 -0.23643 4.74502
0.18622 7.47389 7.35714
7.54840 2.37649 4.79463
-0.04870 0.09921 0.05606
5.12755 7.48095 2.63763
5.16344 2.72655 7.57421
7.60143 -0.08933 7.57804
0.10234 0.02037 0.06382
7.54276 5.03570 2.52410
5.22474 2.54920 7.62069
2.23575 2.74137 0.04396
2.49496 0.11151 2.70266
5.19913 0.07975 5.05707
-0.06070 7.60849 7.68532
7.49446 5.07058 2.50363
5.06352 2.50706 7.46633
-0.02803 5.13732 5.08419
2.44788 2.43608 0.14307
5.13632 0.02732 5.02450
7.75418 2.35099 4.92207
5.05596 7.59780 2.51936
0.11272 0.25438 0.11211
2.56362 -0.16505 2.47722
5.01241 0.22554 5.04346
7.57391 2.15327 4.77053
2.38728 7.62049 5.02773
2.52188 5.05405 7.62351
5.02985 7.59952 2.54023
2.47449 7.57693 5.09206
7.53368 7.57482 -0.00766
5.03731 7.45736 2.71354
0.14518 7.50958 7.34343
7.69974 2.46784 5.04769
5.24662 7.55203 2.32094
4.74916 7.79753 2.37962
4.94939 2.59417 7.49980
2.49184 2.54023 0.02884
2.50192 0.03972 2.47792
7.76457 2.39152 4.84322
2.42519 5.04709 7.63047
4.85079 2.47671 7.47611
0.05565 0.02984 0.13893
7.59034 7.57613 0.04416
5.18925 2.47792 7.19784
0.08025 5.44120 4.92146
7.65094 7.64398 0.00373
2.43195 5.06171 7.61162
0.04144 5.05647 4.99012
7.40624 7.60960 0.07340
2.60052 2.64861 0.19519
7.21236 -0.04799 7.19230
5.05596 5.21546 -0.09205
5.22313 2.39736 7.74168
5.13370 -0.06614 5.01724
7.63319 2.59326 4.93689
5.28644 7.87194 2.58671
2.41844 0.08298 2.57340
7.54749 0.10183 7.58561
0.09981 2.59357 2.64589
5.13228 0.08257 5.09931
5.04628 7.47994 2.61756
4.95060 0.02198 5.00706
-0.06160 2.55838 2.62835
7.99968 2.46381 4.98367
7.61535 5.19782 2.31540
5.06241 2.29039 7.58671
-0.09780 5.08953 4.81600
7.63077 7.47974 -0.01270
7.59861 7.63713 0.04406
2.53075 2.46280 0.03367
2.64468 0.05686 2.51603
7.45191 -0.16716 7.58651
-0.04063 7.64781 7.47702
-0.04940 5.21728 5.13279
2.47550 0.05757 2.49859
7.54528 -0.05465 7.57794
5.09901 0.08388 4.92751
-0.11816 2.56977 2.30622
2.71748 4.82810 7.43871
7.68119 7.57482 0.08086
5.04406 2.58500 7.51856
7.59407 7.56151 0.01664
7.62654 2.61444 5.03126
7.52602 5.01281 2.30693
5.24016 7.62845 2.30572
5.27142 2.28424 7.50192
0.30186 7.44576 7.79471
0.20084 2.40271 2.23857
7.57925 2.74853 4.86127
5.02027 2.49395 7.54144
0.05313 5.14499 5.03862
7.97418 7.48347 0.22252
2.60879 -0.03488 2.56896
2.46088 5.05949 7.56574
5.05183 7.50999 2.49073
5.10466 -0.05092 4.98841
0.07542 2.50494 2.51210
5.25630 5.21163 -0.05192
2.53983 7.42681 5.08308
2.55495 5.03065 7.55425
5.04447 7.59075 2.49022
7.70579 2.51775 4.92620
5.11293 2.10710 7.53913
-0.04345 4.92721 4.85270
7.57925 0.06634 7.54739
2.66565 7.56857 4.85391
2.37145 5.06987 7.62281
7.58470 5.04336 2.44475
5.12260 7.50132 2.49103
0.07642 4.73232 5.07582
7.54104 2.31862 5.28362
7.58187 7.36480 0.20588
2.55838 2.27305 0.26032
0.06453 2.61272 2.50948
5.01936 5.12069 0.07390
-0.05223 0.08721 -0.00161
2.48448 7.50263 5.13501
7.54870 4.97550 2.41904
4.98095 7.47490 2.59155
7.76164 2.61313 5.09468
2.59195 7.54618 5.10597
5.00192 2.28918 7.29423
7.39253 -0.39845 7.35442
2.46643 -0.03458 2.59054
0.07824 2.29533 2.73179
5.02632 2.57612 7.61565
-0.03267 5.14196 5.12634
7.56615 7.65719 0.13137
0.26486 5.03166 5.20004
7.55254 -0.05162 7.52904
2.38264 7.60184 4.98569
5.01503 7.37801 2.69802
-0.16616 2.38154 2.52783
7.71012 2.56503 4.96270
2.57602 7.55909 4.85926
4.98347 2.64085 7.92175
-0.03700 2.30914 2.40664
2.64761 7.44465 5.01069
2.67967 0.01885 2.54820
5.12452 0.19025 5.25277
0.05606 7.49083 7.52995
-0.24853 2.61665 2.26448
7.64963 2.50625 4.96320
5.17574 7.51765 2.41229
4.66900 5.08853 0.11474
2.40543 7.44697 5.03438
-0.01018 0.01230 -0.34713
-0.01351 4.96068 5.05374
7.34817 -0.20154 7.44516
4.87035 4.96462 -0.28573
2.63268 7.46038 5.00172
2.39968 5.00232 7.47147
-0.05011 2.58933 2.35441
-0.04517 7.60718 7.44677
2.46623 7.53802 5.06231
-0.01170 5.02168 5.04225
7.68713 2.52551 5.11393
4.93598 7.59528 2.48508
5.18159 0.00998 5.29642
0.00968 0.01795 -0.15900
5.10365 7.54286 2.55525
7.59397 7.59438 -0.00665
7.85742 -0.27242 7.54084
-0.01230 0.09498 0.06221
7.39213 5.14458 2.55787
5.06564 7.60123 2.59266
2.52450 2.56725 -0.04839
4.96814 5.02138 0.03458
0.10970 0.12018 -0.09114
2.45191 7.42822 4.82477
7.52400 5.09639 2.49123
5.08369 7.72151 2.41450
7.64055 7.50545 0.00373
0.11958 2.77696 2.53852
7.68149 4.98932 2.50192
7.47702 7.54326 -0.02783
2.45040 2.52672 0.11988
4.92973 7.43649 2.65960
7.59468 7.47047 0.04698
7.61263 -0.09034 7.49063
4.96996 0.20336 4.86268
7.47006 5.03408 2.45524
0.05293 4.92469 5.20992
7.53166 7.64055 0.05081
7.53661 7.53973 0.05334
2.37085 2.41067 0.05676
5.03348 0.02460 5.01987
-0.21354 7.63551 7.59639
-0.12694 2.57985 2.41894
-0.01573 -0.02944 0.01472
2.59972 5.05132 7.68552
-0.01744 4.99325 5.03277
7.53066 7.68955 0.09306
7.36803 -0.04749 7.73321
5.04406 0.16122 4.96250
-0.01653 7.55042 7.60194
7.54467 2.49446 4.98357
2.46179 5.11323 7.31217
-0.12663 5.07663 4.93245
7.54810 7.58883 0.01512
5.16445 4.92691 0.25236
7.52128 2.56715 5.01765
2.53761 0.03640 2.47490
5.11061 -0.02813 4.79049
-0.01533 2.53650 2.39928
5.08540 5.03660 0.00807
5.06241 7.56635 2.50978
7.34151 7.59226 -0.27172
2.31600 -0.00928 2.47439
0.01059 7.63602 7.61605
2.44011 7.54719 5.08046
4.99668 7.67806 2.55798
-0.00877 2.49990 2.49456
4.72677 7.56836 2.45322
7.56342 0.08217 7.54336
7.53580 2.36046 5.09498
5.08056 2.49365 7.55304
7.43891 5.04174 2.52390
2.59649 2.63420 0.13651
2.45171 -0.02299 2.48921
0.10365 0.03529 0.01674
2.55082 7.56867 4.94415
7.68108 5.05888 2.47772
7.63400 7.76255 -0.08509
2.51815 0.00192 2.45967
-0.04053 7.46976 7.55929
5.02823 5.13672 0.11101
4.91975 2.49587 7.55435
7.98043 7.65749 -0.11867
7.55758 0.03257 7.49638
2.41965 7.62311 5.17110
2.53267 5.02007 7.68290
7.66435 5.00242 2.59498
2.48508 2.47853 0.05656
7.73291 -0.05444 7.43356
5.04588 5.01785 0.04255
2.63077 2.53952 0.06473
2.57612 5.01059 7.62130
-0.03983 5.03076 5.00303
0.02601 7.51725 7.61242
0.08691 -0.02611 -0.10657
7.54911 2.49184 5.02350
7.56050 4.91189 2.54830
7.48559 7.61212 0.10970
7.51563 -0.02974 7.57996
0.05102 2.59326 2.58560
0.00262 -0.04618 0.07713
2.43527 7.44627 5.05909
4.89293 7.45494 2.45453
5.09730 0.04900 5.05294
0.01432 2.51452 2.56765
7.37751 4.89918 2.40735
4.89394 7.58681 2.59215
2.51210 7.37368 4.89041
0.03367 5.01987 5.10839
7.47127 -0.12522 7.70145
-0.02208 7.71768 7.47793
-0.11322 2.49778 2.60082
7.50071 4.90140 2.49728
4.98236 2.69378 7.45403
0.07965 5.00676 5.09024
7.49678 7.50394 0.00968
-0.05777 2.51029 2.66142
7.51473 2.64609 4.96603
7.46048 0.16364 7.50071
0.15769 0.02218 0.10002
2.73391 4.96754 7.47641
5.17574 2.40291 7.63612
7.77475 7.61474 0.10909
-0.00524 2.54608 2.54759
2.59790 7.81911 4.76388
7.75670 4.84847 2.60445
5.03882 2.44425 7.71587
2.55092 2.56070 -0.01946
2.52309 0.01895 2.61575
-0.03821 2.53267 2.41642
7.61666 7.70337 0.04174
5.03227 0.12381 5.05273
5.12543 2.44606 7.52491
7.29987 7.33597 0.04114
-0.01664 2.57088 2.74641
4.95040 5.24823 -0.09266
5.13279 7.59579 2.39373
7.45322 5.24712 2.83988
0.10475 5.26204 4.92257
2.36641 0.04537 2.35956
7.74138 -0.09992 7.49325
-0.16353 2.65013 2.47218
5.09881 5.03428 -0.01936
7.60285 5.12926 2.46008
5.12059 7.66364 2.56665
4.85462 -0.00403 4.93316
0.06604 2.54073 2.13835
7.53650 2.60939 5.03580
7.44476 -0.20709 7.40685
0.02510 7.53499 7.42862
5.12190 5.11333 -0.10990
-0.02964 5.08066 5.05102
7.52320 7.58923 0.01200
0.05061 0.09266 0.00797
7.57068 5.03035 2.31560
2.67342 -0.01986 2.36208
5.04154 0.07179 5.15749
5.16112 5.29269 0.07663
5.06413 2.53257 7.51553
-0.01371 4.90805 5.05929
7.64902 7.56705 -0.05031
2.86770 2.58510 0.10163
2.34221 7.67594 4.95635
2.51492 4.99637 7.52814
7.66949 4.78374 2.48700
7.96994 0.01643 7.93274
2.68007 4.84262 7.55344
-0.01401 5.23754 5.06907
2.56907 2.64851 -0.14720
-0.01563 2.60768 2.64761
2.60617 4.96502 7.46109
-0.05757 5.05042 5.03156
2.53842 5.20467 7.34292
7.74460 7.55374 0.09649
2.50706 2.53075 -0.05656
7.51180 -0.02924 7.33072
5.31346 -0.23885 5.05505
-0.01472 -0.01664 0.16817
2.52057 7.56171 5.04114
5.06292 2.48649 7.44607
2.51301 2.49325 0.00060
2.54668 -0.04527 2.47933
4.95121 -0.05263 4.92540
0.01774 2.63541 2.47228
0.39260 2.31681 2.48387
5.01472 5.01573 0.00988
2.51946 4.99819 7.41824
-0.00857 2.39525 2.44263
7.56605 4.88244 2.62704
7.50212 7.62311 0.02994
2.46119 -0.01109 2.45695
4.98922 5.01835 -0.04043
7.62230 2.46814 5.17140
2.58106 -0.24520 2.46169
5.01462 -0.01502 5.07592
7.50706 5.01271 2.62855
4.88466 2.52168 7.38083
2.42469 7.25753 5.31387
2.53035 4.81237 7.64378
7.54215 4.99103 2.45100
-0.08610 7.48266 7.49718
5.11252 5.13722 0.02894
7.47299 5.03539 2.73683
5.11333 2.61292 7.58450
2.35220 -0.24954 2.52289
5.36771 0.41640 5.29219
-0.06503 -0.07421 -0.12391
5.09609 2.57290 7.54356
0.22272 5.09851 4.88849
7.61988 7.52632 -0.29783
5.34361 -0.16837 4.95080
0.00625 2.62301 2.49496
0.14317 7.55687 7.55667
5.05142 5.10839 -0.14609
2.49153 7.59992 5.11383
-0.03287 7.35462 7.55929
0.02964 2.45241 2.23070
-0.05686 -0.05354 -0.05828
2.61585 2.50555 -0.07552
2.67352 0.11534 2.62845
-0.22231 7.42479 7.60728
5.21768 4.99345 0.04053
2.43507 4.84201 7.62452
2.47984 -0.02299 2.52944
7.79602 0.02208 7.54860
5.15336 4.90332 0.06876
4.93447 4.88870 -0.01069
7.52914 2.50141 5.08762
2.43870 7.67493 5.17644
2.57874 5.03076 7.51301
4.92751 7.52108 2.52168
7.48781 -0.02319 7.41350
-0.08812 2.75357 2.42963
0.11927 0.01351 0.02692
4.84685 2.56322 7.76537
5.24168 -0.14781 4.97762
0.04860 2.87738 2.44647
7.75963 2.38506 4.82276
5.31296 7.35301 2.59911
0.02662 7.46300 7.66243
7.44526 5.11847 2.39071
7.49960 7.60305 -0.02127
4.82679 -0.15446 4.85028
2.45927 0.14559 2.44445
5.05848 -0.02400 5.01079
0.04003 0.04194 0.02137
4.96341 2.35451 7.50454
7.61817 2.56564 4.94667
7.68088 5.07240 2.36934
7.55324 2.68965 4.93719
5.05667 7.55183 2.39051
-0.00333 7.40513 7.61142
2.49284 4.87569 7.36521
0.06755 7.62493 7.43145
0.03317 -0.03075 0.07521
4.96814 4.98307 -0.02722
2.45231 7.57088 5.04185
4.75763 7.54558 2.71223
7.58187 7.42499 0.01805
2.52662 0.01502 2.70719
5.16808 -0.02067 5.07219
-0.34159 2.52974 2.33354
-0.02470 -0.02994 -0.00393
7.35492 2.47187 5.17302
5.11766 7.54780 2.55092
5.21133 2.32991 7.67907
7.87870 7.44072 0.15295
2.56312 2.54225 0.04920
0.09941 -0.23764 -0.06785
2.56755 5.22625 7.49799
7.39122 4.91672 2.75841
7.47883 -0.00323 7.66767
7.40231 5.13128 2.58006
5.16283 2.34030 7.66858
2.59195 0.14448 2.56836
5.15265 5.10536 -0.07693
-0.02359 0.04174 -0.00655
2.45090 5.32244 7.61898
2.58560 -0.08187 2.61081
5.15235 7.59135 2.33485
5.02461 -0.07592 4.97893
-0.05404 7.50837 7.55274
0.01401 2.40684 2.63863
5.25025 5.03338 0.06523
7.62583 2.68652 4.99738
4.94001 7.49859 2.50030
7.51483 -0.18874 7.66526
5.17957 4.97177 -0.20396
5.05163 2.51069 7.50928
2.46814 2.41481 0.04124
7.29312 0.21213 7.46875
2.67896 4.97167 7.59377
7.59478 5.07320 2.50242
5.02390 7.55223 2.42580
-0.02168 4.96482 5.00525
2.45695 0.01401 2.46048
4.96804 4.99910 0.02158
7.59286 2.41289 5.09810
5.07391 4.91642 -0.07279
2.59155 7.66344 5.08984
7.49769 4.97218 2.56382
2.69822 2.48901 -0.22746
2.50182 7.64086 4.97792
7.54941 5.12694 2.52359
0.06614 2.54124 2.36067
7.50908 2.54688 5.17796
-0.13611 5.01483 5.01059
7.65810 7.48761 -0.13268
7.54074 0.00837 7.53056
0.07773 2.56070 2.54809
-0.04487 2.48972 2.65577
2.46290 7.57179 5.05384
2.51392 5.12240 7.64267
4.95141 2.37337 7.41774
0.15123 4.90392 4.94606
2.72857 7.42923 5.15527
5.06665 7.59478 2.55596
2.23796 0.06876 2.54809
2.44445 0.06816 2.58227
0.08146 2.41208 2.41017
2.42176 4.94284 7.49859
4.98619 2.69187 7.90431
0.07784 7.58006 7.45161
5.02975 5.08298 0.12472
2.45977 7.57593 4.97359
2.50766 5.06393 7.52259
5.04709 7.44970 2.43840
-0.02843 5.05405 5.10960
7.80126 7.43790 -0.02712
7.57935 -0.02319 7.54780
0.07572 4.91471 5.04164
7.37821 2.50343 5.14065
7.55405 5.08833 2.47228
2.55515 2.02472 0.09084
0.04930 2.73089 2.36419
7.61505 4.98145 2.47197
5.09014 2.44253 7.65981
5.01281 0.06906 4.99093
7.63148 5.16485 2.43124
4.98196 2.48357 7.56574
0.00817 0.01674 0.04839
7.53862 2.48246 5.15759
5.22958 2.46713 7.94191
7.65195 2.46754 5.11545
2.53216 2.61605 -0.03972
4.98538 0.02067 5.01089
7.66566 2.58550 5.22060
5.03721 7.72464 2.68078
7.61908 7.41663 -0.00484
2.82737 2.58177 -0.11211
7.50837 -0.00645 7.54739
2.56322 5.08742 7.43608
7.07726 4.99547 2.37286
0.03821 2.46754 2.53821
7.50081 2.43860 5.02602
7.50545 0.03801 7.73139
4.80854 4.98942 -0.17987
7.49295 2.63369 4.91229
2.53146 -0.01835 2.58469
5.11645 2.55041 7.52672
-0.08227 5.02118 5.08470
0.01280 7.59024 7.64963
4.91592 5.05354 0.00454
7.70417 2.57259 5.08097
0.03972 4.98962 5.00888
7.56887 7.63420 0.10586
5.13279 -0.02127 4.94667
7.59004 -0.06412 7.58752
5.02723 5.14146 0.04446
-0.01442 -0.04719 -0.30912
2.53932 7.53570 5.20457
5.05717 7.62039 2.28908
5.10103 -0.13994 4.96956
-0.09155 2.47167 2.51260
2.59367 4.93114 7.57794
7.49870 7.45000 -0.08076
2.57229 2.69237 0.04477
5.16969 -0.13208 5.00091
2.51220 7.43367 5.22101
7.40513 7.43246 -0.00837
5.13853 0.01976 5.03953
5.06090 5.01664 -0.02309
2.64892 7.53066 5.13400
2.69651 5.27404 7.88061
7.60214 4.99900 2.50373
7.50495 7.59972 -0.03398
4.90664 7.51947 2.39474
7.72212 7.58046 0.06614
5.06040 -0.01664 4.95141
2.39182 2.53317 -0.00867
5.06433 -0.04688 5.05021
-0.14801 7.61252 7.55022
5.12422 7.54588 2.59841
7.50898 7.64983 0.01835
2.52591 0.01159 2.66686
-0.01512 2.60990 2.58318
5.08651 5.04386 -0.05495
7.63158 -0.08751 7.67907
-0.14256 7.56756 7.47541
4.88567 5.14620 -0.15930
-0.13278 -0.10516 0.02299
2.53952 5.09105 7.51967
5.02370 2.54194 7.64086
-0.07874 5.05213 5.02541
7.52975 7.46815 -0.14892
4.92590 2.41370 7.64338
4.98942 0.03882 4.89717
-0.00817 2.60042 2.48266
5.04164 5.09679 0.04487
2.60324 5.02531 7.49275
0.17049 5.02733 5.03338
7.61797 0.06816 7.55717
0.02450 4.93195 5.07008
5.02047 4.97349 -0.08913
7.63269 2.49274 4.98992
7.57996 5.04638 2.55112
-0.02752 4.93679 4.94435
2.43850 0.03136 2.43638
7.58147 2.52309 5.11797
2.23746 -0.04235 2.39222
7.60627 -0.06584 7.53872
0.09366 0.10849 0.13541
2.60375 0.00353 2.54951
-0.06886 2.51230 2.60365
7.52965 2.41995 5.07038
5.10708 -0.09729 5.07058
-0.13480 0.03095 0.04648
2.48407 7.62603 5.04003
7.53509 7.58651 -0.03337
5.17060 0.13712 5.08500
2.49597 7.63138 5.08530
2.45504 5.26376 7.79643
2.50514 2.55445 0.05071
5.03922 5.05929 0.18370
5.11968 2.53892 7.62130
2.54678 -0.10576 2.53771
-0.06533 0.05485 0.03126
7.57845 2.51402 4.97349
4.90281 -0.01714 4.97581
0.12250 7.60063 7.45595
5.06443 5.16021 0.16474
-0.02359 0.27817 0.37012
4.93941 2.64589 7.66737
2.53640 2.52430 -0.08167
2.60496 5.05273 7.62160
5.00384 7.56494 2.56886
-0.08459 4.88739 5.07794
-0.27746 7.72908 7.61031
2.44223 5.09659 7.50616
7.65215 2.63006 4.90321
2.22748 5.12835 7.31369
2.44032 -0.02682 2.51896
4.99607 -0.01815 5.03156
4.81449 5.11847 0.32536
5.11696 7.70014 2.43991
2.63289 2.85036 0.09467
2.42812 0.12835 2.37760
0.01391 7.58561 7.58893
7.44203 2.43084 5.02118
4.98619 2.47601 7.64005
5.14015 -0.14196 5.16435
0.04325 7.56816 7.57028
7.77273 2.44062 4.99728
7.76598 4.84000 2.61262
7.63471 5.19500 2.38769
0.07169 7.65336 7.28626
7.63007 5.02198 2.55959
5.05899 2.35401 7.72272
2.73179 2.47792 -0.19439
2.51392 0.07642 2.49012
7.56826 7.57542 -0.05545
7.05387 0.01260 7.13604
5.03620 7.42963 2.33677
-0.11302 0.13873 0.10838
7.59649 2.50666 4.96673
5.37517 2.55324 7.53045
5.02269 5.01029 0.04325
7.51513 5.26718 2.36187
4.91713 7.60164 2.50494
-0.29450 5.17251 5.02299
2.45211 0.08449 2.56271
-0.05475 0.08005 0.05828
2.54709 7.62886 5.12674
2.56050 4.99758 7.46623
5.09175 7.65537 2.49506
2.53499 0.06755 2.38305
-0.11786 7.47803 7.56262
2.43608 7.52047 5.01604
-0.10536 4.97066 5.03953
7.62614 7.58792 0.08590
-0.06120 -0.05202 -0.02269
7.52269 7.57512 0.03075
7.56191 0.01684 7.58167
0.07491 2.53458 2.46451
2.46885 7.60960 5.12170
7.76789 7.71688 -0.16071
0.05817 5.08863 4.96552
7.39787 7.66687 0.07542
5.00585 7.55768 2.73825
2.58358 0.08449 2.56987
5.13017 4.99113 0.08096
2.42711 5.01714 7.65124
-0.02621 -0.03317 0.03872
2.26942 4.98730 7.52904
2.43175 2.61645 -0.11433
2.39011 7.80046 4.95040
2.43134 4.90573 7.75085
0.08923 5.08782 4.96603
7.65800 7.48458 -0.03952
2.51603 0.26043 2.53095
4.97732 2.26146 7.32165
2.18705 5.07028 7.56423
7.37962 5.09377 2.52339
2.54840 5.16717 7.45514
2.35179 0.17583 2.50918
0.19328 2.69882 2.34857
2.56140 7.40060 4.96038
5.01825 7.20812 2.73825
2.33042 -0.05263 2.27749
0.04285 2.49133 2.48548
4.99516 5.02733 0.26526
2.47580 7.57381 5.11434
2.44364 5.12119 7.47006
-0.01664 5.08732 5.01220
2.10074 5.27737 7.47016
4.91703 4.95786 0.04688
-0.14125 -0.01603 -0.12905
7.54598 0.11242 7.44576
5.00434 7.59458 2.59145
7.64731 7.38698 -0.02954
0.22836 7.52098 7.42056
0.08741 0.26889 0.06927
-0.01815 4.89848 5.04114
8.05100 7.62926 -0.20749
-0.00776 7.53529 7.38396
-0.01744 2.49758 2.47288
7.37589 2.15257 5.08026
7.70135 4.98196 2.53469
2.45524 -0.11282 2.61161
7.69016 -0.02531 7.62099
2.52218 4.93427 7.82314
4.94929 7.39807 2.53741
0.03317 7.95966 7.37388
-0.06312 -0.09860 -0.14075
7.52188 5.05657 2.42640
-0.11070 7.45383 7.51321
0.03811 -0.08782 -0.08973
7.64680 2.33243 5.19006
7.52239 7.56978 0.02258
7.48186 7.46956 0.01613
5.20961 -0.27474 4.83677
2.39878 2.39747 -0.21969
0.00434 2.53579 2.35855
0.03367 -0.05737 -0.19459
2.57542 7.51543 5.29531
7.45504 5.05616 2.60264
5.09649 2.46350 7.57744
2.43134 0.03428 2.44102
7.61373 2.40140 5.08863
5.18683 2.72101 7.42923
0.00746 7.60537 7.61726
5.04648 5.05445 -0.03801
2.62089 -0.07320 2.50172
0.05999 7.61444 7.62382
-0.05344 2.41077 2.62401
5.22242 5.28241 -0.18743
0.04870 7.54598 7.62402
5.16717 5.01674 0.00181
0.02742 -0.03438 -0.00514
7.56675 5.16697 2.47349
7.58853 7.56887 -0.00131
0.03226 7.49345 7.45040
5.11696 7.56907 2.56614
7.44687 -0.17604 7.56342
4.95564 4.94858 0.09699
7.53761 4.92388 2.57562
0.02581 4.95050 5.18975
2.44626 2.49073 0.17412
4.87861 2.54759 7.96954
2.49405 2.43396 -0.01553
0.17110 7.67040 7.40947
5.02077 5.16354 -0.11847
2.70014 7.40715 5.29239
7.52209 5.12119 2.59518
0.09790 5.02481 4.95947
7.67231 7.68078 -0.06130
5.04618 0.17684 5.06715
-0.03105 -0.15275 -0.03045
2.44707 7.53035 5.03428
-0.11121 0.04204 0.07673
7.57542 2.92900 5.09861
7.53035 5.03287 2.53590
5.14358 7.70629 2.45534
2.53458 2.69661 -0.09014
2.45312 0.04850 2.64136
-0.34673 2.39565 2.87103
5.00454 5.02229 0.03892
7.50041 2.36591 5.31629
0.11373 4.98266 5.17715
7.63471 -0.16495 7.77132
2.52571 2.56312 -0.11554
2.62845 -0.15365 2.55172
7.42651 0.10304 7.42288
0.04477 7.49880 7.51069
0.33282 2.65114 2.80832
0.08439 0.03599 -0.10596
7.86892 4.97107 2.56866
5.33826 2.37307 7.56625
0.11635 7.50737 7.54185
-0.03257 2.49466 2.55031
5.11656 7.72827 2.95663
4.89989 2.48780 7.52410
7.57149 0.03781 7.58510
5.07139 0.13833 4.95423
-0.07884 0.05142 0.02279
7.62987 2.54144 5.22232
2.41017 4.99960 7.65416
7.56171 5.04114 2.52057
-0.21052 4.84464 5.08409
2.57743 2.48105 0.16888
2.69530 -0.11524 2.43800
4.98750 5.12502 0.06150
-0.06513 -0.00827 -0.20719
7.61666 4.97258 2.44132
5.07209 7.49970 2.61958
2.45483 2.46895 0.07612
7.67524 0.03872 7.61162
0.31668 -0.19086 -0.04134
5.01160 7.45433 2.53771
-0.22846 -0.09054 -0.15900
2.41329 2.66807 0.01533
2.50565 -0.02662 2.38758
4.94979 4.92610 -0.02853
0.03559 -0.08036 -0.07582
-0.04688 2.65870 2.74309
4.99154 5.07834 -0.09508
0.05434 0.34824 -0.09981
4.83627 7.56947 2.40341
5.14489 2.45594 7.66072
7.52118 7.59992 -0.09215
5.13087 0.02027 5.24833
5.09528 5.00757 0.03065
0.09669 0.05757 -0.02178
7.78816 -0.10365 7.85500
7.63642 5.05939 2.45685
7.55788 7.63702 0.11776
2.51876 2.40341 0.26960
7.54286 -0.11322 7.62069
5.05435 5.03287 0.15859
4.96209 7.66919 2.40866
5.28130 2.64337 7.40301
2.44818 2.44344 -0.06927
2.56907 5.03781 7.57189
5.03922 2.55525 7.56463
0.07723 5.04840 4.87246
0.09114 7.59518 7.64418
0.21274 0.12482 0.13198
2.28525 2.45251 0.46096
2.49103 0.07763 2.63531
2.52974 5.09861 7.46401
0.10445 2.38043 2.45725
2.40906 5.00636 7.56100
5.20044 2.46008 7.19512
4.97157 4.91108 -0.11786
2.64166 7.58853 4.77991
2.39575 2.57330 0.10042
2.56765 7.56806 4.99496
2.36389 2.39263 -0.02702
7.39596 2.61444 5.09831
2.54628 7.57764 4.99365
-0.08056 7.53247 7.65648
5.20881 4.99587 -0.04245
-0.10223 -0.08772 -0.08923
7.56171 2.52057 5.04114
7.49134 -0.04900 7.13654
5.08943 0.06705 5.03922
0.15113 0.11978 0.04880
2.65426 7.62664 5.09074
2.45877 5.02208 7.62241
5.00676 7.56221 2.54386
5.26174 2.63974 7.52582
0.31366 5.10173 5.24803
0.24782 0.17946 -0.17876
0.31134 7.47278 7.68804
7.61232 5.12956 2.55435
7.60022 2.45705 5.05677
2.41955 7.59710 5.10909
-0.03851 4.87529 5.07703
2.51744 0.04426 2.53680
7.58036 -0.00071 7.64882
4.93477 5.14428 0.11645
7.51301 2.48841 5.07431
5.03711 2.55868 7.72928
7.52390 7.64620 0.02016
7.47026 -0.06564 7.54386
4.99567 0.07370 5.02702
7.50061 2.45312 5.08560
2.54608 4.96502 7.50434
7.54296 7.66646 0.11262
-0.02833 5.03701 4.94616
2.62996 2.59447 -0.10808
7.47904 2.46865 5.12462
2.54910 7.62109 5.06665
7.51644 4.75027 2.65698
0.05918 4.96522 5.03297
2.52964 2.56392 -0.01210
5.08076 -0.08157 5.08974
5.08318 5.00878 0.11978
0.04255 -0.00383 -0.03448
2.53963 7.56070 5.04658
5.04114 0.00000 5.04114
7.48861 4.95010 2.50141
2.58802 2.49920 0.06201
2.53166 -0.03539 2.45473
0.18360 2.57280 2.63198
2.55233 4.93790 7.52128
5.12976 -0.00958 5.12452
7.74732 0.07370 7.71214
4.93185 0.17372 5.08298
0.04829 7.58087 7.65679
7.44496 2.58822 5.20447
2.79894 4.95151 7.51372
5.23200 0.14942 5.14378
0.02420 7.61202 7.66888
-0.10556 -0.02379 0.04073
7.51412 4.99224 2.36097
7.25309 0.10143 7.51039
5.08369 -0.21707 4.96230
0.02541 7.48176 7.57320
7.45595 5.06403 2.41047
0.06402 4.98387 5.05626
7.39535 -0.07259 7.55173
0.10294 7.66808 7.46048
0.12079 2.51936 2.64670
2.54194 7.48761 5.00414
2.59921 0.12099 2.45272
-0.03176 7.48327 7.51352
2.44304 7.61424 4.98095
7.28021 0.02783 7.66203
4.84322 0.03216 5.28432
0.19086 2.53277 2.62190
7.51573 2.63480 4.96300
0.17846 5.27807 4.99688
2.45463 -0.02510 2.57905
7.65074 0.00363 7.62432
5.08903 -0.12593 5.09216
2.49315 2.40866 0.12704
2.48720 0.04366 2.46512
7.53529 2.53640 5.04941
5.04890 2.53831 7.43971
-0.03539 5.13037 5.01866
7.55294 7.53066 0.02652
2.15973 0.13702 2.71949
7.74359 0.10173 7.57391
-0.02107 7.52118 7.51140
7.63037 2.53650 5.11313
2.09258 2.76799 0.29904
7.46300 -0.01764 7.58823
-0.21495 7.43014 7.33647
4.88013 5.00384 -0.20961
7.53166 7.55808 0.05616
4.95403 -0.12079 5.09316
7.48458 5.10557 2.47449
2.70296 2.43679 0.13127
7.69510 0.07511 7.62392
5.06554 0.05666 5.12079
2.28293 7.41340 5.23442
-0.00161 -0.01139 -0.07199
7.36037 2.56009 5.07602
2.50474 7.39384 4.98932
2.50212 0.02621 2.43406
5.00454 -0.02652 4.95100
5.04114 5.04114 -0.00000
2.69661 5.05223 7.55949
7.35018 5.02420 2.45897
5.12150 2.47137 7.57976
7.38678 5.34542 2.19350
0.32898 -0.05374 0.19005
7.52168 7.56484 -0.02652
2.64367 -0.05394 2.86599
5.08843 7.50575 2.54094
-0.09276 5.02299 5.20992
-0.14569 7.60133 7.28656
7.61000 2.49355 5.00747
5.17281 2.48256 7.60446
5.06403 4.98034 -0.02984
2.42570 5.10567 7.43568
7.52309 7.61323 -0.12946
7.71617 -0.22433 7.53449
4.96159 5.04951 0.15607
7.48529 2.41642 5.02410
4.99506 7.51503 2.62795
4.81701 2.62109 7.69076
2.62250 2.45725 -0.05959
4.89343 0.18188 4.69592
2.50020 0.09699 2.46209
7.67503 0.26990 7.44516
-0.02944 0.28553 0.10113
4.92348 0.06715 4.98397
0.09810 7.41905 7.43810
0.00565 -0.04729 -0.10889
4.93598 7.24866 2.56715
7.51644 7.56554 0.00262
7.66717 -0.19630 7.59972
4.95494 -0.20820 4.94193
0.01028 7.54286 7.38789
0.22403 2.58772 2.36409
5.01654 5.02440 0.04719
7.60093 2.55626 5.01321
2.48155 7.47904 4.95484
5.04114 7.56171 2.52057
5.05727 0.08328 5.15174
-0.21314 0.18269 -0.01462
7.27820 -0.27978 7.77505
-0.06150 5.16979 5.04830
7.52360 7.40695 0.04295
5.15951 0.10355 4.95171
7.51100 5.08681 2.48347
4.97581 7.69096 2.45554
7.53509 -0.04678 7.97196
-0.01422 7.59297 7.64237
7.67151 2.17576 5.00545
7.48488 7.37610 0.01492
7.52723 -0.16293 7.53650
7.53792 2.52924 5.02158
7.42328 4.94092 2.42287
5.00222 2.48135 7.56685
7.54336 7.59004 0.02843
2.59871 2.55354 0.08136
7.71597 2.67090 4.93034
2.52622 5.03701 7.51140
0.07844 2.48569 2.48004
0.42265 0.27898 0.23714
7.66717 5.18078 2.53015
2.41471 0.16767 2.43477
0.03781 7.50192 7.34575
7.57794 2.50000 5.05677
2.46935 5.47659 7.57603
7.31883 5.39644 2.29896
5.26124 7.36904 2.44455
7.77475 7.58006 0.12411
7.56171 0.00000 7.56171
4.98387 7.55072 2.40755
7.85168 7.78221 -0.04436
2.51654 2.42096 0.00131
7.67695 2.43336 4.89706
5.04114 2.52057 7.56171
2.48478 2.62613 0.06705
4.95363 4.98649 0.03438
2.38890 7.56201 4.90190
2.55203 5.01140 7.58994
2.38113 4.92116 7.64368
4.48601 7.89362 2.75982
7.46129 0.08207 7.65719
2.60819 7.40705 5.23714
4.88870 2.50595 7.34555
7.28546 7.36944 0.16888
4.98619 2.44536 7.60395
5.11313 7.57451 2.56755
-0.13631 5.00313 4.98206
5.23069 5.16798 -0.01220
-0.05273 0.05938 -0.07048
7.56040 7.68986 -0.12341
0.01593 5.07421 5.05737
-0.45128 -0.06927 0.17382
2.23806 2.79652 0.14791
5.03227 0.07632 5.04104
0.10607 7.54759 7.50444
2.55838 4.84786 7.64892
5.08449 2.66344 7.50162
0.18430 4.90251 4.92560
2.50514 -0.01240 2.55082
2.29321 7.41683 4.84222
2.56503 5.01109 7.36924
7.66052 4.89011 2.47722
5.11252 2.47732 7.57865
7.71859 0.05838 7.66001
2.46290 4.95857 7.52138
2.45645 7.33183 4.92701
2.50212 4.90826 7.50727
5.12079 -0.05555 4.68292
-0.16051 2.71435 2.73784
7.56181 2.33163 5.05415
5.01039 5.08661 0.07703
7.36773 2.35159 5.14489
0.00272 5.08782 5.02521
5.04295 -0.01502 4.91178
5.07744 7.57391 2.57048
7.42268 -0.06271 7.64983
0.15325 7.58500 7.56836
-0.07471 2.46290 2.39747
0.05757 0.13762 -0.14599
2.57633 4.90029 7.46774
5.18199 2.54688 7.45020
2.36722 2.52924 -0.10596
4.95463 -0.11887 5.11081
7.65628 2.27154 5.00615
2.55344 7.49154 5.00373
5.03469 7.46643 2.49708
0.05545 4.79906 4.75803
7.63944 7.66344 0.04759
2.66656 2.49123 -0.00827
-0.00423 7.60597 7.55737
4.88900 5.02571 0.10375
-0.13389 -0.01059 -0.09457
7.41179 5.12200 2.56423
0.33070 5.06866 5.14852
7.55798 7.56443 -0.09881
0.03015 7.43830 7.56685
5.00424 5.15809 -0.08298
2.42771 4.95544 7.65558
7.41209 -0.00928 7.40846
-0.03791 0.12522 -0.03317
5.00111 7.44103 2.46038
0.23744 2.64327 2.54265
4.91551 5.10879 -0.02460
5.11867 7.57280 2.58076
-0.10274 2.76325 2.68189
-0.01442 -0.02178 0.10163
-0.04991 -0.03236 -0.01774
7.82355 7.75035 -0.04083
0.07229 2.71153 2.46129
2.50514 2.54336 -0.02460
5.09286 -0.04819 4.99244
-0.08520 7.51926 7.47218
7.55737 2.43719 4.86339
2.62976 5.10546 7.66203
7.80671 7.52441 0.09145
2.58167 7.58782 5.00464
4.99224 2.46572 7.47289
5.05677 0.03851 5.03882
-0.03468 7.59700 7.51886
2.24472 7.31147 5.02934
5.03247 2.42570 7.60063
7.58540 7.56010 -0.02037
2.51634 -0.02571 2.51180
5.21577 0.03741 4.93296
7.45564 5.19116 2.58197
7.55929 2.30078 5.20619
7.38638 0.02087 7.36692
2.51775 5.20669 7.66263
5.04457 2.29846 7.59609
0.18985 4.91017 4.98458
7.44526 7.33526 -0.10415
-0.19479 7.64570 7.66929
-0.03438 5.04054 5.12886
7.23404 -0.12341 7.27195
0.02400 7.51120 7.53056
2.58994 2.51654 -0.04396
0.04920 2.32195 2.54033
-0.04386 -0.14650 0.05959
7.58792 7.63894 -0.03599
2.48538 2.40483 0.08247
2.67170 -0.24117 2.67362
5.11736 -0.04114 5.05173
5.13763 5.04689 0.06271
7.61424 2.68642 4.89535
7.56615 7.59105 -0.04295
2.45120 5.04759 7.64428
7.57189 7.42489 0.02611
2.71647 4.89364 7.32034
5.00263 7.53318 2.52642
2.49990 2.62573 -0.03942
0.09266 2.62946 2.52894
5.04043 5.10627 0.02319
0.02279 5.07028 4.93689
7.58248 -0.06896 7.64670
2.58489 5.06725 7.57663
5.00938 2.54699 7.54376
0.06775 4.90684 4.89112
2.61040 2.51593 -0.14569
-0.06745 2.38315 2.53469
5.15567 4.92933 -0.20144
2.47338 5.01714 7.48972
-0.03045 4.91783 4.83082
5.01190 2.47873 7.63723
7.57099 7.54911 -0.07108
5.01462 2.50151 7.36742
4.89263 0.07713 4.98841
5.04810 5.18189 0.02087
7.59680 4.96572 2.42590
4.99143 7.46149 2.55455
2.61675 2.45080 -0.08267
4.98851 7.57502 2.54023
-0.10687 7.69349 7.47924
4.85976 5.16435 -0.22544
2.56312 7.70568 5.07139
-0.04769 4.99315 5.04094
2.54073 2.34736 -0.08893
0.16747 7.65648 7.49184
7.43487 7.63854 0.10294
7.45897 -0.00948 7.59639
5.16717 7.59659 2.72211
7.44637 7.49426 -0.02027
2.66949 0.14791 2.67574
0.05666 -0.03045 0.03690
2.49778 7.79380 5.17544
5.08167 7.37055 2.49375
-0.15194 2.56735 2.61706
5.19883 4.91441 -0.00776
0.07400 4.92650 4.74099
7.52874 7.43649 -0.04910
7.63592 2.53539 4.96048
5.04215 7.51846 2.55213
-0.23260 4.95010 4.91219
7.57290 7.47369 0.12865
5.06030 0.00272 5.08520
0.03942 7.50757 7.57209
5.38323 5.17796 -0.01916
4.82578 7.67100 2.68098
7.49154 7.47238 0.03499
2.44344 7.58288 4.99063
5.09589 2.60133 7.61343
-0.02601 5.09498 5.02249
2.48962 -0.04668 2.49405
2.55677 7.58066 5.05183
5.00021 7.60274 2.46290
2.50716 2.60284 0.12361
2.53136 -0.07380 2.45635
5.19268 4.99093 0.04618
4.96603 7.59629 2.49002
-0.06180 0.02460 0.01371
5.00192 0.02944 5.04003
-0.04406 7.76164 7.72555
7.57341 5.01210 2.59901
4.85593 -0.18128 5.17483
0.13490 7.61202 7.70901
5.16344 5.16747 -0.08388
7.42802 2.56594 5.20800
7.54044 7.51100 0.01684
2.41773 0.15295 2.54981
2.61484 -0.06201 2.48548
7.51120 -0.06977 7.69913
0.27454 7.60073 7.54739
2.41864 7.49285 5.05112
5.09004 7.46593 2.50162
2.42559 2.44032 0.09538
2.59357 -0.12270 2.48175
2.57774 4.95443 7.52309
5.10012 2.65386 7.56534
-0.12996 7.47571 7.49164
2.71465 5.15084 7.76920
0.02309 5.09558 5.02279
2.61605 0.03700 2.49557
7.62331 2.49052 5.09236
2.52440 5.00545 7.54477
7.72857 0.00726 7.57613
0.07874 7.69843 7.59811
2.51946 2.48347 -0.05303
7.73220 0.02369 7.25440
7.49486 2.60093 4.98206
2.51684 -0.02813 2.45796
7.42943 2.48861 5.02813
7.57058 4.96693 2.46280
7.35603 0.12633 7.33304
2.43437 7.57744 5.04134
2.50938 5.02350 7.58913
7.51795 5.01825 2.51502
5.01604 7.57391 2.73946
0.05223 5.06675 4.85956
7.55667 7.57895 0.05838
2.50151 2.49113 -0.21475
7.60093 -0.02803 7.49567
7.63581 5.05102 2.51513
2.32881 2.67372 -0.06483
2.42186 -0.03378 2.46673
-0.04517 5.02995 4.97369
7.67604 -0.01200 7.53640
5.04114 5.04114 0.00000
2.41481 7.40675 5.04023
2.39948 7.60012 5.15225
7.59881 5.00192 2.45141
4.89958 2.33304 7.53156
7.67927 -0.07078 7.52340
5.20044 0.05182 4.87982
2.50716 5.10395 7.61444
5.00394 5.04033 0.16716
2.41380 0.08187 2.45735
7.42782 2.55556 4.75490
2.44768 5.18320 7.43649
2.50535 5.11726 7.51211
7.40312 4.95080 2.50252
0.06937 5.01412 5.04457
2.35794 2.49173 0.05011
7.63803 2.45715 5.06635
2.46804 7.63692 4.85018
2.09066 5.07219 7.46371
7.49597 7.53650 -0.01109
7.41542 -0.06251 7.59750
7.82849 2.42307 4.97440
5.06070 2.54951 7.55314
7.46643 7.52279 0.16515
5.02733 0.06947 5.08409
4.96401 4.95887 -0.00756
-0.01220 0.06957 0.08449
2.52329 7.57724 5.00626
5.04386 7.61918 2.53620
-0.10496 4.88335 5.13682
7.43840 7.54497 0.09195
2.39978 -0.06432 2.61706
7.37196 2.33697 5.00575
7.52531 7.50757 -0.05384
2.61665 -0.00867 2.46411
7.76860 0.25811 7.66737
5.06917 0.08993 4.86904
-0.10869 2.50444 2.47712
-0.12411 0.06049 0.02258
2.51230 5.06403 7.50273
7.58046 7.58561 -0.22020
7.51483 5.04406 2.46219
4.94354 2.31207 7.45020
4.97833 4.98297 0.02087
-0.00252 0.03428 0.03287
7.32689 2.70739 5.25640
2.44828 2.43104 0.00292
-0.24470 7.56473 7.43256
2.53942 4.96068 7.45222
7.49849 0.01805 7.64680
4.96179 -0.06906 5.10849
-0.07269 2.54003 2.45917
2.37438 7.27043 4.92298
7.55284 7.65900 0.06634
5.08359 -0.04174 5.13924
4.93356 5.23553 -0.08338
7.46946 2.47167 5.00232
2.48276 2.53237 -0.05485
0.04023 7.65981 7.41169
7.57784 2.58762 4.97601
2.55767 5.05132 7.58248
7.63934 4.99698 2.42680
2.60829 -0.00030 2.45342
4.91703 0.06644 5.12482
0.01714 0.33221 -0.05505
2.46623 7.55717 5.02622
7.20994 0.32667 7.54548
7.47178 7.46704 -0.14035
2.37347 2.49375 0.01936
2.42328 4.96542 7.48004
2.54416 0.02833 2.49859
7.60012 -0.05485 7.48488
5.01140 7.82939 2.76012
7.62755 7.50797 0.11262
7.57240 0.01018 7.50727
0.26829 0.00665 0.13661
5.03872 7.63622 2.60849
-0.04839 5.13511 5.00121
2.53277 2.42993 0.05959
4.96099 0.02601 5.32728
0.22836 2.76638 2.57471
2.55263 7.36722 5.09074
0.16797 2.60607 2.50756
0.12290 0.17463 0.50835
4.97006 7.55758 2.43487
7.70246 2.42580 5.07159
0.06291 4.99637 5.07260
2.61917 2.45887 -0.00847
-0.03005 7.43941 7.43336
2.39051 7.58863 5.05042
7.62019 7.41471 0.02430
2.54951 2.38678 -0.30116
0.07138 2.67745 2.32064
-0.01149 0.18561 -0.32949
7.75216 -0.14337 7.68159
0.07824 7.66515 7.58681
4.69844 5.05435 -0.23149
5.05475 2.50847 7.54487
2.50434 2.55495 -0.01674
0.07753 0.02813 -0.04638
7.49577 4.86319 2.80933
4.97258 7.48287 2.38103
5.07784 2.33506 7.66626
4.95171 -0.15355 4.94475
-0.06705 7.67372 7.65870
4.92681 5.12271 -0.02400
5.06272 2.53781 7.58762
7.51805 7.55022 -0.03388
7.52894 -0.15224 7.63279
-0.09155 2.62956 2.58600
5.06927 5.08822 -0.01543
-0.04638 4.89928 5.36145
7.43861 7.64701 0.12462
2.56120 2.49002 0.04517
7.78967 0.18158 7.42963
7.84240 5.16737 2.55959
4.95030 2.42025 7.64761
0.21959 5.12492 5.08046
2.64267 0.02904 2.53015
4.93749 5.11484 0.05414
2.49032 0.07410 2.51523
4.99285 -0.00766 5.05394
5.00777 7.59619 2.50635
-0.08610 4.80279 5.17554
-0.06241 2.53710 2.53337
5.08782 5.01351 -0.01885
-0.01442 -0.01099 -0.00938
2.38920 4.97540 7.46986
5.12351 2.61514 7.49829
7.43306 0.08469 7.55415
5.01604 7.53953 2.62311
5.05253 2.49476 7.54638
7.51332 7.52733 -0.12835
7.35351 0.07743 7.44647
2.50605 7.58883 5.00121
4.82225 7.72121 2.48710
7.46220 0.05525 7.68159
-0.06967 7.60033 7.53781
2.43729 5.35278 7.54124
7.57209 4.67979 2.71899
4.66134 0.28331 5.17846
0.03327 2.39162 2.66172
7.51755 -0.02289 7.55637
0.09417 -0.11605 0.23421
7.57411 2.56070 5.08006
0.03418 5.08268 5.03741
0.05918 2.48256 2.49657
7.54810 5.23119 2.37418
0.01331 7.29655 7.38799
4.91360 5.13783 -0.09286
2.63117 7.58117 5.13622
7.41279 5.07360 2.41299
5.09528 7.51533 2.58953
7.75347 7.59186 0.05414
-0.03488 -0.03983 0.11766
2.21709 7.56221 5.20800
4.87811 2.61454 7.47057
2.62815 2.64569 0.05969
7.61767 -0.10838 7.77828
5.02864 0.06967 5.06836
7.25289 2.45866 4.96401
7.61918 7.45554 -0.09407
2.58258 7.57320 5.09266
2.70044 0.02137 2.69157
7.55304 0.36498 7.34303
0.05465 2.63672 2.58893
2.51029 -0.03105 2.65618
7.65598 2.54265 5.12099
5.00595 2.61242 7.61525
7.45111 7.81034 -0.03609
4.81580 2.57784 7.35170
2.48609 5.09185 7.58732
7.76084 2.71284 5.09740
2.43376 4.99103 7.46553
5.04114 5.04114 -0.00000
0.06473 -0.23451 0.05686
2.53831 5.14620 7.30007
7.56121 5.04911 2.46844
-0.07199 7.71173 7.59670
5.09982 7.37247 2.49718
4.91683 2.65204 7.63501
-0.10052 7.79350 7.44123
2.48468 7.60779 5.16515
2.35673 2.66162 0.09397
7.56443 -0.24712 7.41148
-0.10304 7.63864 7.66344
-0.06483 -0.13057 0.15436
4.98448 7.56342 2.71949
7.45464 7.74692 0.02480
2.49042 5.09790 7.41834
5.07421 7.68270 2.56564
7.48619 7.47178 0.07118
2.59750 2.57643 -0.11211
-0.04880 2.41309 2.39827
7.51705 2.41844 4.79987
2.56655 7.45312 5.07986
7.61010 5.03832 2.54699
2.47076 2.61333 0.01391
5.00041 -0.04850 5.07582
2.55475 4.89606 7.83756
4.88224 7.59861 2.27930
2.57935 5.03277 7.43004
4.92348 -0.02752 5.07935
2.42701 5.11393 7.59700
5.20478 2.53186 7.58762
5.15235 4.89091 -0.01966
7.58510 7.61333 -0.00071
7.68713 0.06574 7.52199
-0.09447 0.03085 -0.06412
2.43699 7.87577 4.92681
2.52803 4.94848 7.73008
-0.00978 5.01120 5.05929
4.88063 -0.00272 4.93598
2.50242 7.58066 4.99123
7.43165 -0.23240 7.69540
2.46149 7.71093 5.09861
5.09458 0.05717 4.99123
0.05817 2.55747 2.60647
5.00716 5.02874 0.04466
7.57724 4.92116 2.55465
2.48992 2.57895 0.07360
0.18148 4.98317 4.98549
7.65638 2.48992 5.17453
4.96018 2.54174 7.58550
-0.07693 0.06009 0.05626
2.47349 2.41592 -0.07683
-0.07340 7.62462 7.45615
0.01674 2.59478 2.57370
7.58903 5.06866 2.56070
2.49879 2.59619 0.17352
-0.03398 -0.14327 -0.06574
5.19288 2.66233 7.55990
-0.00081 5.06090 5.09024
7.54356 7.65810 -0.01764
0.05465 7.52249 7.56685
0.03337 0.03579 0.06493
2.50454 5.40995 7.39908
5.28160 -0.03841 5.16505
0.04870 2.59336 2.71223
2.47681 7.70044 4.89394
2.52531 5.07562 7.39949
5.02581 2.63974 7.45766
0.22262 2.52652 2.49284
7.47258 2.51160 5.06191
2.49536 4.96593 7.61747
7.78029 4.79402 2.65023
2.36298 2.49809 0.00837
2.43779 0.06523 2.54951
7.54941 0.00464 7.59145
-0.10697 2.45735 2.58409
5.12684 5.15588 -0.09326
7.53429 2.44747 4.93165
-0.05051 5.10536 4.96189
7.50243 7.57855 -0.09256
2.69540 0.03983 2.66213
2.23927 7.31106 4.97198
5.03055 2.50908 7.51372
5.03277 -0.01502 4.89848
0.26758 5.06161 5.17039
2.41108 2.54073 -0.07179
7.70377 0.06342 7.38003
2.70205 7.61232 5.25912
2.43497 4.84706 7.57240
7.53630 7.54336 -0.00111
2.44909 7.64620 4.87438
5.08379 7.55485 2.58742
2.51260 2.47278 0.00494
7.56554 0.03075 7.65608
5.31830 0.11091 5.07844
7.52562 2.48468 5.09306
7.59871 5.02592 2.49325
2.62855 7.66697 5.06372
-0.32828 4.94274 5.15245
2.62956 2.63591 0.16606
2.54396 7.51644 5.07905
2.48629 4.96714 7.63864
7.38073 5.20296 2.62200
5.05838 7.58752 2.66021
2.57219 -0.05273 2.52359
5.13057 2.54194 7.54397
7.58278 7.50253 0.10102
-0.01744 7.51281 7.51190
7.52068 5.02299 2.47399
0.04013 7.54558 7.51775
4.88365 5.00242 -0.20659
5.05939 2.56040 7.50122
2.49486 2.55878 0.09397
4.93800 4.69623 -0.21989
5.01432 2.43860 7.59327
0.00464 5.11323 5.11555
5.07310 7.60849 2.54840
4.91914 0.30358 4.95947
2.68622 5.06655 7.51926
-0.04799 7.54225 7.56746
4.96451 4.93225 -0.02087
2.39706 7.65709 5.03317
5.06040 7.47349 2.65900
2.44505 -0.16757 2.54053
0.14156 2.59488 2.39605
2.57350 7.49648 5.12936
7.52854 2.50000 5.03781
0.13682 4.92267 5.19409
7.67957 7.69026 -0.08247
2.49163 2.56503 -0.04668
5.11242 4.99123 -0.04265
-0.15839 -0.18612 -0.02289
5.12049 2.59266 7.50747
7.33456 5.25025 2.54507
5.13672 0.02319 5.03882
0.03660 2.58671 2.33435
7.59498 4.97157 2.54346
7.61363 7.59115 -0.00645
5.10819 5.10173 0.17543
7.52219 2.44435 4.92035
2.58389 7.38487 4.85865
-0.10859 7.50212 7.16870
7.48014 2.62321 4.96189
7.56342 0.01664 7.56715
2.73028 7.58530 4.88033
2.54154 0.00050 2.49799
5.08631 -0.10173 5.00666
0.05334 -0.02843 -0.08157
7.43719 2.24815 4.99748
0.04013 5.02531 5.02178
7.53449 7.56897 0.03609
2.56503 7.41199 4.98851
0.16374 5.13168 5.16697
7.43598 7.46603 -0.30711
0.08177 7.53267 7.61676
-0.07491 2.54719 2.65598
-0.16676 -0.07854 0.33846
7.50172 2.50464 4.96774
2.58489 7.43185 4.91925
4.52594 7.59780 2.66666
7.40332 7.54830 -0.08046
7.60506 0.07854 7.50837
0.01472 7.59065 7.49819
7.77324 2.48296 5.05193
5.22585 5.07723 0.08701
2.51351 4.99466 7.45978
0.10385 2.43800 2.56110
7.75045 2.73200 4.91925
5.26063 7.48448 2.44616
0.17624 2.44092 2.71274
4.93860 2.44243 7.65013
7.59387 7.52965 -0.04285
7.52894 0.14236 7.49355
7.64146 2.86730 4.84595
4.86097 2.53448 7.63793
0.02621 7.59922 7.50706
5.03247 5.08449 0.18037
0.02601 -0.10506 0.08862
2.62371 5.09074 7.44939
2.53408 2.43759 0.02873
2.52571 0.10677 2.53408
7.49688 -0.13974 7.85016
0.01774 2.40261 2.85389
7.63733 2.43941 5.12553
2.66344 5.15618 7.47641
2.41531 2.45614 0.00313
4.93417 -0.06402 5.07240
0.06049 7.34857 7.42217
-0.14196 2.41783 2.85379
5.03519 5.10637 -0.11423
0.04618 -0.05384 0.08136
2.55858 5.07713 7.52965
4.98145 2.78170 7.68139
-0.06604 4.99103 5.18764
-0.07360 2.53721 2.41087
2.41420 7.55869 5.13309
7.56151 0.09629 7.58893
0.03690 2.52995 2.59851
4.87801 5.04790 0.08217
7.41673 5.02410 2.56513
5.00283 7.66687 2.50091
2.44062 0.00887 2.30975
5.23543 0.14488 5.05213
4.99789 5.20820 0.11645
7.36017 2.38416 5.20296
2.49657 7.62654 5.02713
7.46290 4.90090 2.57320
5.06110 7.39455 2.35814
7.56715 -0.06513 7.61847
5.05364 4.77991 0.27958
7.76951 2.58429 5.26769
2.35119 7.50616 4.94848
-0.03650 5.08712 5.04427
-0.10647 2.45645 2.67291
7.41542 -0.14549 7.52864
5.23371 7.52541 2.19219
7.58288 2.55253 4.91199
2.47671 7.52148 5.03267
2.37297 5.05132 7.51412
7.54669 4.95937 2.54688
7.76376 8.03820 -0.36024
2.40120 0.04819 2.74117
0.10365 7.58893 7.41048
7.43326 5.17554 2.31126
5.10889 7.63985 2.53811
5.03126 2.76759 7.59105
5.04215 5.06927 -0.15890
2.40775 7.40402 4.98912
5.08389 2.52148 7.50394
2.42559 0.00131 2.30239
5.10284 0.23109 5.35006
0.05233 7.52420 7.56847
0.07713 5.10506 5.26910
2.43870 2.37165 -0.02208
5.15215 0.01845 5.13208
2.50726 2.55576 -0.19237
5.05435 5.10073 0.08177
2.59316 4.74099 7.87597
7.40826 7.50706 0.10123
-0.00323 2.60617 2.57108
7.57451 2.46330 5.16233
2.83151 7.63995 5.11303
7.56605 7.36248 -0.17342
2.30057 2.28696 0.16081
5.02511 -0.04598 5.04537
0.04214 7.53862 7.59780
4.89807 4.98659 -0.08580
7.47097 2.62674 5.12049
0.15466 5.07834 4.97913
5.12311 -0.21042 4.90120
0.54706 2.31640 2.20298
7.36006 2.58288 5.25196
2.60839 7.63118 5.02521
2.24815 5.11968 7.63007
5.03217 7.62402 2.62139
-0.01442 7.55112 7.56736
2.33022 7.49809 4.95605
7.81548 5.26114 2.65839
-0.07340 5.22010 5.01180
7.37821 7.35351 -0.04839
2.46320 2.29967 0.12512
7.66435 2.55092 5.02723
7.40412 5.19994 2.39857
4.98992 2.93898 7.70044
7.68875 7.58359 0.13278
4.94153 5.10093 -0.02853
7.61878 2.55636 4.84302
2.57844 7.50928 5.02259
-0.04547 0.15547 -0.06201
7.45484 2.59084 4.91289
2.50595 7.19703 5.21476
7.37660 -0.11423 7.67201
5.08772 -0.07915 5.29380
-0.05959 0.03176 -0.07259
5.03731 7.63924 2.58248
2.57985 2.58106 -0.21092
5.08520 -0.08751 4.91562
0.13420 0.06664 0.04981
2.62543 5.11686 7.58571
4.80985 7.61787 2.42479
5.02713 2.44939 7.63783
7.56645 4.80279 2.65315
2.50283 -0.07683 2.64267
4.99708 0.13218 5.04820
0.16505 0.10294 0.17664
7.53358 -0.08550 7.65174
7.57915 4.93578 2.55707
2.33516 2.67947 0.04587
0.03025 7.61142 7.70770
4.90120 5.06866 0.03801
5.15860 2.59538 7.56352
5.06060 5.13874 -0.06241
7.63672 5.20891 2.77374
5.11091 7.72212 2.32427
0.03690 5.26356 5.28806
2.49305 2.60042 -0.08600
7.47248 -0.14700 7.28374
-0.05586 2.53529 2.58278
7.49698 2.43890 5.03590
2.45614 7.58066 5.07885
5.17302 7.55092 2.46522
4.93235 0.07380 4.77557
7.49476 5.08994 2.44727
4.96714 2.41612 7.56040
2.39928 2.50444 -0.11302
2.38678 7.52904 5.19046
7.40100 0.07148 7.45121
5.01442 -0.10465 4.97389
4.95131 4.95796 -0.07078
0.04144 -0.13621 0.00373
2.28787 7.54255 5.03791
0.03549 5.01402 5.15305
2.40291 2.69046 -0.03872
2.47833 0.03720 2.55959
5.05576 0.04930 4.99516
-0.05414 2.45231 2.52309
5.14307 5.06786 0.00877
7.53812 2.48115 5.48295
2.35472 7.50384 5.05979
-0.06352 5.11504 5.02067
-0.00504 2.53700 2.42680
4.82649 4.84030 -0.12230
7.51311 2.49143 5.10738
7.56443 -0.06422 7.46744
2.58106 7.58359 5.08147
7.73381 5.09498 2.53579
2.44042 2.60607 -0.02349
7.81387 -0.18007 7.52622
7.62553 2.56594 5.13390
2.51603 7.51886 5.02178
7.52824 7.41814 0.00958
7.58692 5.07703 2.98163
5.13138 2.38769 7.57048
7.58379 5.06030 2.42086
2.40251 2.60284 0.03912
7.54255 7.51674 0.02339
-0.02027 -0.02984 -0.05112
2.57512 4.70469 7.40856
4.75319 5.17009 -0.09266
7.59014 2.40654 5.08318
-0.01795 4.94990 5.15920
7.64287 -0.24429 7.43528
0.14680 0.02833 -0.09739
2.41491 7.58661 5.05223
2.50605 4.86510 7.53066
0.01593 4.97813 5.00666
-0.10768 7.70306 7.58107
-0.02631 -0.09981 0.11474
7.61494 5.01019 2.54779
5.35984 2.64196 7.41743
0.01583 5.05495 5.04003
4.94112 -0.15466 5.10284
7.60789 4.92106 2.61877
2.46703 -0.12260 2.61978
5.01311 2.50373 7.60385
2.44798 4.97137 7.58147
4.99769 7.49113 2.38496
2.32699 7.65406 5.21002
5.22928 7.35422 2.44374
5.03509 -0.01361 5.04739
0.17362 7.50727 7.62916
4.95433 7.61061 2.44011
2.59014 -0.12068 2.46824
0.24903 7.56635 7.63037
4.80340 5.09135 -0.11443
4.97288 7.62341 2.54215
7.47409 7.67302 -0.01018
-0.23250 7.58359 7.28828
-0.09215 0.10717 -0.04154
2.51634 4.95715 7.59690
7.34262 5.16384 2.72504
-0.21455 4.87559 5.12573
5.03378 0.04860 4.80128
0.06090 2.56413 2.42529
4.91189 5.25277 0.05313
5.03933 -0.08419 5.02430
5.12845 2.45130 7.53328
0.02188 4.97550 4.97056
5.25186 0.22967 5.16989
5.05697 7.57905 2.62613
7.36490 0.02581 7.52925
-0.07673 7.61988 7.61172
0.15194 2.53438 2.56503
7.52451 5.09064 2.37135
-0.10304 0.22776 0.02148
7.51785 2.44636 5.09690
5.08994 7.64660 2.59306
7.60002 7.40755 0.03065
7.58228 2.51190 5.05929
0.03136 7.50737 7.57603
4.99043 7.62674 2.48488
7.58419 0.03146 7.60154
-0.06100 7.48720 7.49829
5.05576 4.96230 0.13208
4.92429 2.43608 7.63672
7.17213 4.54963 2.71395
7.48972 7.48519 0.05142
-0.07592 7.53308 7.60587
0.05202 5.07794 4.97702
7.51211 7.45615 -0.09699
0.03488 2.53216 2.56312
5.02733 4.94737 -0.10455
7.37993 5.28957 2.84018
4.90573 2.43880 7.23172
2.44052 0.04819 2.65860
7.59478 -0.16313 7.56564
5.11656 5.06120 0.00746
2.73552 7.49446 5.15446
4.95141 5.07925 0.12220
0.05787 4.98327 4.96320
7.56221 2.49486 5.05132
2.65981 7.34323 5.15648
7.49406 5.06141 2.55082
5.06917 2.51855 7.59508
5.20135 5.19268 0.13752
-0.29350 4.97893 5.36216
5.08409 -0.02571 4.96794
7.61867 4.95695 2.47379
5.05435 7.61736 2.48266
0.10980 0.02984 0.11706
7.47863 2.55152 5.03015
2.44737 7.61303 5.00454
5.06352 -0.02974 5.03106
7.55001 2.50575 4.92923
2.44072 2.57834 0.05273
7.69964 -0.25518 7.47712
4.97964 -0.10949 5.18330
2.46199 2.39142 0.26113
0.20003 0.13167 -0.07763
7.60920 5.08550 2.31267
5.11313 7.56050 2.55233
7.57260 -0.13974 7.52441
0.00907 7.57613 7.57643
2.60425 7.48448 4.95968
7.46956 7.68895 -0.12048
2.61292 -0.02349 2.58167
4.73323 4.80431 -0.19973
0.03388 -0.15738 -0.09336
2.79551 7.64953 5.06937
2.57259 5.02047 7.54820
7.59901 2.54043 4.93679
2.48044 7.56383 5.11091
7.46553 7.65991 0.09185
2.68572 2.64327 0.14670
5.00978 0.00262 5.11141
0.04184 2.60173 2.56816
4.91884 7.48761 2.82455
7.78332 4.77104 2.56644
7.56746 7.60214 0.02702
0.16585 7.82617 7.58540
2.51140 7.62140 4.95756
5.18653 2.62210 7.69520
0.22322 5.06866 5.05495
0.07259 7.61736 7.56403
-0.04940 -0.01311 0.04819
5.17342 7.46341 2.57169
2.43961 -0.07158 2.59377
2.72101 7.21377 4.89797
7.51221 7.58964 0.16616
0.10234 7.58470 7.76356
7.61313 2.51603 5.04941
2.56866 2.49758 0.00292
0.00060 7.38003 7.52178
4.97984 7.73674 2.65678
5.13037 2.65114 7.54376
0.05384 5.13349 5.11283
5.02672 0.08630 5.06776
2.52168 5.02864 7.53661
0.06604 -0.03367 -0.08943
5.14116 7.53298 2.48185
4.91138 2.53045 7.61474
2.42207 0.06402 2.59306
7.50182 -0.05465 7.62503
4.98871 -0.02470 5.03822
-0.04456 7.58500 7.52582
0.14004 0.34512 -0.05233
5.05899 7.33567 2.52864
2.52158 0.07068 2.52017
5.08167 5.06342 0.14337
2.47954 4.94445 7.51967
5.06312 2.61928 7.55324
2.52914 0.17634 2.69943
7.62654 0.00434 7.58863
-0.10395 2.59185 2.50746
-0.05213 5.02934 5.12069
2.45070 -0.02410 2.62724
-0.15043 -0.07048 0.04214
7.57754 2.51502 5.12583
7.53781 5.07955 2.47076
5.05374 2.48216 7.58429
7.49658 -0.11383 7.32972
-0.05283 2.72786 2.51019
2.62532 5.11182 7.64650
5.05505 2.50454 7.59690
0.04083 2.42912 2.41410
5.09145 2.54376 7.63975
2.73280 7.87335 5.11978
5.06756 7.47470 2.57421
-0.09598 4.86601 5.06262
4.81449 0.10748 4.82578
0.00262 7.52430 7.65376
7.51090 7.58581 -0.02682
7.76265 0.06170 7.45564
7.60668 2.51160 5.07885
2.69429 5.08470 7.41804
7.58661 2.58006 4.99063
7.47893 5.28906 2.64579
7.54528 0.00575 7.53852
0.05334 2.62270 2.48589
2.54608 5.03449 7.51150
7.52108 5.07935 2.55989
4.94778 2.46391 7.65598
7.53973 7.53590 -0.05949
2.51432 2.53852 -0.01361
5.12865 -0.05243 5.03680
7.58883 5.17634 2.71909
5.12150 2.38325 7.52602
-0.14781 7.49033 7.52269
0.06312 2.47500 2.48891
4.96956 7.66465 2.46693
-0.04416 4.85563 4.97490
7.59044 7.40463 0.07078
7.67887 -0.00686 7.44223
-0.12079 5.13773 4.99960
2.32245 2.27224 0.08267
4.98155 2.55404 7.88989
7.59216 2.56503 5.04154
2.34121 5.07108 7.46865
0.07612 4.88607 5.05475
7.60859 2.42842 4.97329
2.48276 2.55112 0.04013
0.02077 2.72181 2.70024
5.10214 2.44526 7.70105
7.55485 7.69359 -0.01028
2.57330 2.49254 0.09276
0.05495 7.52894 7.64156
-0.02571 0.14418 -0.01512
2.55112 7.47641 5.06776
2.61746 4.86531 7.60890
5.02793 2.54255 7.53298
2.66031 7.42197 5.13642
7.63108 5.29310 2.64226
2.48730 0.12583 2.57270
5.01977 0.03015 5.08439
7.50837 2.48831 5.10375
2.55223 4.99355 7.59448
5.06302 7.58611 2.57330
5.02592 2.47328 7.59972
7.67594 7.51241 -0.17281
2.53680 2.58278 0.06886
2.43759 -0.09467 2.48992
0.10596 7.58268 7.50404
4.56919 5.03640 0.01936
4.85794 7.72454 2.47651
5.10325 2.56171 7.50747
7.40725 -0.07864 7.43477
2.41682 2.66303 -0.25407
-0.04174 7.56645 7.73230
5.15971 2.39273 7.54023
7.46744 7.65840 -0.04960
0.04184 5.06524 5.11524
2.45292 2.57118 0.02057
2.45181 -0.05061 2.49567
0.00676 2.59951 2.56413
7.43387 2.63621 5.16172
7.51221 5.17080 2.57683
7.45161 7.47016 -0.12613
7.38759 0.09296 7.47541
0.24177 2.35250 2.63420
0.26547 0.11504 0.03186
5.07129 7.51826 2.49889
5.19590 -0.03337 5.06070
-0.14266 7.38809 7.64136
2.28091 7.62069 5.14267
7.48811 5.17130 2.73623
7.70327 7.54699 0.07269
2.17082 0.12996 2.55576
5.02602 2.41511 7.66102
7.78503 7.92689 -0.05112
2.36137 0.30559 2.44354
-0.17503 0.05323 -0.01401
5.08550 4.88749 -0.06735
0.04749 5.05173 5.13097
5.04033 -0.11827 5.02823
0.04819 2.52813 2.57159
5.11847 5.16666 0.00403
5.04830 7.70195 2.60173
0.00534 5.08873 5.08318
2.56433 2.43840 0.15436
0.04295 0.07390 -0.07804
7.61152 7.49859 0.03630
2.56070 2.59861 -0.07350
7.48690 -0.02279 7.52269
-0.10707 2.50010 2.51694
5.02168 5.01624 -0.00262
2.40876 5.25277 7.70780
2.56191 2.47621 -0.07410
2.59256 0.10909 2.52380
7.34887 -0.06664 7.61646
4.98599 -0.04235 4.95847
0.16656 7.24513 7.52854
0.08318 2.50000 2.59841
7.63450 2.44768 5.16273
5.00434 7.54094 2.64559
2.42610 0.00766 2.41511
-0.06059 7.54457 7.48196
7.52279 2.49506 5.07098
7.38789 4.92207 2.44969
5.10163 2.70649 7.61505
7.51503 7.57824 0.08620
2.29846 0.29995 2.52158
5.08560 0.08015 5.07703
0.09729 0.06745 -0.04618
7.40906 5.15205 2.71939
2.55374 0.01462 2.49738
2.54457 5.08651 7.64650
7.74722 5.24107 2.46058
2.60375 -0.05707 2.72363
-0.11141 7.86942 7.67211
7.45726 2.39958 5.00041
2.41027 7.47490 4.98196
7.96692 0.07602 7.45262
0.18541 -0.02208 0.03408
2.65184 5.09569 7.57925
4.93628 2.42045 7.60184
-0.13046 5.19026 5.08429
4.96673 0.08116 4.86319
-0.01734 -0.02208 0.03599
2.50162 7.56332 4.65136
2.56513 5.01412 7.42610
7.54376 5.02581 2.52823
4.95867 7.45534 2.55868
7.58853 7.62533 -0.03952
-0.16767 7.63944 7.40231
7.54084 2.56584 5.07512
7.55606 5.03650 2.60113
5.17271 7.59478 2.11758
2.31348 0.05223 2.29069
7.49043 -0.03468 7.61757
0.02188 2.50565 2.49516
2.37670 5.02350 7.52178
7.63269 4.71084 2.68068
7.43508 7.30471 0.25438
0.35288 4.86036 4.82750
7.35069 7.43790 -0.19257
0.07199 -0.03660 -0.04880
2.57007 7.52078 5.09609
4.78727 5.25630 0.18904
7.68955 5.16203 2.52612
5.13037 2.45947 7.51573
4.98599 0.11574 5.01251
7.60254 7.64449 0.26446
7.69197 2.65235 5.06221
2.41491 5.03438 7.68129
4.92852 7.55102 2.50121
5.06322 7.53590 2.63400
-0.03650 4.96361 4.98155
5.00515 0.04497 4.98801
-0.04093 -0.03378 -0.14760
7.64983 2.29079 5.03076
4.99930 7.32750 2.78634
7.52511 7.56705 0.07179
2.54941 0.05858 2.40109
4.87307 2.61726 7.82002
4.99789 5.11202 0.05223
5.03096 2.58399 7.46472
2.43598 0.32404 2.49254
7.52642 -0.04325 7.54124
7.57643 2.48165 4.99728
5.23411 5.11353 -0.19701
7.44707 2.46996 4.98841
2.45332 5.07159 7.48055
7.62835 7.62553 0.11907
5.05042 4.96784 -0.13440
2.26629 4.80673 7.52118
2.49667 2.38133 -0.08499
7.43659 2.61958 4.75874
7.55274 5.09407 2.75438
4.90110 0.02531 4.73343
5.00242 4.97016 -0.07501
2.50837 7.43387 4.91854
7.75620 5.16495 2.37619
5.13269 2.50988 7.47228
-0.00030 4.98155 5.27233
2.24432 7.33183 5.01785
2.56171 7.57129 4.77053
2.24764 5.05092 7.50222
-0.22494 7.78352 7.42026
2.43558 5.08147 7.50354
4.85674 7.71849 2.50645
-0.05565 7.71385 7.51926
5.01977 4.87408 -0.19570
-0.17886 -0.26194 -0.47649
7.62029 2.45917 5.03993
2.18594 7.33274 4.91521
5.06826 2.51694 7.45282
7.38356 7.64408 -0.12996
4.93155 0.02934 4.93386
-0.01976 7.56625 7.58167
0.14881 2.43255 2.37055
5.06927 4.99748 -0.11453
7.56786 2.61313 5.12996
2.61010 5.13228 7.45948
4.96532 7.83746 2.20953
7.55495 7.73482 0.05081
2.35431 2.63047 0.02279
4.90311 5.01362 0.02218
4.78384 2.54215 7.38255
7.51826 4.97530 2.53771
7.45837 0.18098 7.73230
-0.01341 2.56302 2.47601
2.38900 7.46321 5.07713
2.51230 4.83859 7.51906
4.92519 7.56342 2.42580
-0.02642 -0.07400 0.02510
0.04749 5.09498 4.98780
-0.01321 7.60224 7.60920
5.14912 7.77404 2.62805
7.41138 0.01633 7.37781
2.44747 2.46179 -0.03720
0.03216 7.58823 7.47258
0.05868 2.71455 2.51744
0.05979 0.15900 -0.05465
2.53267 5.01351 7.54971
0.02309 -0.01906 0.05898
7.60012 -0.11423 7.56403
4.98861 0.01422 5.12008
5.05546 5.05435 -0.00857
7.38406 7.59377 -0.22080
4.85270 0.27988 5.20246
-0.04356 2.55757 2.60536
7.59317 2.55283 5.06050
2.64549 7.53338 5.16082
7.65094 5.03943 2.44001
2.50121 -0.13561 2.42459
2.61534 7.64307 4.99416
0.04396 5.08661 5.03459
2.44233 5.11151 7.50041
0.21848 -0.22695 0.02521
5.07139 7.47117 2.60032
0.05535 5.16223 4.97500
7.64156 7.42177 -0.06382
2.49899 2.56725 0.02974
0.04557 2.49335 2.43790
2.56292 7.49295 4.94647
7.64237 7.67463 -0.22181
-0.15567 7.63541 7.58177
7.63047 5.10526 2.37488
5.04739 2.59377 7.51553
-0.16132 5.09569 5.04245
0.10163 7.65447 7.53852
-0.04557 2.48831 2.46219
5.11283 4.99617 -0.05616
0.13470 5.05031 5.08570
0.08701 -0.03297 -0.01573
2.56423 7.74803 4.97016
4.85230 7.53731 2.30904
4.86440 2.60516 7.63319
5.22716 4.89696 -0.00595
7.37105 0.02349 7.40906
0.00262 2.53055 2.53630
2.47792 7.68018 5.34431
7.51826 7.40604 -0.12169
2.62845 7.60970 5.11010
4.94788 2.56080 7.62513
4.97006 -0.05303 4.98831
2.51492 5.15537 7.71496
4.93578 7.58329 2.86538
2.56886 0.00817 2.47076
7.72847 2.46552 5.13823
2.49698 5.05294 7.59710
7.48549 5.00464 2.52279
5.01321 2.53267 7.53368
4.77819 4.80622 0.05828
2.44455 2.47338 0.22746
2.42106 -0.05666 2.65759
7.54013 4.99748 2.68481
5.03207 7.58561 2.53408
-0.17503 5.22353 5.05183
2.48468 2.50857 -0.10687
2.39736 7.51241 4.88275
2.51351 5.02844 7.54437
5.19469 7.47077 2.41914
5.30701 2.56433 7.55506
0.01008 4.97903 5.21597
7.54296 7.58147 0.09558
2.63379 2.41249 -0.12230
7.49295 0.07259 7.40664
5.01039 -0.07209 5.12896
-0.05364 7.58702 7.63460
0.10758 2.50635 2.42045
-0.07088 0.12401 -0.28755
0.06090 4.96058 4.92398
5.02067 5.10375 0.05213
7.53681 2.47651 5.01099
2.44465 7.54618 5.13430
4.92358 2.27073 7.54326
0.23250 5.14771 5.02854
7.45101 7.69964 -0.11665
0.02148 2.37851 2.32245
5.05284 5.09639 0.04416
2.41955 7.56766 5.10274
2.49647 5.09125 7.52289
5.16223 2.45302 7.54356
5.04114 0.00000 5.04114
5.20891 5.13158 0.26849
7.49698 2.53630 4.97641
2.44505 7.57472 5.00797
5.06463 -0.04013 5.00736
0.03650 2.56120 2.69439
2.46824 7.64055 5.09468
2.57209 0.10153 2.52944
0.04214 2.55273 2.40704
0.11907 -0.00524 -0.14266
7.80752 -0.25397 7.29947
-0.09618 7.43457 7.64902
2.57340 7.46351 4.84998
-0.13914 4.66366 5.10214
7.52400 2.64982 5.20730
2.54436 2.60123 0.05888
2.69741 0.00746 2.48982
7.56171 0.00000 7.56171
0.06836 7.63592 7.61031
0.08509 2.53469 2.52511
2.39111 7.51644 5.05757
-0.16091 5.11192 5.03600
7.55929 7.59236 0.23935
2.57673 2.65971 0.05555
0.02521 2.49204 2.51039
0.01956 2.45100 2.37196
2.63480 7.61252 4.90009
2.47833 5.18320 7.57734
7.45070 0.06806 7.52965
7.51906 5.08762 2.58842
5.27505 7.42338 2.41955
7.73916 2.40523 4.87781
-0.05182 0.10455 0.00363
0.08983 2.66202 2.49688
-0.02621 0.06846 -0.02309
7.59095 5.05677 2.37508
4.95342 7.45363 2.61928
0.01180 5.11192 5.09881
0.01028 -0.08812 0.08419
2.55213 4.97359 7.59750
7.33950 5.23875 2.53791
5.01936 2.52662 7.53338
2.63117 -0.06957 2.37176
4.98609 -0.03882 5.03691
-0.00101 0.01018 0.01149
2.62936 4.94536 7.84301
5.22675 -0.08772 5.17090
-0.15315 2.55687 2.62079
-0.10536 -0.09457 0.03942
0.02813 7.37831 7.60829
0.19993 2.57774 2.76043
2.49859 7.54195 5.17745
7.59801 5.09246 2.49284
7.67181 0.07763 7.51422
5.15275 -0.12139 5.14680
-0.06382 2.50121 2.45907
0.15890 0.00302 0.20386
2.53700 7.46079 5.06856
5.09629 2.71314 7.65154
7.36561 7.16013 -0.11564
5.28100 -0.12986 5.01422
0.24913 7.50454 7.52138
5.20649 5.33716 -0.04577
0.04003 0.11665 -0.11343
0.22988 7.65074 7.66546
-0.06059 5.13279 4.91652
0.09427 7.75146 7.51725
5.08732 7.53751 2.40039
7.53096 0.18420 7.53540
5.38283 0.09114 4.88386
2.37387 7.50434 5.15769
2.51755 -0.06896 2.39827
-0.16535 2.42096 2.48599
7.76073 7.61222 0.12936
4.83849 5.31800 0.00161
5.11020 2.53398 7.52188
0.04487 4.97228 4.99728
5.16757 0.05727 5.06766
-0.20679 -0.06634 0.12673
2.47601 4.88880 7.28808
5.11232 2.39132 7.60496
-0.10486 2.45120 2.45413
2.64236 4.89495 7.41945
5.02128 2.51039 7.55243
0.00635 7.48629 7.68542
2.43729 0.04557 2.46965
4.86289 0.14902 5.01553
-0.03670 2.54729 2.59256
-0.07158 5.05717 4.98206
2.47490 2.58137 0.11736
2.52894 5.74750 7.66646
2.63732 2.65103 0.12159
2.39585 0.30055 2.55273
0.13026 7.55405 7.53177
2.48175 7.52178 5.15467
-0.09064 5.09437 4.99779
4.98196 4.83506 -0.15325
2.41965 7.57270 4.86712
7.50091 7.74601 -0.16505
2.67342 -0.06402 2.53065
5.06705 5.05435 -0.08116
7.50313 2.35925 5.17584
0.05243 7.74067 7.38426
0.06816 5.07411 5.03691
-0.06806 -0.07733 0.00040
-0.06281 7.60315 7.53963
7.48186 2.48195 5.08459
4.93981 5.24974 -0.19529
7.53943 2.42539 5.09115
7.57008 4.94737 2.42539
2.68279 -0.11605 2.61262
5.21708 -0.25246 4.93770
5.10899 5.15688 0.03488
2.58207 4.93507 7.70004
4.98518 0.04749 4.97520
0.17160 2.32437 2.67362
2.69388 -0.19781 2.56513
4.73575 0.06362 5.47347
-0.05797 2.51008 2.55152
7.44344 5.03912 2.64932
0.26879 5.39836 4.96552
-0.18561 7.71869 7.81135
-0.18824 2.44263 2.41975
5.09518 7.62714 2.43225
5.15688 5.08258 0.05928
0.19146 0.39381 0.31608
7.68754 4.90694 2.48024
0.00897 7.93375 7.49537
2.47873 7.53983 4.96966
5.00646 0.07421 4.93981
5.06685 7.60254 2.52541
2.59709 2.45685 -0.06533
7.69964 7.66808 -0.01835
4.94657 0.11030 5.01876
2.63873 4.94798 7.49295
7.53580 5.14116 2.49325
2.60758 2.37901 0.17251
