tried moves    experiment_1   _      experiment_2    _                                                                                                                                                                                                                                                                                                                                                                                                                                                                          
        0    18519   0.410E+01   0.504E+10   0.617E+01   0.868E+10
  OPTIMIZATION STUFF
       18519   6176082.0317672333        250730423544491.72     
   14580344.107097529       -8404262.0753302947     
        0    26777   0.622E+01   0.128E+04   0.317E+02   0.358E+04
  OPTIMIZATION STUFF
       26777  0.47291655476055722        667.30859463486308     
   25.827987621320723       -25.355071066560164     
        0    27016   0.686E+01   0.325E+04   0.105E+03   0.173E+05
  OPTIMIZATION STUFF
       27016  -5.0498816572031746        5179.6601796492705     
   71.792470878898669       -76.842352536101842     
        0    26929   0.246E+02   0.839E+04   0.544E+02   0.393E+05
  OPTIMIZATION STUFF
       26929  -14.672405412733095        13621.814241295677     
   115.78659145471066       -130.45899686744374     
        0    26752   0.194E+01   0.802E+04   0.145E+03   0.652E+05
  OPTIMIZATION STUFF
       26752  -63.951974891138967        29673531.018409792     
   5446.9662348244201       -5510.9182097155590     
        0    26876   0.234E+02   0.155E+05   0.190E+02   0.711E+05
  OPTIMIZATION STUFF
       26876  -42.227339039865342        218048.03822485876     
   465.04289056222655       -507.27022960209189     
        0    27131   0.547E+00   0.256E+05   0.174E+03   0.575E+05
  OPTIMIZATION STUFF
       27131  -87.395514945674122        20598854.000556979     
   4537.7545134707716       -4625.1500284164458     
        0    26876   0.705E+02   0.381E+05  -0.190E+03   0.145E+06
  OPTIMIZATION STUFF
       26876  -66.214465653089761        232204.26797588530     
   477.30484233261359       -543.51930798570334     
        0    26992  -0.227E+02   0.394E+05   0.462E+03   0.177E+06
  OPTIMIZATION STUFF
       26992  -67.933287294621493        152725.13693888203     
   384.85088724885179       -452.78417454347328     
        0    26919   0.420E+02   0.691E+05  -0.304E+03   0.258E+06
  OPTIMIZATION STUFF
       26919  -98.227496544471620        359368.98147427896     
   591.37157557400815       -689.59907211847974     
        0    27007   0.575E+02   0.710E+05  -0.303E+03   0.224E+06
  OPTIMIZATION STUFF
       27007  -105.68908691733328        316754.71249325824     
   552.79700559955870       -658.48609251689197     
        0    27147   0.235E+03   0.599E+05  -0.150E+03   0.550E+05
  OPTIMIZATION STUFF
       27147  -80.992291092982398        120964.20300409704     
   338.23727143472325       -419.22956252770564     
        0    27180  -0.154E+03   0.118E+06   0.252E+02   0.681E+05
  OPTIMIZATION STUFF
       27180  -109.98172991813664        220382.96292903257     
   456.38468643595684       -566.36641635409342     
        0    27280   0.116E+03   0.863E+05  -0.338E+02   0.719E+05
  OPTIMIZATION STUFF
       27280  -107.33014240772251        172558.14944269916     
   401.29588830866078       -508.62603071638330     
        0    27470   0.179E+03   0.171E+06   0.677E+01   0.551E+05
  OPTIMIZATION STUFF
       27470  -173.72838895721586        341907.10783905623     
   558.32387975921870       -732.05226871643458     
        0    27685  -0.165E+03   0.997E+05   0.955E+03   0.163E+06
  OPTIMIZATION STUFF
       27685  -153.91617242563848        268981.22529650154     
   495.26865150374971       -649.18482392938813     
        0    27396   0.840E+02   0.936E+05  -0.979E+03   0.151E+06
  OPTIMIZATION STUFF
       27396  -139.46504840406442        220982.98551266923     
   448.92369706479207       -588.38874546885654     
        0    27265   0.157E+03   0.145E+06   0.480E+02   0.316E+05
  OPTIMIZATION STUFF
       27265  -156.45507344921336        260678.88561249772     
   486.00483084481675       -642.45990429403014     
        0    27239   0.146E+03   0.147E+06   0.502E+03   0.862E+05
  OPTIMIZATION STUFF
       27239  -150.28401930239170        252334.25670300954     
   479.32136426965980       -629.60538357205155     
        0    27358  -0.413E+03   0.933E+05  -0.533E+03   0.991E+05
  OPTIMIZATION STUFF
       27358  -124.71788323526441        173155.93480621630     
   396.99040845785089       -521.70829169311526     
        0    27655   0.284E+02   0.124E+06   0.561E+03   0.180E+06
  OPTIMIZATION STUFF
       27655  -134.62938246792490        192106.95528578450     
   417.11135762777991       -551.74074009570484     
        0    27327   0.182E+02   0.829E+05  -0.312E+03   0.168E+06
  OPTIMIZATION STUFF
       27327  -123.59622573091728        153690.61192098242     
   372.04110647353821       -495.63733220445550     
        0    27227  -0.243E+03   0.596E+05   0.200E+03   0.820E+05
  OPTIMIZATION STUFF
       27227  -103.85212223437776        106269.45914349372     
   309.00517123651764       -412.85729347089540     
        0    27216   0.147E+03   0.751E+05   0.171E+03   0.192E+06
  OPTIMIZATION STUFF
       27216  -107.07790743544965        116399.91112315835     
   323.93553812819556       -431.01344556364518     
        0    27292   0.605E+02   0.833E+05   0.574E+01   0.163E+06
  OPTIMIZATION STUFF
       27292  -106.67946521600024        108552.32934377124     
   311.72395006639999       -418.40341528240026     
        0    27580  -0.164E+03   0.436E+05   0.233E+02   0.148E+06
  OPTIMIZATION STUFF
       27580  -95.740680064656075        90715.766119551306     
   285.56871029632862       -381.30939036098471     
        0    27529   0.125E+03   0.349E+05   0.223E+03   0.106E+06
  OPTIMIZATION STUFF
       27529  -95.876112247550680        85757.390608527057     
   276.70410497284303       -372.58021722039371     
        0    27275  -0.700E+02   0.940E+05  -0.884E+01   0.244E+06
  OPTIMIZATION STUFF
       27275  -107.13567383841360        106625.47280750205     
   308.45975458508536       -415.59542842349896     
        0    27219   0.815E+02   0.573E+05   0.454E+03   0.173E+06
  OPTIMIZATION STUFF
       27219  -91.894388876756423        74551.318864954883     
   257.11231039746491       -349.00669927422132     
        0    27200  -0.407E+02   0.569E+05   0.279E+03   0.193E+06
  OPTIMIZATION STUFF
       27200  -92.871359398738150        73515.394383430248     
   254.73575521873772       -347.60711461747587     
        0    27191  -0.332E+02   0.509E+05  -0.286E+03   0.261E+06
  OPTIMIZATION STUFF
       27191  -92.519159966758778        73503.137041854818     
   254.83983613418863       -347.35899610094742     
        0    27251   0.204E+02   0.314E+05   0.349E+03   0.144E+06
  OPTIMIZATION STUFF
       27251  -94.687105380625979        73381.467288926011     
   253.80271740776189       -348.48982278838787     
        0    27270  -0.632E+01   0.416E+05   0.504E+03   0.244E+06
  OPTIMIZATION STUFF
       27270  -92.974661615980509        64421.861603054545     
   236.17276282511594       -329.14742444109646     
        0    27306  -0.171E+02   0.792E+05  -0.372E+03   0.519E+06
  OPTIMIZATION STUFF
       27306  -100.31391675895379        72106.551851625904     
   249.08566790585041       -349.39958466480419     
        0    27380  -0.297E+02   0.555E+05   0.280E+01   0.378E+06
  OPTIMIZATION STUFF
       27380  -106.93336918545376        78738.330487545303     
   259.42934499048630       -366.36271417594003     
        0    27511   0.101E+03   0.877E+05   0.863E+03   0.507E+06
  OPTIMIZATION STUFF
       27511  -117.97326880140371        95273.858299576343     
   285.23002322316648       -403.20329202457020     
        0    27575   0.437E+02   0.143E+06   0.706E+03   0.949E+06
  OPTIMIZATION STUFF
       27575  -130.63748496343146        112347.54461395978     
   308.67684094597865       -439.31432590941012     
        0    27489  -0.411E+01   0.861E+05  -0.179E+02   0.747E+06
  OPTIMIZATION STUFF
       27489  -147.66434310077040        136578.70158497131     
   338.78303287146667       -486.44737597223707     
        0    27512   0.621E+02   0.118E+06   0.537E+03   0.101E+07
  OPTIMIZATION STUFF
       27512  -161.81654358052370        157848.95992362505     
   362.85584761345314       -524.67239119397686     
        0    27426  -0.857E+02   0.132E+06  -0.507E+03   0.115E+07
  OPTIMIZATION STUFF
       27426  -167.01809570702170        178762.06216120286     
   388.41603708858753       -555.43413279560923     
        0    27439   0.132E+03   0.146E+06   0.160E+04   0.125E+07
  OPTIMIZATION STUFF
       27439  -186.01803691213541        193277.91956856416     
   398.34056975397272       -584.35860666610813     
        0    27395   0.152E+02   0.864E+05   0.731E+02   0.763E+06
  OPTIMIZATION STUFF
       27395  -190.54095611540041        192092.62364680201     
   394.69832491338377       -585.23928102878415     
        0    27344  -0.710E+02   0.175E+06  -0.995E+03   0.153E+07
  OPTIMIZATION STUFF
       27344  -232.03433110342814        298553.52965646831     
   494.68535337712700       -726.71968448055509     
        0    27298   0.894E+01   0.147E+06   0.295E+03   0.121E+07
  OPTIMIZATION STUFF
       27298  -252.94058706017734        321827.98870013683     
   507.78838911281701       -760.72897617299441     
        0    27279   0.488E+02   0.130E+06   0.532E+03   0.137E+07
  OPTIMIZATION STUFF
       27279  -252.81367318121454        322104.45148406154     
   508.12370357687860       -760.93737675809314     
        0    27205   0.132E+03   0.147E+06   0.109E+04   0.132E+07
  OPTIMIZATION STUFF
       27205  -276.36165141474794        389247.81231763388     
   559.34966697491404       -835.71131838966198     
        0    27218   0.573E+02   0.165E+06   0.470E+03   0.120E+07
  OPTIMIZATION STUFF
       27218  -291.14434677678088        405459.94823785796     
   566.29931800928341       -857.44366478606435     
        0    27259  -0.235E+03   0.105E+06  -0.209E+04   0.998E+06
  OPTIMIZATION STUFF
       27259  -305.79735639728591        436198.65478308615     
   585.39442396004893       -891.19178035733489     
        0    27230   0.132E+03   0.941E+05   0.162E+04   0.985E+06
  OPTIMIZATION STUFF
       27230  -314.22442834433423        443666.36401674896     
   587.30688115194539       -901.53130949627962     
        0    27206  -0.873E+02   0.130E+06  -0.140E+04   0.105E+07
  OPTIMIZATION STUFF
       27206  -351.08759786989378        554748.08237198007     
   656.87562064208760       -1007.9632185119814     
        0    27239   0.116E+03   0.175E+06   0.638E+03   0.140E+07
  OPTIMIZATION STUFF
       27239  -370.30263124402057        629847.43131346011     
   701.94258497915268       -1072.2452162231732     
        0    27190   0.285E+03   0.834E+05   0.277E+04   0.848E+06
  OPTIMIZATION STUFF
       27190  -351.29528002052365        511076.57030578982     
   622.63006395538889       -973.92534397591248     
        0    27227  -0.240E+03   0.217E+06  -0.217E+04   0.182E+07
  OPTIMIZATION STUFF
       27227  -398.64767657766015        709103.45334942895     
   741.74354281561648       -1140.3912193932765     
        0    27196   0.510E+02   0.354E+06   0.110E+03   0.292E+07
  OPTIMIZATION STUFF
       27196  -548.96219068160894        1317166.2503356684     
   1007.8723944715011       -1556.8345851531101     
        0    27219   0.411E+02   0.125E+09   0.387E+03   0.109E+10
  OPTIMIZATION STUFF
       27219  -21837.259005009437        26588383822.976486     
   161590.58741809381       -183427.84642310324     
        0    27230   0.390E+03   0.999E+05   0.188E+04   0.713E+06
  OPTIMIZATION STUFF
       27230  -446.52328478004239        786993.24271961465     
   766.55736828293277       -1213.0806530629752     
        0    27209  -0.470E+03   0.244E+06  -0.357E+04   0.166E+07
  OPTIMIZATION STUFF
       27209  -507.25750701503955        1086560.0819142407     
   910.63159592182376       -1417.8891029368633     
        0    27219   0.542E+03   0.124E+06   0.324E+04   0.706E+06
  OPTIMIZATION STUFF
       27219  -425.31437417201545        713313.28296268370     
   729.67182081080159       -1154.9861949828171     
        0    27208  -0.214E+03   0.205E+06  -0.523E+03   0.170E+07
  OPTIMIZATION STUFF
       27208  -547.63990556101066        1219592.8973404579     
   959.00126755786152       -1506.6411731188723     
        0    27229  -0.266E+03   0.339E+06  -0.241E+04   0.224E+07
  OPTIMIZATION STUFF
       27229  -621.16404927192718        1610952.0358112068     
   1106.8456349931139       -1728.0096842650410     
        0    27299   0.104E+04   0.207E+06   0.696E+04   0.143E+07
  OPTIMIZATION STUFF
       27299  -642.75672158158375        1615503.1728935011     
   1096.5249517248549       -1739.2816733064387     
        0    27331   0.288E+03   0.358E+06  -0.232E+02   0.239E+07
  OPTIMIZATION STUFF
       27331  -655.90106722169355        1823557.8882276677     
   1180.4031846132536       -1836.3042518349471     
        0    27349  -0.972E+03   0.326E+06  -0.502E+04   0.191E+07
  OPTIMIZATION STUFF
       27349  -655.43887174193208        1760063.9219065751     
   1153.4573279130175       -1808.8961996549497     
        0    27416  -0.432E+02   0.237E+06  -0.785E+03   0.147E+07
  OPTIMIZATION STUFF
       27416  -612.44863896528045        1338810.9204647001     
   981.69118621605014       -1594.1398251813307     
        0    27450   0.258E+03   0.216E+06   0.334E+04   0.152E+07
  OPTIMIZATION STUFF
       27450  -616.18303164791621        1443651.3577194475     
   1031.4891319003950       -1647.6721635483113     
        0    27397  -0.379E+03   0.155E+06  -0.430E+04   0.109E+07
  OPTIMIZATION STUFF
       27397  -615.93556107744064        1433187.3749713779     
   1026.5528527901504       -1642.4884138675911     
        0    27457   0.128E+03   0.344E+06  -0.494E+02   0.175E+07
  OPTIMIZATION STUFF
       27457  -638.91857272888444        1705930.6792351541     
   1139.1723911055954       -1778.0909638344797     
        0    27355   0.442E+03   0.555E+06   0.197E+04   0.270E+07
  OPTIMIZATION STUFF
       27355  -717.58055736098106        2146757.8951452146     
   1277.4333794146442       -1995.0139367756251     
        0    27332  -0.226E+03   0.291E+06  -0.665E+03   0.165E+07
  OPTIMIZATION STUFF
       27332  -631.94512716862096        1489894.3093317756     
   1044.2890718472597       -1676.2341990158807     
        0    27318   0.544E+03   0.393E+06   0.385E+04   0.216E+07
  OPTIMIZATION STUFF
       27318  -653.14878848372518        1676201.5472134526     
   1117.8542871571833       -1771.0030756409085     
        0    27306  -0.107E+03   0.428E+06  -0.202E+04   0.222E+07
  OPTIMIZATION STUFF
       27306  -589.19505250107750        1323038.4830188937     
   987.87027140568728       -1577.0653239067647     
        0    27376  -0.842E+03   0.235E+06  -0.439E+04   0.143E+07
  OPTIMIZATION STUFF
       27376  -552.85863647136432        1217590.8588440802     
   954.95454704561939       -1507.8131835169838     
        0    27355   0.468E+02   0.367E+06  -0.300E+02   0.158E+07
  OPTIMIZATION STUFF
       27355  -399.34083944157936        692384.46107032348     
   730.00777737255521       -1129.3486168141346     
        0    27434  -0.717E+03   0.240E+06  -0.294E+04   0.114E+07
  OPTIMIZATION STUFF
       27434  -311.98439251296816        415257.71781897836     
   563.84701528632093       -875.83140779928908     
        0    27383  -0.104E+02   0.256E+06  -0.252E+03   0.109E+07
  OPTIMIZATION STUFF
       27383  -249.33022170638893        247214.44318060897     
   430.17308577414730       -679.50330748053625     
        0    27396   0.417E+02   0.590E+06   0.231E+03   0.253E+07
  OPTIMIZATION STUFF
       27396  -375.20072793502601        733521.98507603293     
   769.90025252175326       -1145.1009804567793     
        0    27444  -0.636E+02   0.144E+06  -0.984E+02   0.617E+06
  OPTIMIZATION STUFF
       27444  -196.54949335003906        145904.05615848117     
   327.52458353889119       -524.07407688893022     
        0    27370   0.460E+02   0.131E+06   0.671E+02   0.467E+06
  OPTIMIZATION STUFF
       27370  -174.55887395144481        108357.15681458639     
   279.08127192520459       -453.64014587664940     
        0    27357  -0.701E+01   0.135E+06  -0.547E+02   0.382E+06
  OPTIMIZATION STUFF
       27357  -135.61126875774954        71212.266833850139     
   229.83004725179768       -365.44131600954722     
        0    27368  -0.599E+02   0.669E+05  -0.328E+03   0.240E+06
  OPTIMIZATION STUFF
       27368  -126.58297140449760        51581.721879488352     
   188.56954481012170       -315.15251621461931     
        0    27280   0.146E+03   0.434E+05   0.480E+03   0.129E+06
  OPTIMIZATION STUFF
       27280  -93.007724690281748        27566.974779198074     
   137.53740555621525       -230.54513024649700     
        0    27336  -0.197E+03   0.561E+05  -0.610E+03   0.178E+06
  OPTIMIZATION STUFF
       27336  -100.36082373554383        33050.212351498652     
   151.58468725640381       -251.94551099194763     
        0    27358   0.186E+03   0.289E+05   0.518E+03   0.786E+05
  OPTIMIZATION STUFF
       27358  -82.396681827953458        22104.464002321143     
   123.75480122429249       -206.15148305224596     
        0    27290  -0.207E+03   0.387E+05  -0.581E+03   0.118E+06
  OPTIMIZATION STUFF
       27290  -82.295073051509959        21921.941254273021     
   123.08315159159544       -205.37822464310540     
        0    27296  -0.204E-01   0.807E+05   0.225E+02   0.271E+06
  OPTIMIZATION STUFF
       27296  -78.946272137869045        22128.729449810617     
   126.08019497662644       -205.02646711449549     
        0    27330   0.919E+02   0.453E+05   0.276E+03   0.137E+06
  OPTIMIZATION STUFF
       27330  -84.635902691234421        22714.515679545522     
   124.70476997767736       -209.34067266891179     
        0    27303  -0.645E+02   0.476E+05  -0.178E+03   0.161E+06
  OPTIMIZATION STUFF
       27303  -84.402647680065641        23783.640846939226     
   129.07297901394364       -213.47562669400929     
        0    27299  -0.198E+02   0.207E+05  -0.117E+03   0.779E+05
  OPTIMIZATION STUFF
       27299  -67.374230774254173        13832.542233853015     
   96.401531426790910       -163.77576220104510     
        0    27311   0.404E+02   0.379E+05   0.143E+03   0.105E+06
  OPTIMIZATION STUFF
       27311  -67.735595714738935        15016.395785791598     
   102.11897403989641       -169.85456975463535     
        0    27305   0.398E+02   0.304E+05   0.103E+03   0.120E+06
  OPTIMIZATION STUFF
       27305  -67.264847023614990        14142.982921968420     
   98.073560539311984       -165.33840756292699     
        0    27295  -0.942E+02   0.254E+05  -0.238E+03   0.646E+05
  OPTIMIZATION STUFF
       27295  -63.012354983037653        11845.343869879189     
   88.739996559447974       -151.75235154248563     
        0    27315   0.390E+02   0.176E+05   0.145E+03   0.582E+05
  OPTIMIZATION STUFF
       27315  -59.825082525035910        10633.769603445411     
   83.992434804082521       -143.81751732911843     
        0    27273   0.406E+02   0.327E+05   0.382E+02   0.131E+06
  OPTIMIZATION STUFF
       27273  -69.544710101662290        15736.699999174518     
   104.40418236857309       -173.94889247023536     
        0    27256  -0.707E+02   0.252E+05  -0.176E+03   0.755E+05
  OPTIMIZATION STUFF
       27256  -59.401243426140169        10576.905072847996     
   83.954733947981964       -143.35597737412212     
        0    27275   0.298E+02   0.276E+05   0.117E+03   0.862E+05
  OPTIMIZATION STUFF
       27275  -58.767713009602289        10542.599100737976     
   84.195932255418370       -142.96364526502066     
        0    27248  -0.460E+02   0.194E+05  -0.161E+03   0.822E+05
  OPTIMIZATION STUFF
       27248  -61.062618539650330        11019.225315601929     
   85.384904594917018       -146.44752313456735     
        0    27261  -0.145E+01   0.131E+05   0.238E+01   0.270E+05
  OPTIMIZATION STUFF
       27261  -46.936822586738167        6128.3713789214235     
   62.652263042786323       -109.58908562952449     
        0    27226  -0.325E+00   0.187E+05  -0.647E+02   0.503E+05
  OPTIMIZATION STUFF
       27226  -43.502155214156168        5555.2538172324948     
   60.521205448635605       -104.02336066279177     
        0    27239  -0.125E+02   0.661E+04   0.299E+02   0.368E+05
  OPTIMIZATION STUFF
       27239  -38.673744775734363        4072.7389284714900     
   50.764952412987142       -89.438697188721505     
        0    27220  -0.910E+01   0.156E+05  -0.409E+02   0.377E+05
  OPTIMIZATION STUFF
       27220  -38.624494164417676        4272.8874579751118     
   52.735527953344473       -91.360022117762156     
        0    27264  -0.118E+02   0.946E+04  -0.364E+02   0.282E+05
  OPTIMIZATION STUFF
       27264  -37.060893840767939        3737.7063159159361     
   48.623003441162133       -85.683897281930072     
        0    27243   0.176E+02   0.100E+05   0.530E+02   0.226E+05
  OPTIMIZATION STUFF
       27243  -39.320112415897462        4334.3231583198012     
   52.803900593810184       -92.124013009707653     
        0    27238   0.207E+02   0.152E+05   0.458E+02   0.485E+05
  OPTIMIZATION STUFF
       27238  -44.459899748247217        5729.5758193784914     
   61.260861353349398       -105.72076110159662     
        0    27215  -0.180E+02   0.117E+05  -0.867E+02   0.363E+05
  OPTIMIZATION STUFF
       27215  -37.423558581724265        3776.0123420626451     
   48.738994707963535       -86.162553289687793     
        0    27227  -0.389E+01   0.137E+05   0.601E+02   0.569E+05
  OPTIMIZATION STUFF
       27227  -41.675245346556437        5165.3542752577541     
   58.553635246345550       -100.22888059290199     
        0    27175  -0.299E+00   0.763E+04  -0.125E+02   0.197E+05
  OPTIMIZATION STUFF
       27175  -38.199772876764662        4077.4472441646876     
   51.168589938831445       -89.368362815596100     
        0    27224   0.996E+01   0.191E+05   0.142E+02   0.465E+05
  OPTIMIZATION STUFF
       27224  -38.934531190276388        4414.3011441783583     
   53.836822205361948       -92.771353395638329     
        0    27327  -0.576E+01   0.913E+04   0.133E+02   0.300E+05
  OPTIMIZATION STUFF
       27327  -38.148965594986002        3969.0167967944358     
   50.136545760822116       -88.285511355808126     
        0    27289  -0.144E+02   0.771E+04  -0.803E+02   0.207E+05
  OPTIMIZATION STUFF
       27289  -31.595534152986289        2647.3271535862978     
   40.608488954574199       -72.204023107560488     
        0    27324   0.428E+01   0.104E+05   0.149E+01   0.326E+05
  OPTIMIZATION STUFF
       27324  -32.376874363682425        2855.6992513747514     
   42.513965444463956       -74.890839808146382     
        0    27340  -0.757E+01   0.872E+04  -0.360E+01   0.323E+05
  OPTIMIZATION STUFF
       27340  -36.227802186901044        3626.3979999737362     
   48.103475432451901       -84.331277619352946     
        0    27291   0.429E+01   0.130E+05   0.250E+02   0.407E+05
  OPTIMIZATION STUFF
       27291  -38.464793068313504        4152.7558006004319     
   51.703147823050905       -90.167940891364410     
        0    27274   0.656E+01   0.725E+04   0.147E+02   0.307E+05
  OPTIMIZATION STUFF
       27274  -33.875112984720644        3049.4565022558841     
   43.611159380694005       -77.486272365414649     
        0    27245  -0.332E+01   0.753E+04  -0.272E+02   0.212E+05
  OPTIMIZATION STUFF
       27245  -34.537771510591305        3132.1818901455031     
   44.037759130406386       -78.575530640997698     
        0    27203  -0.181E+01   0.842E+04  -0.977E+01   0.325E+05
  OPTIMIZATION STUFF
       27203  -34.021046376779069        3140.7064373179319     
   44.533974005774283       -78.555020382553352     
        0    27276  -0.338E+01   0.770E+04   0.213E+01   0.198E+05
  OPTIMIZATION STUFF
       27276  -33.189570374849062        2900.4960765163642     
   42.414012953849415       -75.603583328698477     
        0    27252   0.445E+01   0.449E+04  -0.103E+02   0.129E+05
  OPTIMIZATION STUFF
       27252  -27.019036507289787        1856.3829385734448     
   33.561206843485031       -60.580243350774822     
        0    27215   0.667E+01   0.570E+04   0.804E+02   0.215E+05
  OPTIMIZATION STUFF
       27215  -29.072645073916988        2185.3894091812936     
   36.608342185727885       -65.680987259644866     
        0    27257  -0.473E+01   0.950E+04  -0.513E+02   0.211E+05
  OPTIMIZATION STUFF
       27257  -34.074346727778732        3115.2814734220619     
   44.206564766979767       -78.280911494758499     
        0    27243   0.950E+01   0.885E+04   0.406E+01   0.259E+05
  OPTIMIZATION STUFF
       27243  -36.497853590332880        3476.2129308057238     
   46.304639228746282       -82.802492819079163     
        0    27280  -0.165E+02   0.664E+04  -0.241E+02   0.264E+05
  OPTIMIZATION STUFF
       27280  -36.651669282683514        3529.3229697791439     
   46.754444800167796       -83.406114082851303     
        0    27059   0.493E+02   0.120E+06   0.230E+03   0.795E+06
  OPTIMIZATION STUFF
       27059  -87.660710581719570        95264.662701494584     
   295.93962648115001       -383.60033706286958     
        0    27265  -0.453E+02   0.955E+04  -0.149E+03   0.451E+05
  OPTIMIZATION STUFF
       27265  -41.934534155393592        5021.9772895406868     
   57.126807496225581       -99.061341651619173     
        0    27300  -0.185E+00   0.649E+04  -0.389E+02   0.349E+05
  OPTIMIZATION STUFF
       27300  -31.323270887823966        2518.4434423221510     
   39.208368280383084       -70.531639168207050     
        0    27261  -0.127E+01   0.613E+04  -0.234E+02   0.211E+05
  OPTIMIZATION STUFF
       27261  -29.796306012786644        2291.5114900718600     
   37.465872978808790       -67.262178991595434     
        0    27066   0.939E+01   0.158E+06   0.465E+02   0.105E+07
  OPTIMIZATION STUFF
       27066  -116.95543204521752        169481.89899754254     
   394.71930015222091       -511.67473219743840     
        0    27295  -0.162E+02   0.885E+04  -0.334E+02   0.387E+05
  OPTIMIZATION STUFF
       27295  -40.117048258810037        4342.3995885231780     
   52.278313166393232       -92.395361425203276     
        0    27266   0.128E+02   0.108E+05   0.196E+02   0.334E+05
  OPTIMIZATION STUFF
       27266  -32.729747322850471        2841.1803599013169     
   42.070702395891601       -74.800449718742072     
        0    27286   0.200E+00   0.555E+04  -0.752E+01   0.233E+05
  OPTIMIZATION STUFF
       27286  -31.420477330784539        2594.0803068167857     
   40.085332867801412       -71.505810198585948     
        0    27262  -0.127E+02   0.530E+04  -0.310E+02   0.151E+05
  OPTIMIZATION STUFF
       27262  -30.856721303001940        2495.2115193584805     
   39.281984035780916       -70.138705338782856     
        0    27274   0.144E+01   0.503E+04   0.122E+02   0.198E+05
  OPTIMIZATION STUFF
       27274  -27.797309942546182        1934.5228357457922     
   34.085662612069250       -61.882972554615435     
        0    27331  -0.733E-01   0.687E+04  -0.143E+02   0.244E+05
  OPTIMIZATION STUFF
       27331  -31.605575035282722        2618.0368595480650     
   40.238345967959205       -71.843921003241931     
        0    27036   0.931E+03   0.134E+06   0.547E+04   0.660E+06
  OPTIMIZATION STUFF
       27036  -72.928024684829779        113862.74734657735     
   329.46054477303682       -402.38856945786659     
        0    27263  -0.939E+03   0.138E+06  -0.544E+04   0.813E+06
  OPTIMIZATION STUFF
       27263  -92.223077964282879        115795.91780436714     
   327.55277696145538       -419.77585492573826     
        0    26990   0.236E+03   0.396E+05   0.550E+04   0.906E+06
  OPTIMIZATION STUFF
       26990  -50.319291914362296        51303.737045100577     
   220.84317038644815       -271.16246230081043     
        0    27205  -0.218E+03   0.982E+05  -0.540E+04   0.648E+06
  OPTIMIZATION STUFF
       27205  -111.06800808194708        138322.16530430262     
   354.94515475635268       -466.01316283829976     
        0    27277   0.653E+01   0.568E+04  -0.699E+00   0.213E+05
  OPTIMIZATION STUFF
       27277  -31.986502495469068        2570.0370559679195     
   39.330658703806002       -71.317161199275063     
        0    27244  -0.726E+01   0.686E+04  -0.782E+01   0.224E+05
  OPTIMIZATION STUFF
       27244  -30.780851204547179        2468.8715669846838     
   39.005265876650682       -69.786117081197858     
        0    27282  -0.436E+01   0.438E+04  -0.420E+02   0.150E+05
  OPTIMIZATION STUFF
       27282  -30.464367923800381        2370.3486432404411     
   37.977242267491775       -68.441610191292156     
        0    27227  -0.888E+01   0.698E+04  -0.343E+02   0.270E+05
  OPTIMIZATION STUFF
       27227  -28.552751372483261        2106.9413598661199     
   35.939974247726937       -64.492725620210194     
        0    27216   0.534E+01   0.729E+04   0.289E+01   0.216E+05
  OPTIMIZATION STUFF
       27216  -26.143651839320412        1726.7236104581714     
   32.299118857370857       -58.442770696691269     
        0    27025   0.107E+02   0.129E+06   0.154E+03   0.856E+06
  OPTIMIZATION STUFF
       27025  -102.72118853628682        147195.92830080260     
   369.65427865303440       -472.37546718932123     
        0    27189  -0.102E+02   0.534E+04  -0.123E+03   0.202E+05
  OPTIMIZATION STUFF
       27189  -34.510290138160926        3112.3107883745902     
   43.833214152678138       -78.343504290839064     
        0    27307   0.166E+01   0.680E+04   0.959E+01   0.319E+05
  OPTIMIZATION STUFF
       27307  -31.500388588337195        2650.8584841110437     
   40.725716726594264       -72.226105314931459     
        0    27210  -0.235E+01   0.372E+04   0.234E+01   0.171E+05
  OPTIMIZATION STUFF
       27210  -26.937795413054964        1787.0705491903275     
   32.579529270305954       -59.517324683360918     
        0    27267  -0.853E+00   0.615E+04  -0.128E+02   0.270E+05
  OPTIMIZATION STUFF
       27267  -28.311467864974713        2017.4297508915824     
   34.869621997120738       -63.181089862095448     
        0    27329  -0.279E+01   0.415E+04  -0.170E+02   0.172E+05
  OPTIMIZATION STUFF
       27329  -27.436760272663168        1859.9315111110557     
   33.273949222349124       -60.710709495012296     
        0    27045   0.285E+02   0.961E+05   0.224E+03   0.131E+07
  OPTIMIZATION STUFF
       27045  -165.97774529461879        402587.41991926113     
   612.40412146406698       -778.38186675868576     
        0    27328  -0.193E+02   0.486E+04  -0.167E+03   0.242E+05
  OPTIMIZATION STUFF
       27328  -38.178475921657927        3885.1807850303940     
   49.270526294426574       -87.449002216084494     
        0    27326  -0.690E+01   0.687E+04  -0.188E+02   0.309E+05
  OPTIMIZATION STUFF
       27326  -31.562434799751873        2638.1886235166462     
   40.521615627070673       -72.084050426822543     
        0    27374   0.859E-02   0.543E+04  -0.413E+01   0.220E+05
  OPTIMIZATION STUFF
       27374  -28.517431350508623        2001.2916370558405     
   34.468068501511198       -62.985499852019821     
        0    27381   0.174E+01   0.500E+04   0.149E+02   0.169E+05
  OPTIMIZATION STUFF
       27381  -28.609222852788800        2056.8227370515119     
   35.189985859772364       -63.799208712561168     
        0    27393  -0.784E+01   0.329E+04  -0.681E+02   0.120E+05
  OPTIMIZATION STUFF
       27393  -22.973174873051644        1246.5450893509210     
   26.810041506926272       -49.783216379977915     
        0    27116   0.569E+01   0.748E+05   0.575E+02   0.806E+06
  OPTIMIZATION STUFF
       27116  -96.609387277984325        132131.04836093137     
   350.42499147564206       -447.03437875362636     
        0    27410  -0.284E+01   0.296E+04  -0.240E+02   0.120E+05
  OPTIMIZATION STUFF
       27410  -29.765706296460504        2189.7215963082722     
   36.107122911984050       -65.872829208444557     
        0    27366  -0.281E+01   0.865E+04  -0.133E+01   0.360E+05
  OPTIMIZATION STUFF
       27366  -26.131837014402713        1694.1546236191721     
   31.800655934616575       -57.932492949019291     
        0    27067   0.113E+02   0.122E+06   0.957E+02   0.169E+07
  OPTIMIZATION STUFF
       27067  -145.18142812486943        366158.60360182158     
   587.43591695558155       -732.61734508045095     
        0    27320   0.499E+01   0.550E+04  -0.558E+01   0.279E+05
  OPTIMIZATION STUFF
       27320  -35.258258874464772        3170.7596323494427     
   43.904610389919974       -79.162869264384739     
        0    27067   0.208E+03   0.795E+05   0.125E+04   0.102E+07
  OPTIMIZATION STUFF
       27067  -127.07471137477862        248791.11579983289     
   482.33093776871664       -609.40564914349522     
        0    27286  -0.187E+03   0.355E+05  -0.109E+04   0.204E+06
  OPTIMIZATION STUFF
       27286  -52.694011386151793        14794.012652060112     
   109.62369185580376       -162.31770324195554     
        0    27291  -0.350E+02   0.580E+04  -0.238E+03   0.344E+05
  OPTIMIZATION STUFF
       27291  -34.567765888635648        3267.1786137999488     
   45.521952674159600       -80.089718562795241     
        0    27245   0.959E+01   0.573E+04   0.267E+02   0.223E+05
  OPTIMIZATION STUFF
       27245  -28.269125344153547        2016.3283525858237     
   34.888177150180255       -63.157302494333805     
        0    27317  -0.164E+02   0.234E+04  -0.643E+02   0.109E+05
  OPTIMIZATION STUFF
       27317  -23.617380488628847        1295.3899842318319     
   27.158963954598221       -50.776344443227067     
        0    27289   0.705E+01   0.336E+04   0.324E+01   0.193E+05
  OPTIMIZATION STUFF
       27289  -23.306638540053232        1302.0190219786848     
   27.546680779033800       -50.853319319087035     
        0    27055   0.210E+01   0.120E+06   0.542E+02   0.996E+06
  OPTIMIZATION STUFF
       27055  -140.57173459217702        310100.15844101983     
   538.83183450383331       -679.40356909601030     
        0    27086   0.384E+01   0.791E+05   0.715E+02   0.721E+06
  OPTIMIZATION STUFF
       27086  -113.65232559029248        127904.76817336671     
   339.09868336707655       -452.75100895736904     
        0    27255  -0.298E+01   0.583E+04  -0.670E+02   0.275E+05
  OPTIMIZATION STUFF
       27255  -38.377002700854241        3904.1475724386692     
   49.308754153165289       -87.685756854019530     
        0    27304  -0.366E+01   0.419E+04  -0.115E+02   0.241E+05
  OPTIMIZATION STUFF
       27304  -29.054579983653205        2156.2033591216455     
   36.222020113394336       -65.276600097047549     
        0    27308   0.740E+01   0.454E+04   0.136E+02   0.227E+05
  OPTIMIZATION STUFF
       27308  -28.802036027180776        2135.9091160959997     
   36.143489549087263       -64.945525576268039     
        0    27345  -0.146E+02   0.495E+04  -0.695E+02   0.211E+05
  OPTIMIZATION STUFF
       27345  -24.209543517178929        1401.6846559101834     
   28.558407844275969       -52.767951361454898     
        0    27194   0.131E+02   0.971E+05   0.113E+03   0.721E+06
  OPTIMIZATION STUFF
       27194  -128.55319099759078        184222.41974343712     
   409.50762731330667       -538.06081831089750     
        0    27367  -0.282E+01   0.492E+04  -0.275E+02   0.219E+05
  OPTIMIZATION STUFF
       27367  -33.202113842216718        2803.4678721926653     
   41.244242126642916       -74.446355968859635     
        0    27349   0.691E+00   0.281E+04  -0.687E+01   0.190E+05
  OPTIMIZATION STUFF
       27349  -28.711223059913017        2017.8602761956633     
   34.547444863543561       -63.258667923456578     
        0    27393  -0.253E+00   0.431E+04  -0.212E+02   0.188E+05
  OPTIMIZATION STUFF
       27393  -27.835508494867568        1962.4755652499002     
   34.462443791496504       -62.297952286364072     
        0    27371  -0.856E+01   0.218E+04  -0.307E+02   0.118E+05
  OPTIMIZATION STUFF
       27371  -26.213424941579603        1690.5181728081507     
   31.676087599959736       -57.889512541539339     
        0    27378   0.319E+01   0.188E+04  -0.523E+01   0.770E+04
  OPTIMIZATION STUFF
       27378  -21.766655537090156        1092.6559928162312     
   24.877071763893227       -46.643727300983386     
        0    27081   0.229E+02   0.791E+05   0.194E+03   0.106E+07
  OPTIMIZATION STUFF
       27081  -104.75090536448162        240192.74883620589     
   478.76925200092717       -583.52015736540875     
        0    27272  -0.233E+02   0.482E+04  -0.171E+03   0.297E+05
  OPTIMIZATION STUFF
       27272  -26.196982152905232        1687.7849635049422     
   31.646533610891840       -57.843515763797072     
        0    27215   0.129E+01   0.238E+04  -0.187E+02   0.985E+04
  OPTIMIZATION STUFF
       27215  -21.879305055724728        1109.7428528107614     
   25.120486919828998       -46.999791975553727     
        0    27232  -0.520E+01   0.137E+04  -0.188E+02   0.935E+04
  OPTIMIZATION STUFF
       27232  -20.350613781297820        924.10680385981561     
   22.582278950191604       -42.932892731489424     
        0    26963   0.110E+02   0.117E+06   0.754E+02   0.105E+07
  OPTIMIZATION STUFF
       26963  -133.42623417110372        278361.28967013262     
   510.44953688396117       -643.87577105506489     
        0    27271  -0.505E+01   0.219E+04  -0.493E+02   0.155E+05
  OPTIMIZATION STUFF
       27271  -25.967447800610991        1601.6045878191262     
   30.451539247494036       -56.418987048105024     
        0    27010   0.658E+01   0.921E+05   0.831E+02   0.103E+07
  OPTIMIZATION STUFF
       27010  -133.71185964887763        281864.58245095925     
   513.79540776480098       -647.50726741367862     
        0    26995   0.946E+01   0.774E+05   0.751E+02   0.878E+06
  OPTIMIZATION STUFF
       26995  -118.75960063423672        202851.02582675320     
   434.45043800639655       -553.21003864063323     
        0    27233  -0.196E+02   0.341E+04  -0.133E+03   0.241E+05
  OPTIMIZATION STUFF
       27233  -32.039795951798119        2610.5255733590807     
   39.799209146994635       -71.839005098792754     
        0    27277  -0.115E+02   0.369E+04  -0.699E+02   0.226E+05
  OPTIMIZATION STUFF
       27277  -26.819427844087723        1794.0695979638242     
   32.783957785471792       -59.603385629559511     
        0    27303   0.153E+02   0.332E+04   0.820E+02   0.174E+05
  OPTIMIZATION STUFF
       27303  -25.094651418217875        1597.7968616149740     
   31.113587575416460       -56.208238993634339     
        0    27251  -0.219E+01   0.269E+04  -0.341E+02   0.189E+05
  OPTIMIZATION STUFF
       27251  -26.071167916263629        1681.3764122319981     
   31.649180332419100       -57.720348248682726     
        0    27044   0.180E+02   0.769E+05   0.114E+03   0.114E+07
  OPTIMIZATION STUFF
       27044  -132.70909294532760        315742.24067746283     
   546.01331240830677       -678.72240535363437     
        0    27232  -0.135E+02   0.353E+04  -0.582E+02   0.182E+05
  OPTIMIZATION STUFF
       27232  -30.109268560179679        2318.8920017969826     
   37.580898719535142       -67.690167279714814     
        0    27009   0.158E+02   0.124E+06   0.163E+03   0.141E+07
  OPTIMIZATION STUFF
       27009  -220.82078693851543        676796.45937712328     
   792.48636545556917       -1013.3071523940846     
        0    27310  -0.100E+02   0.759E+04  -0.124E+03   0.450E+05
  OPTIMIZATION STUFF
       27310  -41.246807842377315        4836.6936192496178     
   55.994593150264237       -97.241400992641559     
        0    27316  -0.137E+02   0.356E+04  -0.949E+02   0.233E+05
  OPTIMIZATION STUFF
       27316  -29.163919493133005        2148.8711046294784     
   36.032442387764043       -65.196361880897044     
        0    27304   0.149E+01   0.237E+04  -0.470E+01   0.146E+05
  OPTIMIZATION STUFF
       27304  -25.974074600591067        1657.4116052281149     
   31.348988083685331       -57.323062684276394     
        0    27262   0.221E+01   0.319E+04   0.460E+02   0.198E+05
  OPTIMIZATION STUFF
       27262  -25.846499359557320        1652.4864058217277     
   31.375864556664101       -57.222363916221425     
        0    27244  -0.394E+01   0.262E+04  -0.278E+02   0.167E+05
  OPTIMIZATION STUFF
       27244  -25.482845815156018        1612.7480583033957     
   31.038244593797199       -56.521090408953214     
        0    27049   0.139E+02   0.124E+06   0.122E+03   0.119E+07
  OPTIMIZATION STUFF
       27049  -139.73256900216680        333755.63106420980     
   560.56261044085386       -700.29517944302063     
        0    27228  -0.218E+01   0.530E+04  -0.713E+02   0.313E+05
  OPTIMIZATION STUFF
       27228  -35.622515799445424        3360.8341761431702     
   45.736971306170147       -81.359487105615571     
        0    27246  -0.861E+01   0.329E+04  -0.526E+02   0.167E+05
  OPTIMIZATION STUFF
       27246  -26.740852570925732        1815.0475223059138     
   33.165860852477941       -59.906713423403673     
        0    26965   0.179E+02   0.743E+05   0.197E+03   0.154E+07
  OPTIMIZATION STUFF
       26965  -162.23460845498158        525354.53325147403     
   706.42371496923352       -868.65832342421504     
        0    27225  -0.250E+02   0.349E+04  -0.213E+03   0.268E+05
  OPTIMIZATION STUFF
       27225  -34.801185609599237        3197.2671529489148     
   44.566182617710680       -79.367368227309925     
        0    27231   0.842E+01   0.235E+04   0.360E+02   0.766E+04
  OPTIMIZATION STUFF
       27231  -25.694649009772252        1641.3004066812030     
   31.322283105575377       -57.016932115347629     
        0    27221  -0.376E+01   0.281E+04  -0.151E+02   0.148E+05
  OPTIMIZATION STUFF
       27221  -24.441268482276843        1472.3235234575448     
   29.579518563269506       -54.020787045546349     
        0    27059   0.106E+02   0.720E+05   0.111E+03   0.124E+07
  OPTIMIZATION STUFF
       27059  -146.43688281843566        377036.36203438009     
   596.31585706301644       -742.75273988145204     
        0    27223   0.266E+01   0.388E+04  -0.655E+01   0.302E+05
  OPTIMIZATION STUFF
       27223  -32.225454364685092        2730.7912094649960     
   41.137711414887853       -73.363165779572938     
        0    27268  -0.110E+02   0.311E+04  -0.801E+02   0.183E+05
  OPTIMIZATION STUFF
       27268  -29.638080880475250        2205.7987243999191     
   36.433266201677917       -66.071347082153167     
        0    27051   0.624E+02   0.968E+05   0.692E+03   0.164E+07
  OPTIMIZATION STUFF
       27051  -173.35091688225225        646318.52342076681     
   785.02737725307986       -958.37829413533211     
        0    27268  -0.496E+02   0.620E+04  -0.600E+03   0.647E+05
  OPTIMIZATION STUFF
       27268  -48.213656254282448        8169.1828824972899     
   76.450155219536228       -124.66381147381867     
        0    27054   0.130E+01   0.538E+05   0.352E+02   0.116E+07
  OPTIMIZATION STUFF
       27054  -132.18629694771909        299840.77637381817     
   531.38268627521882       -663.56898322293796     
        0    26993  -0.127E+01   0.457E+05   0.111E+02   0.892E+06
  OPTIMIZATION STUFF
       26993  -123.18049785520388        189708.28542123747     
   417.77368319388137       -540.95418104908526     
        0    27277  -0.134E+02   0.347E+04  -0.137E+03   0.303E+05
  OPTIMIZATION STUFF
       27277  -39.112767432067528        4058.4538358238533     
   50.285636712970543       -89.398404145038072     
        0    27221   0.264E+01   0.290E+04   0.633E+01   0.246E+05
  OPTIMIZATION STUFF
       27221  -29.026497158032065        2125.0291176123515     
   35.811891605263021       -64.838388763295086     
        0    27231  -0.729E+01   0.408E+04  -0.394E+02   0.228E+05
  OPTIMIZATION STUFF
       27231  -26.340290551675654        1659.1718934591599     
   31.070258883898379       -57.410549435574033     
        0    27238  -0.202E+01   0.337E+04  -0.172E+02   0.131E+05
  OPTIMIZATION STUFF
       27238  -21.928376500586172        1120.7077279780501     
   25.295336171448490       -47.223712672034665     
        0    26974   0.919E+01   0.961E+05   0.113E+03   0.984E+06
  OPTIMIZATION STUFF
       26974  -127.08813468446920        247500.10119607014     
   480.98722147110351       -608.07535615557276     
        0    27221   0.297E+01   0.350E+04  -0.193E+02   0.195E+05
  OPTIMIZATION STUFF
       27221  -31.552357582695105        2512.1283723619817     
   38.943254914499953       -70.495612497195054     
        0    27230  -0.105E+02   0.448E+04  -0.628E+02   0.288E+05
  OPTIMIZATION STUFF
       27230  -28.770547169240903        2075.2046016595295     
   35.319402843791316       -64.089950013032222     
        0    27213   0.312E+01   0.288E+04   0.159E+02   0.178E+05
  OPTIMIZATION STUFF
       27213  -28.584777276578873        2132.3669219971534     
   36.266753784224107       -64.851531060802984     
        0    27282   0.372E+01   0.233E+04   0.202E+02   0.134E+05
  OPTIMIZATION STUFF
       27282  -27.046628684579410        1842.2967278274659     
   33.328315358354857       -60.374944042934267     
        0    27208  -0.266E+01   0.162E+04  -0.474E+02   0.116E+05
  OPTIMIZATION STUFF
       27208  -22.621033429554082        1226.1696241912944     
   26.729355973728421       -49.350389403282506     
        0    26999   0.274E+03   0.323E+05   0.291E+04   0.588E+06
  OPTIMIZATION STUFF
       26999  -80.779093014234547        120548.10865838919     
   337.67269180404094       -418.45178481827548     
        0    27247  -0.275E+03   0.366E+05  -0.287E+04   0.398E+06
  OPTIMIZATION STUFF
       27247  -48.234840509557486        15484.819440699031     
   114.70928297969866       -162.94412348925613     
        0    27062   0.167E+02   0.323E+05   0.165E+03   0.112E+07
  OPTIMIZATION STUFF
       27062  -117.37273578229620        229487.19160598298     
   464.44680265985500       -581.81953844215116     
        0    27360  -0.119E+02   0.538E+04  -0.119E+03   0.342E+05
  OPTIMIZATION STUFF
       27360  -38.767246361699314        4163.4571042803718     
   51.580594353028573       -90.347840714727880     
        0    27257   0.203E+01   0.381E+04   0.742E-01   0.247E+05
  OPTIMIZATION STUFF
       27257  -30.421023789760213        2345.7301304994967     
   37.686754199351526       -68.107777989111739     
        0    27323  -0.436E+01   0.236E+04  -0.403E+02   0.162E+05
  OPTIMIZATION STUFF
       27323  -27.036069496291166        1882.4261903940851     
   33.933422117225362       -60.969491613516524     
        0    26968   0.180E+03   0.293E+05   0.488E+04   0.803E+06
  OPTIMIZATION STUFF
       26968  -48.257209188425833        81348.563257111673     
   281.10461579002254       -329.36182497844834     
        0    27301  -0.184E+03   0.192E+05  -0.485E+04   0.645E+06
  OPTIMIZATION STUFF
       27301  -80.908835021658831        139430.64662693819     
   364.53313572620004       -445.44197074785887     
        0    27273   0.177E+01   0.316E+04   0.251E+02   0.221E+05
  OPTIMIZATION STUFF
       27273  -26.959566454563390        1799.2098824850000     
   32.747391637609553       -59.706958092172940     
        0    27246   0.736E+00   0.283E+04  -0.799E+01   0.181E+05
  OPTIMIZATION STUFF
       27246  -25.377260938880816        1604.7544467730195     
   30.995952542436463       -56.373213481317279     
        0    27311  -0.164E+01   0.150E+04  -0.190E+02   0.126E+05
  OPTIMIZATION STUFF
       27311  -20.904972334784279        996.88893790703480     
   23.661594823446258       -44.566567158230541     
        0    27298  -0.151E+01   0.130E+04  -0.160E+02   0.601E+04
  OPTIMIZATION STUFF
       27298  -19.393437241403269        834.66681598415221     
   21.414046977344217       -40.807484218747490     
        0    27022   0.351E+01   0.752E+05   0.367E+02   0.766E+06
  OPTIMIZATION STUFF
       27022  -112.60640255530930        194000.19563561986     
   425.81685469127626       -538.42325724658554     
        0    27099   0.114E+02   0.455E+05   0.128E+03   0.130E+07
  OPTIMIZATION STUFF
       27099  -126.48604761739789        366238.75346238923     
   591.81080863779312       -718.29685625519096     
        0    27226  -0.700E+01   0.302E+04  -0.107E+03   0.212E+05
  OPTIMIZATION STUFF
       27226  -29.397910965323533        2167.4325546989976     
   36.099797583558662       -65.497708548882201     
        0    27059   0.106E+02   0.448E+05   0.164E+03   0.107E+07
  OPTIMIZATION STUFF
       27059  -130.49056379737061        319697.21199089411     
   550.15400094040808       -680.64456473777864     
        0    27192  -0.128E+02   0.487E+04  -0.155E+03   0.321E+05
  OPTIMIZATION STUFF
       27192  -38.787059287985272        4117.7897047934703     
   51.120971592720984       -89.908030880706264     
        0    27218  -0.136E+01   0.384E+04  -0.328E+02   0.210E+05
  OPTIMIZATION STUFF
       27218  -26.953319367515263        1839.2172850629431     
   33.357695665853029       -60.311015033368292     
        0    26978   0.319E+01   0.751E+05   0.403E+02   0.133E+07
  OPTIMIZATION STUFF
       26978  -164.60987967789990        607230.02492444741     
   761.66502639734927       -926.27490607524919     
        0    27209   0.888E+00   0.268E+04   0.162E+02   0.193E+05
  OPTIMIZATION STUFF
       27209  -31.096621818332544        2484.4988640376077     
   38.955089212132634       -70.051711030465185     
        0    27248  -0.629E+00   0.197E+04  -0.190E+02   0.113E+05
  OPTIMIZATION STUFF
       27248  -28.488564595230983        2098.0918053729160     
   35.867722156226591       -64.356286751457574     
        0    27203  -0.347E+01   0.305E+04  -0.118E+02   0.174E+05
  OPTIMIZATION STUFF
       27203  -25.023320454911861        1589.1581750780990     
   31.032106091738097       -56.055426546649954     
        0    27184  -0.164E+01   0.152E+04  -0.225E+02   0.846E+04
  OPTIMIZATION STUFF
       27184  -25.947084488408013        1641.4385810291039     
   31.115709658957165       -57.062794147365182     
        0    26966   0.253E+01   0.380E+05   0.603E+02   0.121E+07
  OPTIMIZATION STUFF
       26966  -111.28182502389295        275767.36689938256     
   513.20923834118014       -624.49106336507305     
        0    27186  -0.491E+01   0.531E+04  -0.591E+02   0.377E+05
  OPTIMIZATION STUFF
       27186  -36.666667416930352        3930.1279389510228     
   50.849615922711166       -87.516283339641518     
        0    27207   0.229E+01   0.180E+04   0.184E+02   0.854E+04
  OPTIMIZATION STUFF
       27207  -23.848812974944881        1394.1109675792036     
   28.728819802861800       -52.577632777806684     
        0    27188  -0.277E+01   0.229E+04  -0.249E+02   0.107E+05
  OPTIMIZATION STUFF
       27188  -24.070379842186039        1387.0630882329974     
   28.419709753723406       -52.490089595909446     
        0    27229   0.964E+00   0.217E+04  -0.148E+02   0.135E+05
  OPTIMIZATION STUFF
       27229  -22.732544210757357        1252.0222364952765     
   27.115561403025360       -49.848105613782721     
        0    27151   0.131E+01   0.183E+04   0.205E+02   0.120E+05
  OPTIMIZATION STUFF
       27151  -23.754567014269490        1384.0898570229754     
   28.632331427733146       -52.386898442002632     
        0    26935   0.772E+01   0.685E+05   0.105E+03   0.123E+07
  OPTIMIZATION STUFF
       26935  -160.34959201300981        550354.00320864026     
   724.32175968274043       -884.67135169575022     
        0    27105  -0.103E+01   0.232E+04  -0.497E+02   0.174E+05
  OPTIMIZATION STUFF
       27105  -36.002458192598134        3565.8912368083497     
   47.641518037302014       -83.643976229900147     
        0    27149  -0.617E+01   0.216E+04  -0.451E+02   0.155E+05
  OPTIMIZATION STUFF
       27149  -28.965533097484020        2116.7355169041398     
   35.745397036299622       -64.710930133783648     
        0    27172  -0.198E+01   0.247E+04  -0.151E+02   0.160E+05
  OPTIMIZATION STUFF
       27172  -25.771044008566079        1640.7880212772393     
   31.251260966332058       -57.022304974898134     
        0    27130   0.160E+01   0.208E+04   0.916E+00   0.129E+05
  OPTIMIZATION STUFF
       27130  -24.923778545252247        1525.8159938668500     
   30.076922330818256       -55.000700876070503     
        0    26998   0.892E+01   0.787E+05   0.101E+03   0.978E+06
  OPTIMIZATION STUFF
       26998  -138.02660519518327        356773.73524225544     
   581.13887453907989       -719.16547973426316     
        0    27144  -0.106E+02   0.326E+04  -0.998E+02   0.260E+05
  OPTIMIZATION STUFF
       27144  -32.382737866785675        2866.7897792319673     
   42.639747507261490       -75.022485374047164     
        0    27186   0.595E+01   0.125E+04   0.168E+02   0.169E+05
  OPTIMIZATION STUFF
       27186  -27.843720562794754        1976.5864265538289     
   34.659971895182338       -62.503692457977095     
        0    27154  -0.324E+01   0.347E+04  -0.407E+01   0.202E+05
  OPTIMIZATION STUFF
       27154  -25.956937042494378        1730.2921474088546     
   32.504300742837671       -58.461237785332045     
        0    27144  -0.219E+01   0.219E+04  -0.219E+02   0.174E+05
  OPTIMIZATION STUFF
       27144  -24.857622582729455        1542.7386925593639     
   30.411137632353423       -55.268760215082878     
        0    26920   0.259E+02   0.359E+05   0.283E+03   0.664E+06
  OPTIMIZATION STUFF
       26920  -96.473673107859383        205600.57334671891     
   443.05011425774040       -539.52378736559979     
        0    27183  -0.263E+02   0.401E+04  -0.264E+03   0.354E+05
  OPTIMIZATION STUFF
       27183  -33.942003369163444        3260.6539085099012     
   45.919432877569363       -79.861436246732808     
        0    27202   0.562E+01   0.177E+04   0.412E+02   0.122E+05
  OPTIMIZATION STUFF
       27202  -27.236151719705600        1899.9368826928676     
   34.031293278305562       -61.267444998011158     
        0    26959   0.398E+01   0.592E+05   0.455E+02   0.199E+07
  OPTIMIZATION STUFF
       26959  -170.13024376570948        1099633.5230259537     
   1034.7411382477135       -1204.8713820134230     
        0    27215  -0.677E+01   0.316E+04  -0.796E+02   0.257E+05
  OPTIMIZATION STUFF
       27215  -30.844309652432162        2540.7769808409948     
   39.867349333833005       -70.711658986265164     
        0    27219  -0.158E+01   0.241E+04  -0.235E+02   0.160E+05
  OPTIMIZATION STUFF
       27219  -25.198004088815047        1585.1912299168930     
   30.826154801676985       -56.024158890492032     
        0    27260   0.267E+01   0.206E+04   0.314E+02   0.142E+05
  OPTIMIZATION STUFF
       27260  -25.521841518374806        1651.6110579230690     
   31.626676452546022       -57.148517970920828     
        0    27193  -0.529E+01   0.169E+04  -0.323E+02   0.105E+05
  OPTIMIZATION STUFF
       27193  -25.258705360700898        1582.0109539386751     
   30.724725506340569       -55.983430867041463     
        0    27130   0.346E+01   0.235E+04   0.374E+02   0.170E+05
  OPTIMIZATION STUFF
       27130  -24.332052337244775        1475.0498776675574     
   29.715334538334556       -54.047386875579335     
        0    27198   0.662E+00   0.190E+04  -0.399E+02   0.122E+05
  OPTIMIZATION STUFF
       27198  -21.854866733818099        1120.0098278791475     
   25.345110532925251       -47.199977266743346     
        0    27187  -0.668E-01   0.131E+04   0.302E+02   0.734E+04
  OPTIMIZATION STUFF
       27187  -19.983687424462257        915.78728390646540     
   22.725305736730022       -42.708993161192282     
        0    27170  -0.262E+01   0.114E+04  -0.289E+02   0.798E+04
  OPTIMIZATION STUFF
       27170  -21.310618859911060        1060.9288763752022     
   24.633034733520049       -45.943653593431108     
        0    26907   0.694E+01   0.127E+06   0.818E+02   0.130E+07
  OPTIMIZATION STUFF
       26907  -176.89279464344250        533026.56815746159     
   708.33290715644046       -885.22570179988293     
        0    27194  -0.563E+01   0.218E+04  -0.496E+02   0.156E+05
  OPTIMIZATION STUFF
       27194  -30.171007360610183        2348.3562096408295     
   37.921847587991223       -68.092854948601399     
        0    27205   0.320E+00   0.209E+04  -0.702E+01   0.204E+05
  OPTIMIZATION STUFF
       27205  -26.436535170255866        1834.0088339501722     
   33.691518845875692       -60.128054016131557     
        0    27172  -0.242E+01   0.140E+04  -0.232E+02   0.768E+04
  OPTIMIZATION STUFF
       27172  -24.387318430337398        1492.1501806966178     
   29.956783546868706       -54.344101977206108     
        0    27168   0.136E+01   0.188E+04   0.813E+01   0.147E+05
  OPTIMIZATION STUFF
       27168  -24.244078628627008        1460.1440849499738     
   29.535888955623545       -53.779967584250556     
        0    26928   0.136E+03   0.403E+05   0.146E+04   0.139E+07
  OPTIMIZATION STUFF
       26928  -109.33950961683486        525250.61384966585     
   716.44642890199123       -825.78593851882613     
        0    27177  -0.134E+03   0.190E+05  -0.140E+04   0.205E+06
  OPTIMIZATION STUFF
       27177  -52.524156798745778        21730.380294461025     
   137.73740685464423       -190.26156365339000     
        0    27166  -0.146E+00   0.195E+04  -0.220E+02   0.170E+05
  OPTIMIZATION STUFF
       27166  -29.949075803305945        2310.5236861928029     
   37.597560355967744       -67.546636159273689     
        0    27317  -0.565E+00   0.192E+04  -0.129E+02   0.110E+05
  OPTIMIZATION STUFF
       27317  -24.902532072575422        1533.8768948159811     
   30.228145678991517       -55.130677751566935     
        0    27044   0.199E+01   0.384E+05   0.241E+02   0.119E+07
  OPTIMIZATION STUFF
       27044  -129.21916566283670        421529.96879431931     
   636.26439160125858       -765.48355726409523     
        0    27260  -0.457E+01   0.360E+04  -0.344E+02   0.246E+05
  OPTIMIZATION STUFF
       27260  -30.661470737456966        2425.2849550257306     
   38.537762872821261       -69.199233610278228     
        0    27253   0.111E+01   0.172E+04  -0.101E+02   0.108E+05
  OPTIMIZATION STUFF
       27253  -25.111481246449241        1581.4344922325286     
   30.835823352746019       -55.947304599195263     
        0    27142  -0.448E+00   0.132E+04  -0.545E+01   0.783E+04
  OPTIMIZATION STUFF
       27142  -20.707165362890752        1008.2327037024176     
   24.071684742375535       -44.778850105266287     
        0    26970  -0.175E+01   0.241E+05   0.130E+02   0.741E+06
  OPTIMIZATION STUFF
       26970  -101.89929324023386        157710.53169634947     
   383.83208012552871       -485.73137336576258     
        0    27490  -0.178E+00   0.153E+04  -0.264E+02   0.106E+05
  OPTIMIZATION STUFF
       27490  -25.713170124576987        1618.7125500912591     
   30.944231000879963       -56.657401125456950     
        0    27119   0.343E+01   0.241E+05   0.561E+02   0.649E+06
  OPTIMIZATION STUFF
       27119  -93.498972107664230        164509.10893590990     
   394.67334740354602       -488.17231951121028     
        0    27000   0.158E+03   0.250E+05   0.507E+04   0.831E+06
  OPTIMIZATION STUFF
       27000  -68.728953398629102        195346.21233493253     
   436.60341650021661       -505.33236989884574     
        0    27180  -0.156E+03   0.616E+05  -0.503E+04   0.620E+06
  OPTIMIZATION STUFF
       27180  -116.72282753980858        239328.45352916699     
   475.08339800531769       -591.80622554512627     
        0    27394  -0.232E+01   0.153E+04  -0.267E+02   0.935E+04
  OPTIMIZATION STUFF
       27394  -26.032245718854874        1682.2410227449520     
   31.694845094717124       -57.727090813571998     
        0    27146   0.142E+01   0.901E+03   0.178E+02   0.697E+04
  OPTIMIZATION STUFF
       27146  -23.189416903021613        1298.5901980099159     
   27.583348993691310       -50.772765896712926     
        0    27432  -0.281E+01   0.198E+04  -0.467E+02   0.144E+05
  OPTIMIZATION STUFF
       27432  -23.068723939040936        1278.1302494569136     
   27.312345656886251       -50.381069595927187     
        0    26921   0.239E+01   0.450E+05   0.485E+02   0.148E+07
  OPTIMIZATION STUFF
       26921  -122.46196124764509        473677.41152553086     
   677.25953634696873       -799.72149759461377     
        0    27421   0.949E+00   0.178E+04  -0.112E+02   0.138E+05
  OPTIMIZATION STUFF
       27421  -25.760512217462900        1654.5494966424972     
   31.479286950889499       -57.239799168352398     
        0    27009   0.822E+00   0.234E+05   0.336E+02   0.488E+06
  OPTIMIZATION STUFF
       27009  -90.462688690831044        108755.00494602299     
   317.13011036615364       -407.59279905698469     
        0    27197  -0.313E+01   0.274E+04  -0.439E+02   0.200E+05
  OPTIMIZATION STUFF
       27197  -26.423569701324492        1756.5169708824174     
   32.531706612498269       -58.955276313822765     
        0    27573  -0.219E+01   0.185E+04  -0.150E+02   0.124E+05
  OPTIMIZATION STUFF
       27573  -22.400614843944272        1169.4452215156375     
   25.839072663872848       -48.239687507817123     
        0    27250   0.171E+01   0.118E+04  -0.347E+01   0.622E+04
  OPTIMIZATION STUFF
       27250  -20.341943464103146        941.65367391608345     
   22.975182480653224       -43.317125944756370     
        0    26943   0.373E+01   0.364E+05   0.651E+02   0.952E+06
  OPTIMIZATION STUFF
       26943  -118.77263529890411        312429.75800979865     
   546.18936195604556       -664.96199725494967     
        0    27366  -0.574E+01   0.225E+04  -0.501E+02   0.209E+05
