   194240.74409534782     
   1210577.0311645530     
   4244419.3763631545     
   6372949.5479755923     
   10291366.333344780     
   11431229.760544345     
   16160575.605344616     
   12945241.201182788     
   24799399.830317315     
   17741226.629073836     
   11102606.095471047     
   13425260.589370221     
   9920293.6995959990     
   12159207.367714904     
   17267770.737223804     
   39147515.125488274     
   14620303.166325012     
   20209840.914447155     
   37857838.017789610     
   11955265.297605298     
   28257125.109000638     
   20241934.694855783     
   19072901.670254771     
   27734586.008100897     
   29541712.158574872     
   25657698.512134716     
   35228908.875742711     
   33077900.996486552     
   47654817.546433911     
   54142415.751063392     
   45476874.624923065     
   55552969.287432581     
   69137215.839360714     
   58505401.528874785     
   57767621.976687387     
   84284952.956903547     
   104963388.01822281     
   104358641.19919470     
   120828585.62284872     
   104587745.67650430     
   152049974.73383221     
   154472056.67602557     
   125328235.43571311     
   133638076.82342090     
   149470304.92986649     
   182795422.47073039     
   197158183.04780698     
   133645482.89206794     
   181486516.70757642     
   141079125.05139086     
   161611412.12206170     
   244577178.14633870     
   178957006.09848461     
   183323789.72535130     
   194990254.41199243     
   256914382.90785855     
   146913878.28541723     
   249788129.09897906     
   229742679.97627804     
   156857238.05922246     
   375400935.04856890     
   382651949.27670795     
   218884474.40001175     
   196173617.37803888     
   295060473.45974755     
   166739170.67671704     
   168901420.71663475     
   235012080.02234733     
   210664543.20733166     
   330654564.05559635     
   272596604.56297863     
   129293570.64947721     
   129752958.84320056     
   29401920.086005781     
   22218783.865670159     
   29696673.636540655     
   25249943.899131205     
   28346496.243029509     
   26659190.533289827     
   16035400.609935917     
   33122277.173358973     
   11061941.353524555     
   30302499.826491650     
   8799420.3415768426     
   9413853.5142841674     
   19464523.762350649     
   12850513.044104885     
   9104417.9540562220     
   14107541.508183338     
   17999294.520676397     
   8945516.2507483326     
   13985551.909295555     
   16133601.742499009     
   9395336.8553941958     
   13396985.908274589     
   7746815.9662998952     
   7772188.0494949259     
   6001592.4123100126     
   6474568.9980257228     
   5114007.7205073889     
   3799861.0424899962     
   5725428.2302344935     
   7537115.8977481136     
   4686735.1648076084     
   6217843.3522366481     
   5870781.4734135726     
   6528158.5637216978     
   6735034.3655796293     
   4152241.2975237435     
   4310194.4090059968     
   4004474.8033027216     
   4805337.4778826768     
   5386021.5657291487     
   4553466.1643928094     
   4238013.0285920016     
   4204151.8695179094     
   4045213.7363084517     
   6415864.3812165242     
   4887995.2301694080     
   5257466.5487876264     
   4151380.9960800014     
   11697888.356462482     
   6392687.3728126753     
   5325647.6881632050     
   4652079.1581308227     
   6165385.9753784956     
   4810987.5376724172     
   5694918.1033872208     
   5495202.3249175772     
   4304595.3950250959     
   4675426.0798321357     
   4281376.7372492794     
   177414125.60444081     
   3519023.3862251285     
   158310083.51337329     
   5427566.8536125440     
   5586763.9765522182     
   5175875.0619557053     
   3910718.0719843479     
   2736178.5320300166     
   2960205.9033543402     
   7418196.1381865451     
   3789515.3019665093     
   4096518.6493101926     
   4096108.5777081125     
   3724731.3251428166     
   3183351.6853643483     
   10011114.162460767     
   4931701.9942985997     
   4228372.8985081036     
   4116538.4602433904     
   4571778.7940880368     
   2492708.1335998336     
   4207089.4402325917     
   3472549.7426546384     
   3359404.6088837320     
   6256619.7099491069     
   6240538.0100837452     
   45593871.643868908     
   10892019.281784328     
   3450553.8252299186     
   4440281.4081298802     
   2234948.2419455815     
   2516128.0207403330     
   4039057.8066726327     
   6080926.2093542209     
   4173303.0669684689     
   3758198.9920571819     
   4332970.8779014433     
   2032658.1717926753     
   5452467.3619330600     
   4622035.1360628139     
   4453064.0491941087     
   3864344.9860539073     
   2789789.1461799294     
   2733887.5722984090     
   8597531.7107266709     
   3307195.4167634873     
   2833351.4190521617     
   2178838.3627122119     
   4508495.2767710825     
   3026691.5993405469     
   5448692.2404049393     
   7733111.5112656783     
   3580916.3882573498     
   1362519.3377830693     
   4018821.5749731180     
   3029707.6374132256     
   6600463.2396318465     
   4646859.3645375567     
   9463091.1560844090     
   5810453.6568737654     
   2842211.2858181377     
   2754452.9625537046     
   4069588.5234370460     
   3204896.7729123188     
   6893373.0406839801     
   4891475.8634518813     
   3224645.4309231360     
   9009132.3477322198     
   2534288.1297040684     
   3743766.8250820031     
   3230748.5759091023     
   6529712.2306258287     
   6423829.8776218276     
   3940660.4463814916     
   24336829.998421840     
   6620536.7361622751     
   7607681.5044719931     
   7874092.1792670051     
   3761609.4111901531     
   4005906.4272033554     
   2733845.6744843931     
   2210432.4446089314     
   5504543.8757190788     
   5061290.0894786585     
   3066858.1217759387     
   3584403.1251211148     
   4236196.9102236573     
   2873734.6400505956     
   88814260.378979817     
   3210642.1801602105     
   8134696.7153294375     
   4538763.6129471911     
   4596062.4440181768     
   3375822.6814245679     
   139796890.02226117     
   2443459.7473013955     
   3175683.6070283577     
   2978095.4747607522     
   2415409.3330455357     
   1936825.8026555034     
   3024458.1191134755     
   6787328.8159007635     
   3684706.8788375109     
   8415528.5001076590     
   3861754.2882929584     
   2930991.7571058692     
   4103493.2779196580     
   4567711.7213052213     
   4033722.3887752225     
   3617950.8879395705     
   2961214.2513918481     
   4656396.0518878400     
   2915709.1140837455     
   3479057.8717558281     
   2728203.4416598901     
   2352664.0852476424     
   2944099.3483217275     
   5988475.9822111018     
   4612629.7816716181     
   3220002.2977190316     
   2754749.2654461400     
   2823053.1024969653     
   5777384.2640572591     
   2780206.3344639423     
   3399907.0209763804     
   3201451.9929327252     
   2547659.1598254833     
   10866834.342703531     
   2978831.1503439909     
   4252215.9323794181     
   5586861.2722349083     
   3236680.2543933978     
   2554833.7927434528     
   3483056.8423624979     
   2460996.2844884726     
   3568767.7690796396     
   2501977.9675967009     
   3320639.5175858121     
   2463265.1936964290     
   4851064.1701077297     
   3350186.8192410748     
   3167786.1174909417     
   2472590.2664117147     
   2730529.1005001063     
   45615060.826365024     
   3874681.3733893316     
   3272890.3673001337     
   2904155.7719072378     
   3610517.2449648632     
   2549345.5978345531     
   2302994.1898134211     
   2143075.4981488292     
   2446592.4785290677     
   1716824.1138490937     
   3331960.5585397319     
   144506884.96509036     
   3570848.1927063372     
   2776203.1554157967     
   3297954.1386033734     
   1940716.5973851697     
   3311456.7603326743     
   3030701.3899679724     
   3960191.4644369595     
   2681445.5544820623     
   2206287.4460747796     
   2158349.1071369476     
   4012502.9193641981     
   2484241.6415668456     
