tried moves    experiment_1   _      experiment_2    _                                                                                                                                                                                                                                                                                                                                                                                                                                                                          
        0   252712   0.248E+02   0.217E+10   0.794E+02   0.242E+11
  OPTIMIZATION STUFF
      252712   423268.78992627352        56572029906402.938     
   7509518.8552847570       -7086250.0653584832     
        0   259934  -0.541E+01   0.377E+05   0.306E+02   0.167E+06
  OPTIMIZATION STUFF
      259934  -78.806611027305536        45398.982786382607     
   197.96085684996814       -276.76746787727370     
        0   261370   0.736E+01   0.498E+05   0.912E+02   0.340E+06
  OPTIMIZATION STUFF
      261370  -209.39682539824392        154610.36597654410     
   332.81126106200412       -542.20808646024807     
        0   267281   0.286E+00   0.500E+05   0.387E+02   0.429E+06
  OPTIMIZATION STUFF
      267281  -302.68225420969026        268777.69693008205     
   420.90515548829109       -723.58740969798134     
        0   267385  -0.248E+01   0.469E+05   0.603E+01   0.480E+06
  OPTIMIZATION STUFF
      267385  -360.88737422612047        358124.75310762896     
   477.37307866259596       -838.26045288871637     
        0   267151  -0.274E+01   0.495E+05   0.262E+02   0.581E+06
  OPTIMIZATION STUFF
      267151  -402.27868495100523        421356.77068129682     
   509.43952567050263       -911.71821062150786     
        0   266287  -0.153E+02   0.577E+05  -0.185E+03   0.793E+06
  OPTIMIZATION STUFF
      266287  -309.12288458860934        292244.75008754211     
   443.49497439222398       -752.61785898083326     
        0   268191  -0.393E+01   0.274E+05  -0.594E+02   0.440E+06
  OPTIMIZATION STUFF
      268191  -171.11222806356585        94037.504805396646     
   254.47614861224002       -425.58837667580588     
        0   266763   0.244E+00   0.567E+04   0.106E+02   0.107E+06
  OPTIMIZATION STUFF
      266763  -75.522467085465877        13547.538618628634     
   88.565769820813713       -164.08823690627958     
        0   267891  -0.641E+00   0.285E+04  -0.115E+02   0.640E+05
  OPTIMIZATION STUFF
      267891  -52.533046930792224        6076.3895793395550     
   57.590524910845680       -110.12357184163790     
        0   267519  -0.434E+00   0.121E+04  -0.926E+01   0.297E+05
  OPTIMIZATION STUFF
      267519  -37.542210787595792        2869.8053502871703     
   38.215020076756424       -75.757230864352209     
        0   266529  -0.178E+00   0.836E+03  -0.452E+01   0.229E+05
  OPTIMIZATION STUFF
      266529  -30.747675106604884        1869.0199456219430     
   30.390795007051285       -61.138470113656169     
        0   265897   0.882E-02   0.524E+03   0.108E+01   0.152E+05
  OPTIMIZATION STUFF
      265897  -25.454540889265942        1226.8740739022467     
   24.061180810985459       -49.515721700251405     
        0   261092   0.239E-02   0.318E+03   0.596E+00   0.954E+04
  OPTIMIZATION STUFF
      261092  -21.342953052142558        832.11107042884817     
   19.405912126021978       -40.748865178164536     
        0   261338  -0.126E+00   0.258E+03  -0.394E+01   0.804E+04
  OPTIMIZATION STUFF
      261338  -19.422164527451582        677.58430686531699     
   17.331007816451947       -36.753172343903529     
        0   261591   0.412E-02   0.200E+03   0.760E-01   0.623E+04
  OPTIMIZATION STUFF
      261591  -16.495046943379734        472.17093194228880     
   14.145117824818133       -30.640164768197867     
        0   262450  -0.694E-01   0.130E+03  -0.195E+01   0.396E+04
  OPTIMIZATION STUFF
      262450  -14.920500168641457        378.12186649449336     
   12.469985613947740       -27.390485782589195     
        0   262444   0.208E-01   0.144E+03   0.640E+00   0.471E+04
  OPTIMIZATION STUFF
      262444  -13.966477241916532        329.97296909187662     
   11.615097181810585       -25.581574423727119     
        0   261948  -0.767E-02   0.991E+02  -0.211E+00   0.328E+04
  OPTIMIZATION STUFF
      261948  -13.015996361124891        280.48041485398875     
   10.538702651710615       -23.554699012835506     
        0   261768   0.311E-02   0.794E+02   0.110E+00   0.260E+04
  OPTIMIZATION STUFF
      261768  -12.057672374372194        236.81882667878145     
   9.5619748792330057       -21.619647253605201     
        0   260632  -0.140E-01   0.913E+02  -0.509E+00   0.293E+04
  OPTIMIZATION STUFF
      260632  -11.526470207043563        214.95676954853610     
   9.0607535070033354       -20.587223714046900     
        0   261144  -0.142E-01   0.694E+02  -0.384E+00   0.214E+04
  OPTIMIZATION STUFF
      261144  -10.994781664046476        193.28352918708279     
   8.5087193717403906       -19.503501035786869     
        0   261474  -0.634E-02   0.901E+02  -0.369E+00   0.284E+04
  OPTIMIZATION STUFF
      261474  -10.800986514210946        186.61794293878287     
   8.3640082053173614       -19.164994719528309     
        0   261496   0.110E-01   0.666E+02   0.373E+00   0.207E+04
  OPTIMIZATION STUFF
      261496  -10.430859778017492        172.41253103800298     
   7.9755686524121812       -18.406428430429674     
        0   261095   0.293E-02   0.628E+02   0.204E+00   0.191E+04
  OPTIMIZATION STUFF
      261095  -10.114360239225201        160.77038397044763     
   7.6465744566850296       -17.760934695910230     
        0   261056  -0.136E-01   0.614E+02  -0.586E+00   0.185E+04
  OPTIMIZATION STUFF
      261056  -9.8197189680495036        150.52571191782889     
   7.3551907729410857       -17.174909740990589     
        0   258776  -0.413E-02   0.608E+02  -0.709E-01   0.194E+04
  OPTIMIZATION STUFF
      258776  -9.6891176731674182        146.32042881128336     
   7.2416453604687216       -16.930763033636140     
        0   260533   0.136E-01   0.570E+02   0.448E+00   0.162E+04
  OPTIMIZATION STUFF
      260533  -9.5413134428472812        141.07992360440167     
   7.0741261926646057       -16.615439635511887     
        0   261314  -0.395E-02   0.591E+02  -0.194E+00   0.178E+04
  OPTIMIZATION STUFF
      261314  -9.5525632447267661        141.41361631712772     
   7.0825243926599333       -16.635087637386700     
        0   261200  -0.224E-03   0.529E+02  -0.136E-01   0.145E+04
  OPTIMIZATION STUFF
      261200  -9.2508925061993530        131.62003086169400     
   6.7853532480217016       -16.036245754221056     
        0   261190   0.181E-02   0.512E+02  -0.224E-01   0.153E+04
  OPTIMIZATION STUFF
      261190  -9.2417213573203618        131.16971958334338     
   6.7646364231192848       -16.006357780439647     
        0   261236  -0.152E-01   0.557E+02  -0.481E+00   0.161E+04
  OPTIMIZATION STUFF
      261236  -9.2922210901301341        132.89208277711259     
   6.8225149314056708       -16.114736021535805     
        0   260992   0.766E-02   0.588E+02   0.185E+00   0.171E+04
  OPTIMIZATION STUFF
      260992  -9.0616170165732548        125.99534804587532     
   6.6243826195974931       -15.685999636170749     
        0   260866  -0.354E-02   0.571E+02  -0.112E-02   0.161E+04
  OPTIMIZATION STUFF
      260866  -9.1513660376575334        128.45621903224583     
   6.6864578572704758       -15.837823894928009     
        0   261065   0.894E-02   0.531E+02   0.234E+00   0.144E+04
  OPTIMIZATION STUFF
      261065  -9.0395411973189876        125.07363234416751     
   6.5848559047362842       -15.624397102055273     
        0   260846  -0.169E-01   0.523E+02  -0.540E+00   0.145E+04
  OPTIMIZATION STUFF
      260846  -9.0777728209099795        125.96498359631782     
   6.5999260759697824       -15.677698896879761     
        0   260604   0.971E-02   0.548E+02   0.200E+00   0.145E+04
  OPTIMIZATION STUFF
      260604  -8.8868255820217836        120.47297568710462     
   6.4418403241486679       -15.328665906170452     
        0   259660   0.429E-02   0.560E+02   0.163E+00   0.146E+04
  OPTIMIZATION STUFF
      259660  -8.8890212227911096        120.24574765534378     
   6.4211408142255388       -15.310162037016649     
        0   260699  -0.165E-02   0.557E+02  -0.435E-01   0.146E+04
  OPTIMIZATION STUFF
      260699  -8.9156199985709481        120.92301146421417     
   6.4369815523501339       -15.352601550921083     
        0   260467   0.763E-02   0.546E+02   0.144E+00   0.138E+04
  OPTIMIZATION STUFF
      260467  -8.9062106941298502        120.82709819111584     
   6.4425545603341945       -15.348765254464045     
        0   260234  -0.878E-02   0.570E+02  -0.250E+00   0.152E+04
  OPTIMIZATION STUFF
      260234  -8.9113609633077111        120.87218861137765     
   6.4389311529952789       -15.350292116302990     
        0   260237   0.533E-03   0.615E+02  -0.484E-02   0.150E+04
  OPTIMIZATION STUFF
      260237  -8.9446899653234215        121.89909740091636     
   6.4723735078531153       -15.417063473176537     
        0   254326   0.245E-02   0.534E+02   0.380E-01   0.140E+04
  OPTIMIZATION STUFF
      254326  -8.8357392534285637        118.47757175433811     
   6.3566723684455981       -15.192411621874161     
        0   260050   0.271E-02   0.491E+02   0.160E+00   0.119E+04
  OPTIMIZATION STUFF
      260050  -8.7941485228406204        117.18662160356681     
   6.3126518486121928       -15.106800371452813     
        0   259687   0.316E-02   0.533E+02  -0.192E-01   0.133E+04
  OPTIMIZATION STUFF
      259687  -8.8528408629735775        118.97159659723195     
   6.3717191755520108       -15.224560038525588     
        0   260206  -0.800E-02   0.580E+02  -0.227E+00   0.140E+04
  OPTIMIZATION STUFF
      260206  -8.8731873119104829        119.68552508417366     
   6.3993805959580561       -15.272567907868538     
        0   260528  -0.711E-02   0.546E+02  -0.232E+00   0.130E+04
  OPTIMIZATION STUFF
      260528  -8.8126259544988965        117.70450840243744     
   6.3278852856645438       -15.140511240163441     
        0   260307  -0.147E-03   0.582E+02   0.812E-01   0.141E+04
  OPTIMIZATION STUFF
      260307  -8.7610137704443893        116.07548132541318     
   6.2705756545549276       -15.031589424999318     
        0   260709   0.105E-02   0.587E+02   0.319E-01   0.139E+04
  OPTIMIZATION STUFF
      260709  -8.7730130078898707        116.61704528290716     
   6.2969268731899914       -15.069939881079861     
        0   260416   0.131E-01   0.586E+02   0.255E+00   0.137E+04
  OPTIMIZATION STUFF
      260416  -8.7951564858596534        117.26783992465975     
   6.3176785541764175       -15.112835040036071     
        0   260279  -0.724E-02   0.521E+02  -0.234E+00   0.117E+04
  OPTIMIZATION STUFF
      260279  -8.8163536949415082        117.60432001937902     
   6.3147626673589432       -15.131116362300451     
        0   259718  -0.147E-02   0.573E+02   0.188E-01   0.132E+04
  OPTIMIZATION STUFF
      259718  -8.6976733093027754        114.26150646252074     
   6.2138543165383959       -14.911527625841170     
        0   260512   0.144E-01   0.397E+07   0.352E+00   0.989E+08
  OPTIMIZATION STUFF
      260512  -6002.6300490306276        7156891521.1829443     
   84385.187999301270       -90387.818048331901     
        0   260406  -0.177E-01   0.528E+02  -0.424E+00   0.116E+04
  OPTIMIZATION STUFF
      260406  -8.6447834210042593        112.77113509183502     
   6.1675647297588139       -14.812348150763073     
        0   260041   0.655E-02   0.553E+02   0.112E+00   0.125E+04
  OPTIMIZATION STUFF
      260041  -8.6638749367950521        113.36452372128738     
   6.1888443833127615       -14.852719320107813     
        0   260504   0.355E-02   0.604E+02   0.541E-01   0.131E+04
  OPTIMIZATION STUFF
      260504  -8.7960387163711822        117.04399128393223     
   6.2987057546794034       -15.094744471050586     
        0   260560  -0.793E-02   0.585E+02  -0.142E+00   0.124E+04
  OPTIMIZATION STUFF
      260560  -8.7471796094968965        115.74640551717688     
   6.2636454558330961       -15.010825065329993     
        0   260422  -0.380E-02   0.533E+02  -0.166E+00   0.118E+04
  OPTIMIZATION STUFF
      260422  -8.8274984661600691        117.81485767783883     
   6.3158632432772368       -15.143361709437306     
        0   259950   0.791E-02   0.587E+02   0.121E+00   0.126E+04
  OPTIMIZATION STUFF
      259950  -8.7755370275426383        116.56456042977797     
   6.2892376571414506       -15.064774684684089     
        0   259116   0.613E-02   0.618E+02   0.189E+00   0.131E+04
  OPTIMIZATION STUFF
      259116  -8.8486090710516638        118.52503402888011     
   6.3424878034240102       -15.191096874475674     
        0   260909   0.934E-03   0.637E+02   0.426E-02   0.144E+04
  OPTIMIZATION STUFF
      260909  -8.7414223060638179        115.86023860657799     
   6.2807463468626015       -15.022168652926419     
        0   260275  -0.703E-02   0.557E+02  -0.138E+00   0.117E+04
  OPTIMIZATION STUFF
      260275  -8.6816000112783929        113.55434626860684     
   6.1793339052666383       -14.860933916545031     
        0   260412   0.132E-02   0.548E+02   0.278E-02   0.109E+04
  OPTIMIZATION STUFF
      260412  -8.7590242803411229        115.81011720796435     
   6.2521684929597852       -15.011192773300909     
        0   259786  -0.374E-02   0.566E+02  -0.897E-01   0.119E+04
  OPTIMIZATION STUFF
      259786  -8.7089268790067091        114.49438245421936     
   6.2168299856384861       -14.925756864645194     
        0   260744   0.285E-02   0.664E+02   0.338E-01   0.141E+04
  OPTIMIZATION STUFF
      260744  -8.7067109957861817        114.56525952252041     
   6.2256279328575692       -14.932338928643752     
        0   259870   0.113E-01   0.610E+02   0.265E+00   0.129E+04
  OPTIMIZATION STUFF
      259870  -8.5861872163369988        111.17035140054313     
   6.1194558979172502       -14.705643114254249     
        0   260251  -0.571E-02   0.598E+02  -0.128E+00   0.126E+04
  OPTIMIZATION STUFF
      260251  -8.7857189547989964        116.67476338009099     
   6.2837811727793822       -15.069500127578380     
        0   260972  -0.164E-02   0.606E+02  -0.997E-01   0.123E+04
  OPTIMIZATION STUFF
      260972  -8.7465255916133007        115.57064485336382     
   6.2505147730900870       -14.997040364703388     
        0   260609  -0.934E-02   0.538E+02  -0.160E+00   0.108E+04
  OPTIMIZATION STUFF
      260609  -8.5732692958568286        110.61200312550072     
   6.0918844954758677       -14.665153791332695     
        0   260720   0.106E-01   0.621E+02   0.216E+00   0.125E+04
  OPTIMIZATION STUFF
      260720  -8.7453119665443104        115.37213689124721     
   6.2363174629795832       -14.981629429523894     
        0   259804   0.722E-02   0.596E+02   0.683E-01   0.120E+04
  OPTIMIZATION STUFF
      259804  -8.7423903468370288        115.37078324111457     
   6.2403040202096962       -14.982694367046726     
        0   258347  -0.122E-01   0.630E+02  -0.193E+00   0.119E+04
  OPTIMIZATION STUFF
      258347  -8.7031899918801301        114.18477774611252     
   6.1999404603068617       -14.903130452186993     
        0   261051   0.936E-02   0.595E+02   0.171E+00   0.119E+04
  OPTIMIZATION STUFF
      261051  -8.5745552636144158        110.73017222278204     
   6.0997683770782931       -14.674323640692709     
        0   260559  -0.134E-02   0.655E+02  -0.122E-01   0.133E+04
  OPTIMIZATION STUFF
      260559  -8.7403348563636563        115.33596367224158     
   6.2403934387886224       -14.980728295152279     
        0   259961  -0.394E-02   0.550E+02  -0.905E-01   0.104E+04
  OPTIMIZATION STUFF
      259961  -8.5622311463152148        110.17586215759643     
   6.0715780448468317       -14.633809191162047     
        0   259822   0.538E-02   0.541E+02   0.707E-01   0.100E+04
  OPTIMIZATION STUFF
      259822  -8.5692550983762832        110.31610095026734     
   6.0732172700488345       -14.642472368425118     
        0   260378  -0.723E-02   0.548E+02  -0.182E+00   0.106E+04
  OPTIMIZATION STUFF
      260378  -8.6645076785619075        113.04463472090055     
   6.1620565892437487       -14.826564267805656     
        0   259925  -0.117E-02   0.617E+02   0.258E-01   0.117E+04
  OPTIMIZATION STUFF
      259925  -8.7533527052676234        115.69130961431540     
   6.2506100527468025       -15.003962758014426     
        0   260892   0.999E-02   0.584E+02   0.155E+00   0.107E+04
  OPTIMIZATION STUFF
      260892  -8.6756384134170652        113.33428892821553     
   6.1698936010159651       -14.845532014433029     
        0   260944  -0.560E-03   0.677E+02   0.984E-02   0.129E+04
  OPTIMIZATION STUFF
      260944  -8.6339853257016639        112.45291370351441     
   6.1568832292875868       -14.790868554989251     
        0   261549   0.541E-02   0.678E+02   0.149E+00   0.129E+04
  OPTIMIZATION STUFF
      261549  -8.7906579880458739        116.74493438199355     
   6.2824570447555637       -15.073115032801438     
        0   260588   0.455E-02   0.602E+02   0.395E-01   0.115E+04
  OPTIMIZATION STUFF
      260588  -8.6088926015702310        111.44202532179919     
   6.1097457800164268       -14.718638381586658     
        0   259459  -0.184E-01   0.625E+02  -0.398E+00   0.116E+04
  OPTIMIZATION STUFF
      259459  -8.6862227819836448        113.83130268383432     
   6.1952269099349886       -14.881449691918633     
        0   260706   0.181E-02   0.617E+02   0.596E-01   0.111E+04
  OPTIMIZATION STUFF
      260706  -8.7131884147765444        114.38843866888023     
   6.2023210427616560       -14.915509457538199     
        0   260179   0.528E-02   0.602E+02   0.121E+00   0.108E+04
  OPTIMIZATION STUFF
      260179  -8.6674594535950416        113.02564745474498     
   6.1563620812157342       -14.823821534810776     
        0   260726  -0.842E-02   0.602E+02  -0.233E+00   0.110E+04
  OPTIMIZATION STUFF
      260726  -8.5945626057523850        111.23851198106647     
   6.1132647249132965       -14.707827330665681     
        0   261177   0.805E-02   0.688E+02   0.142E+00   0.121E+04
  OPTIMIZATION STUFF
      261177  -8.7139573722226125        114.73467127891534     
   6.2290944923000264       -14.943051864522639     
        0   260887   0.403E-02   0.650E+02   0.845E-01   0.120E+04
  OPTIMIZATION STUFF
      260887  -8.6887248295804689        113.84241364006324     
   6.1926145105193724       -14.881339340099842     
        0   260892   0.864E-03   0.642E+02  -0.379E-01   0.115E+04
  OPTIMIZATION STUFF
      260892  -8.6429819922790081        112.59773059035389     
   6.1560208634713609       -14.799002855750370     
        0   261310  -0.121E-01   0.566E+02  -0.149E+00   0.972E+03
  OPTIMIZATION STUFF
      261310  -8.5805524147667214        110.63883021853279     
   6.0838269597329759       -14.664379374499697     
        0   260349   0.846E-02   0.468E+07   0.987E-01   0.866E+08
  OPTIMIZATION STUFF
      260349  -6271.4379193218547        7528111402.1544838     
   86537.740140233480       -92809.178059555328     
        0   261168  -0.568E-03   0.554E+02  -0.474E-01   0.995E+03
  OPTIMIZATION STUFF
      261168  -8.5430435237846520        109.58518962437944     
   6.0499253693827120       -14.592968893167363     
        0   261136   0.356E-02   0.573E+02   0.131E+00   0.100E+04
  OPTIMIZATION STUFF
      261136  -8.6381666088002014        112.31736428560083     
   6.1399871273651758       -14.778153736165377     
        0   260467   0.769E-03   0.629E+02  -0.236E-01   0.114E+04
  OPTIMIZATION STUFF
      260467  -8.5647369438368663        110.28374308829376     
   6.0769255525446173       -14.641662496381484     
        0   261383  -0.128E-01   0.652E+02  -0.238E+00   0.116E+04
  OPTIMIZATION STUFF
      261383  -8.6394035673042513        112.56596098287213     
   6.1584630374893621       -14.797866604793613     
        0   260669   0.162E-01   0.650E+02   0.297E+00   0.111E+04
  OPTIMIZATION STUFF
      260669  -8.6002715078014731        111.23106175537478     
   6.1046205244448206       -14.704892032246294     
        0   260006  -0.187E-01   0.644E+02  -0.384E+00   0.111E+04
  OPTIMIZATION STUFF
      260006  -8.7348361355193305        115.04125738640276     
   6.2244594200644041       -14.959295555583735     
        0   260693   0.359E-01   0.558E+02   0.723E+00   0.100E+04
  OPTIMIZATION STUFF
      260693  -8.6322087117431678        112.05449683154058     
   6.1269461878203186       -14.759154899563487     
        0   261063  -0.219E-01   0.622E+02  -0.452E+00   0.109E+04
  OPTIMIZATION STUFF
      261063  -8.6172965782286450        111.65729291047602     
   6.1155124554958524       -14.732809033724497     
        0   261038  -0.155E-01   0.664E+02  -0.298E+00   0.113E+04
  OPTIMIZATION STUFF
      261038  -8.6712983949673728        113.26059941041842     
   6.1700229785515948       -14.841321373518968     
        0   260684   0.162E-01   0.573E+02   0.297E+00   0.953E+03
  OPTIMIZATION STUFF
      260684  -8.6686046772328176        112.87407151690377     
   6.1424233382893014       -14.811028015522119     
        0   261134  -0.684E-02   0.591E+02  -0.157E+00   0.986E+03
  OPTIMIZATION STUFF
      261134  -8.5700858717936885        110.34875361614682     
   6.0747330613146318       -14.644818933108320     
        0   261063  -0.291E-02   0.608E+02  -0.826E-02   0.102E+04
  OPTIMIZATION STUFF
      261063  -8.6279801721307798        112.03524751083853     
   6.1313298443450792       -14.759310016475858     
        0   261359   0.617E-02   0.693E+02   0.163E+00   0.113E+04
  OPTIMIZATION STUFF
      261359  -8.6975773582436560        114.09072261802045     
   6.2002315049833223       -14.897808863226977     
        0   261300  -0.129E-02   0.594E+02  -0.125E+00   0.957E+03
  OPTIMIZATION STUFF
      261300  -8.6315524767248384        112.01294482098605     
   6.1244792972571434       -14.756031773981981     
        0   257718  -0.192E-02   0.673E+02  -0.248E-01   0.114E+04
  OPTIMIZATION STUFF
      257718  -8.6992796108327290        113.95074926791413     
   6.1865405131191125       -14.885820123951842     
        0   261008  -0.561E-03   0.683E+02  -0.361E-01   0.113E+04
  OPTIMIZATION STUFF
      261008  -8.7389871316962839        115.08173091144018     
   6.2218835430669159       -14.960870674763200     
        0   261473   0.109E-01   0.613E+02   0.171E+00   0.100E+04
  OPTIMIZATION STUFF
      261473  -8.5786202893153902        110.68664338823793     
   6.0904775937511060       -14.669097883066495     
        0   260707  -0.539E-02   0.699E+02  -0.847E-01   0.110E+04
  OPTIMIZATION STUFF
      260707  -8.7092754610929237        114.26278514361685     
   6.1976855427184665       -14.906961003811389     
        0   260310   0.155E-02   0.602E+02   0.344E-01   0.990E+03
  OPTIMIZATION STUFF
      260310  -8.6296480698633822        112.06146365688882     
   6.1311204397884751       -14.760768509651857     
        0   259784  -0.992E-02   0.636E+02  -0.117E+00   0.101E+04
  OPTIMIZATION STUFF
      259784  -8.6053310079222314        111.22859016255204     
   6.0972836908449803       -14.702614698767212     
        0   260881   0.170E-01   0.742E+02   0.248E+00   0.114E+04
  OPTIMIZATION STUFF
      260881  -8.5803132462198342        110.99940002577227     
   6.1137242841427453       -14.694037530362579     
        0   260621  -0.364E-02   0.610E+02  -0.619E-01   0.100E+04
  OPTIMIZATION STUFF
      260621  -8.6208592224874927        111.76724917960425     
   6.1194799979783072       -14.740339220465799     
        0   260028  -0.733E-02   0.671E+02  -0.129E+00   0.108E+04
  OPTIMIZATION STUFF
      260028  -8.6354224779200450        112.34740270975649     
   6.1462900466533243       -14.781712524573368     
        0   264909  -0.418E-02   0.674E+02  -0.878E-01   0.102E+04
  OPTIMIZATION STUFF
      264909  -8.5073404986188521        108.58579599592184     
   6.0175537917397444       -14.524894290358596     
        0   267227  -0.460E-02   0.690E+02  -0.102E+00   0.110E+04
  OPTIMIZATION STUFF
      267227  -8.6734848669600435        113.41279477993031     
   6.1792762555614402       -14.852761122521484     
        0   267085   0.438E-02   0.700E+02   0.997E-01   0.108E+04
  OPTIMIZATION STUFF
      267085  -8.6235050150749917        111.95006584616544     
   6.1306791712780004       -14.754184186352992     
        0   266965  -0.134E-02   0.657E+02  -0.400E-01   0.101E+04
  OPTIMIZATION STUFF
      266965  -8.6086559983691924        111.54444689011190     
   6.1184547715786888       -14.727110769947881     
        0   260685   0.118E-01   0.591E+02   0.129E+00   0.922E+03
  OPTIMIZATION STUFF
      260685  -8.5833342948681324        110.65629796255942     
   6.0813378746045679       -14.664672169472700     
        0   260545  -0.837E-02   0.791E+02  -0.107E+00   0.120E+04
  OPTIMIZATION STUFF
      260545  -8.6934408641402054        114.12512616679140     
   6.2088011812658817       -14.902242045406087     
