   16884723.283466503     
   24252636.699974503     
   25572151.757221229     
   59464825.202448972     
   45001764.697839461     
   56570794.998064607     
   59647044.998574391     
   52229436.786219120     
   52939003.262303546     
   53680608.437472254     
   53842838.205776364     
   80510509.429294258     
   124132518.29384923     
   62489883.100119054     
   72174713.824469492     
   53063303.445159130     
   85762037.499933198     
   134538884.66510946     
   102080954.61929542     
   66300423.142389849     
   51044617.363638021     
   69062060.811285079     
   68315059.099051952     
   42832724.744849950     
   34704220.188619338     
   40938055.383446276     
   40431764.619297065     
   31055392.532460697     
   19403410.131021854     
   25614133.430237796     
   7840949.5592033509     
   14085665.453043371     
   10821736.785535507     
   10421658.204764368     
   9159413.7218471337     
   10609233.540115230     
   9724520.9265205804     
   4828516.4629812129     
   9180345.5696563628     
   6228940.4346748078     
   4768338.5583652761     
   5650403.9010910485     
   6023408.4811915159     
   4511500.8435797645     
   4094786.1971048121     
   2554532.7609085455     
   3095835.9068024256     
   2375740.2789500710     
   3404342.6284648925     
   2370399.9193201978     
   2970284.8946055784     
   2746902.1870298283     
   2706830.4270920567     
   2382470.0853605564     
   2409003.1339315907     
   2318956.1106694215     
   2786085.3692082022     
   2099570.0111477221     
   1255088.3106322619     
   1796250.3193521805     
   2018012.1407517544     
   1845039.5273495226     
   1882376.8344835315     
   1620911.2603018051     
   1954621.1944647275     
   1698459.1483707398     
   1512104.7215424187     
   1592284.8017483745     
   1821784.6485379997     
   1232104.1598105791     
   1303176.2054025957     
   1501934.6528070923     
   1489178.3904105986     
   1002979.5727454320     
   1465160.0497809788     
   1085091.4245348580     
   1409996.0558454166     
   1177144.4596188238     
   1031037.9802367357     
   1036437.0868586884     
   1166318.2612630173     
   1052975.5830386146     
   1402810.1469471483     
   1189133.2838409976     
   1105444.2575406928     
   1129265.5199257757     
   1040341.5292279056     
   974234.76116220548     
   964482.10325951828     
   973045.55608663824     
   1123060.0163319279     
   996058.03831193002     
   985181.57976386615     
   1020919.9862368326     
   895196.08269464073     
   996571.70161537535     
   873362.87004467007     
   905134.14007956302     
   894773.68864946603     
   1012071.2535569833     
   955545.65899677621     
   1013120.6286643213     
   1074857.5542000958     
   923501.06332071754     
   865541.40644229902     
   875871.63523167337     
   917740.20365028724     
   902745.81893153011     
   829689.97023757407     
   761878.32214222208     
   889314.67960878904     
   902199.52795720182     
   960733.61575847818     
   925736.62615517632     
   1022052.9531350336     
   826292.87804252782     
   926027.71409839310     
   763770.68269104627     
   881207.34527780965     
   754250.64062530559     
