tried moves    experiment_1   _      experiment_2    _       Bragg          _                                                                                                                                                                                                                                                                                                                                                                                                                                                   
        0    92647   0.182E+02   0.152E+12   0.875E+00   0.138E+11   0.162E+03   0.123E+12
  OPTIMIZATION STUFF
       92647   4337531.75201138        326225475228647.     
   17533148.4203192       -13195616.6683078     
        0    99543   0.216E+02   0.244E+05   0.317E+00   0.138E+04   0.162E+03   0.466E+06
  OPTIMIZATION STUFF
       99543   10.3380862039988        1427.07597047707     
   36.3345557853094       -25.9964695813107     
        0    99453  -0.168E+02   0.295E+05   0.301E+02   0.344E+05   0.177E+03   0.358E+06
  OPTIMIZATION STUFF
       99453  -289.605245664653        771923274.217590     
   27781.9978226778       -28071.6030683424     
        0   100431   0.790E+02   0.811E+05   0.151E+03   0.125E+06   0.555E+04   0.333E+07
  OPTIMIZATION STUFF
      100431   12.1798018739020        469776.199118774     
   685.293989135383       -673.114187261481     
        0   100482  -0.195E+02   0.100E+06   0.112E+03   0.165E+06   0.782E+04   0.631E+07
  OPTIMIZATION STUFF
      100482  -10160.1453533490        626434352252.159     
   791410.843809053       -801570.989162402     
        0   100526  -0.631E+02   0.419E+05  -0.119E+02   0.181E+06   0.432E+04   0.113E+08
  OPTIMIZATION STUFF
      100526  -603.261820322269        9179070583.22709     
   95805.5669489161       -96408.8287692383     
        0   100929   0.347E+02   0.349E+05   0.141E+03   0.440E+06   0.310E+05   0.270E+08
  OPTIMIZATION STUFF
      100929  -9.31026597043396        40747.6132448597     
   201.645560805140       -210.955826775574     
        0   107847   0.392E+02   0.952E+05   0.304E+03   0.660E+06   0.632E+05   0.942E+08
  OPTIMIZATION STUFF
      107847  -30.7963082458658        57724.1947260489     
   238.276692365146       -269.073000611012     
        0   113979   0.102E+03   0.149E+06   0.139E+04   0.104E+07   0.584E+05   0.162E+09
  OPTIMIZATION STUFF
      113979  -50.8202015170519        60451.6060132188     
   240.559583328092       -291.379784845143     
        0   113122   0.339E+03   0.363E+06  -0.437E+03   0.134E+07  -0.637E+04   0.168E+09
  OPTIMIZATION STUFF
      113122  -82.4490791202841        85832.9296945203     
   281.131782349021       -363.580861469305     
        0   113919   0.107E+03   0.730E+06  -0.160E+02   0.210E+07   0.137E+05   0.186E+09
  OPTIMIZATION STUFF
      113919  -243.307407260246        367683125.114188     
   19173.5214976217       -19416.8289048819     
        0   113834   0.472E+03   0.899E+06   0.855E+03   0.210E+07   0.157E+06   0.291E+09
  OPTIMIZATION STUFF
      113834  -866.122800677534        5711131307.13142     
   75567.0638467948       -76433.1866474724     
        0   114200  -0.795E+02   0.987E+06  -0.486E+03   0.209E+07   0.142E+06   0.365E+09
  OPTIMIZATION STUFF
      114200  -594.691739020840        1566842817.76856     
   39578.8979066383       -40173.5896456591     
        0   114044   0.243E+03   0.149E+07   0.242E+03   0.270E+07   0.475E+06   0.114E+10
  OPTIMIZATION STUFF
      114044  -23051.3008307522        22644593256675.2     
   4758577.71757541       -4781629.01840617     
        0   114896  -0.187E+03   0.150E+07  -0.504E+03   0.256E+07  -0.679E+05   0.128E+10
  OPTIMIZATION STUFF
      114896  -6749.24710181177        96235475964.5556     
   310145.004196608       -316894.251298420     
        0   114899   0.369E+03   0.154E+07   0.521E+03   0.240E+07   0.904E+06   0.170E+10
  OPTIMIZATION STUFF
      114899  -619.496897747307        1165012779.75650     
   34126.6611808155       -34746.1580785628     
        0   115589  -0.280E+03   0.135E+07  -0.480E+03   0.201E+07  -0.137E+06   0.194E+10
  OPTIMIZATION STUFF
      115589  -209302.553927910       3.951284540161602E+015
   62858895.4134777       -63068197.9674056     
        0   115480  -0.453E+03   0.186E+07  -0.749E+03   0.273E+07  -0.255E+06   0.260E+10
  OPTIMIZATION STUFF
      115480  -149036.427446175       1.001444574905811E+015
   31645258.1447696       -31794294.5722157     
        0   115031   0.948E+02   0.169E+07   0.180E+03   0.236E+07  -0.175E+06   0.304E+10
  OPTIMIZATION STUFF
      115031  -295.488419485064        26659569.2871264     
   5154.82840461995       -5450.31682410501     
        0   114717  -0.546E+03   0.109E+07  -0.776E+03   0.164E+07  -0.722E+06   0.234E+10
  OPTIMIZATION STUFF
      114717  -182.312633799217        6814305.64766936     
   2604.04833888055       -2786.36097267977     
        0   115738  -0.681E+02   0.465E+06  -0.112E+03   0.686E+06  -0.256E+05   0.103E+10
  OPTIMIZATION STUFF
      115738  -109.625982300086        55935.6248523475     
   209.565667171626       -319.191649471712     
        0   115542   0.416E+02   0.370E+06   0.680E+02   0.525E+06  -0.101E+06   0.815E+09
  OPTIMIZATION STUFF
      115542  -90.8594155444885        34734.5466685115     
   162.724040250436       -253.583455794924     
        0   116089   0.879E+02   0.357E+06   0.112E+03   0.508E+06   0.479E+06   0.104E+10
  OPTIMIZATION STUFF
      116089  -77.4938523876195        25154.0755425349     
   138.379111084949       -215.872963472569     
        0   115886  -0.927E+02   0.165E+06  -0.138E+03   0.231E+06  -0.350E+06   0.474E+09
  OPTIMIZATION STUFF
      115886  -63.7845659551418        14890.0902430947     
   104.027012785184       -167.811578740326     
        0   116028  -0.379E+01   0.170E+06   0.184E+02   0.240E+06   0.200E+06   0.490E+09
  OPTIMIZATION STUFF
      116028  -61.6463949209935        13783.9017536179     
   99.9180851841289       -161.564480105122     
        0   115890  -0.139E+03   0.970E+05  -0.208E+03   0.143E+06  -0.450E+06   0.388E+09
  OPTIMIZATION STUFF
      115890  -52.1991737626669        9499.07365674309     
   82.3062568413727       -134.505430604040     
        0   115570   0.163E+02   0.115E+06   0.191E+02   0.169E+06  -0.109E+05   0.346E+09
  OPTIMIZATION STUFF
      115570  -51.8297615784865        9175.98474438651     
   80.5584294726738       -132.388191051160     
        0   115701   0.773E+01   0.887E+05   0.110E+02   0.126E+06   0.116E+05   0.292E+09
  OPTIMIZATION STUFF
      115701  -45.3848518306021        7159.24053742318     
   71.4104737537672       -116.795325584369     
        0   115523  -0.470E+02   0.308E+06  -0.647E+02   0.486E+06   0.317E+04   0.563E+09
  OPTIMIZATION STUFF
      115523  -66.5728596148338        35904.6377714883     
   177.405445615945       -243.978305230779     
        0   115978   0.386E+02   0.613E+05   0.529E+02   0.928E+05   0.200E+05   0.254E+09
  OPTIMIZATION STUFF
      115978  -41.7812796090228        5697.02115284021     
   62.8597313633527       -104.641010972376     
        0   115983  -0.185E+02   0.660E+05  -0.215E+02   0.990E+05  -0.315E+05   0.189E+09
  OPTIMIZATION STUFF
      115983  -38.7760879571068        4866.27996973252     
   57.9887486714039       -96.7648366285106     
        0   115743   0.993E+01   0.610E+05   0.142E+02   0.925E+05   0.129E+05   0.252E+09
  OPTIMIZATION STUFF
      115743  -40.0033757165853        4977.87781421444     
   58.1171897590735       -98.1205654756588     
        0   115076  -0.380E+01   0.300E+06  -0.514E+01   0.497E+06  -0.230E+04   0.925E+09
  OPTIMIZATION STUFF
      115076  -56.9449730944223        28405.5413923572     
   158.627902437222       -215.572875531644     
        0   115946  -0.222E+02   0.504E+05  -0.298E+02   0.807E+05  -0.230E+05   0.165E+09
  OPTIMIZATION STUFF
      115946  -39.7708127915683        4864.03742760305     
   57.2915340822802       -97.0623468738486     
        0   115788   0.664E+01   0.392E+05   0.111E+02   0.631E+05  -0.132E+05   0.227E+09
  OPTIMIZATION STUFF
      115788  -37.4125460701524        4151.04724983539     
   52.4532996710800       -89.8658457412324     
        0   115951  -0.184E+02   0.445E+05  -0.281E+02   0.712E+05  -0.161E+05   0.157E+09
  OPTIMIZATION STUFF
      115951  -36.3187310656149        3932.67916936828     
   51.1236632407325       -87.4423943063474     
        0   115611   0.190E+02   0.394E+05   0.286E+02   0.667E+05   0.391E+05   0.223E+09
  OPTIMIZATION STUFF
      115611  -35.6432648543671        3708.56143718839     
   49.3773136947508       -85.0205785491179     
        0   115800  -0.203E+01   0.394E+05  -0.124E+01   0.657E+05  -0.430E+05   0.157E+09
  OPTIMIZATION STUFF
      115800  -35.1577049624817        3665.95785682058     
   49.2939513387968       -84.4516563012785     
        0   115414   0.132E+02   0.383E+05   0.229E+02   0.657E+05   0.579E+05   0.187E+09
  OPTIMIZATION STUFF
      115414  -35.8307621234489        3836.57035002877     
   50.5245171741560       -86.3552792976049     
        0   116070  -0.262E+02   0.316E+05  -0.446E+02   0.493E+05  -0.294E+05   0.135E+09
  OPTIMIZATION STUFF
      116070  -36.1381924921550        4005.28368774595     
   51.9549298059953       -88.0931222981503     
        0   115133   0.706E+01   0.244E+05   0.158E+02   0.405E+05  -0.347E+04   0.138E+09
  OPTIMIZATION STUFF
      115133  -32.8609669789575        3034.52807541348     
   44.2118188341233       -77.0727858130809     
        0   115241  -0.122E+02   0.138E+06  -0.205E+02   0.228E+06  -0.527E+05   0.138E+10
  OPTIMIZATION STUFF
      115241  -36.2999847725684        7222.59968822698     
   76.8434173741530       -113.143402146721     
        0   115744   0.504E+01   0.284E+05   0.740E+01   0.483E+05   0.831E+04   0.146E+09
  OPTIMIZATION STUFF
      115744  -31.4681766143994        2876.37857367635     
   43.4296262272809       -74.8978028416803     
        0   116052  -0.725E+01   0.296E+05  -0.146E+02   0.489E+05  -0.231E+04   0.148E+09
  OPTIMIZATION STUFF
      116052  -31.7541861986911        2964.44457486554     
   44.2280028231481       -75.9821890218391     
        0   116127   0.353E+01   0.225E+05   0.240E+01   0.355E+05   0.144E+05   0.141E+09
  OPTIMIZATION STUFF
      116127  -29.7046895697246        2509.76951196449     
   40.3410576154219       -70.0457471851465     
        0   116326  -0.339E+01   0.242E+05   0.554E+01   0.396E+05   0.360E+05   0.124E+09
  OPTIMIZATION STUFF
      116326  -30.4518180500249        2709.25992194718     
   42.2131105155182       -72.6649285655431     
        0   115729   0.555E+01   0.216E+05   0.101E+02   0.377E+05  -0.637E+05   0.131E+09
  OPTIMIZATION STUFF
      115729  -30.8446906918233        2775.54609499337     
   42.7100825463861       -73.5547732382094     
        0   115836  -0.440E+01   0.257E+05  -0.156E+02   0.439E+05  -0.278E+03   0.137E+09
  OPTIMIZATION STUFF
      115836  -32.0831032953085        3050.82999333444     
   44.9611440721542       -77.0442473674627     
        0   116125  -0.725E+01   0.230E+05  -0.100E+02   0.361E+05   0.286E+05   0.129E+09
  OPTIMIZATION STUFF
      116125  -29.9502563642372        2629.48724695626     
   41.6229430803821       -71.5731994446194     
        0   116239   0.307E+01   0.267E+05   0.446E+01   0.456E+05   0.200E+05   0.142E+09
  OPTIMIZATION STUFF
      116239  -31.1394357023361        3036.78738664763     
   45.4656236159552       -76.6050593182913     
        0   115577  -0.329E+01   0.280E+05  -0.192E+01   0.484E+05  -0.144E+05   0.154E+09
  OPTIMIZATION STUFF
      115577  -30.3082400916252        2796.32645294760     
   43.3328632275320       -73.6411033191573     
        0   115911   0.945E+01   0.214E+05   0.146E+02   0.351E+05   0.221E+05   0.148E+09
  OPTIMIZATION STUFF
      115911  -31.4554910215333        2989.14269436905     
   44.7179469448598       -76.1734379663930     
        0   116183  -0.165E+02   0.229E+05  -0.221E+02   0.429E+05  -0.685E+05   0.166E+09
  OPTIMIZATION STUFF
      116183  -31.0871650464768        2876.04931248004     
   43.6993991017400       -74.7865641482167     
        0   115929   0.157E+01   0.173E+05   0.125E+01   0.299E+05  -0.275E+04   0.133E+09
  OPTIMIZATION STUFF
      115929  -28.8554139985530        2507.89050790725     
   40.9298862798245       -69.7853002783775     
        0   116019  -0.121E+01   0.147E+05  -0.516E+01   0.281E+05  -0.845E+04   0.114E+09
  OPTIMIZATION STUFF
      116019  -29.1017469400407        2504.53027340911     
   40.7138624849933       -69.8156094250340     
        0   115930   0.178E+02   0.139E+05   0.327E+02   0.263E+05   0.778E+05   0.116E+09
  OPTIMIZATION STUFF
      115930  -30.3618798086212        2938.66048301632     
   44.9089828152805       -75.2708626239017     
        0   116212  -0.215E+02   0.153E+05  -0.402E+02   0.284E+05  -0.851E+05   0.121E+09
  OPTIMIZATION STUFF
      116212  -29.6888046533652        2687.09047951607     
   42.4931212994573       -72.1819259528225     
        0   116110  -0.243E+01   0.106E+05  -0.291E+01   0.217E+05   0.208E+04   0.120E+09
  OPTIMIZATION STUFF
      116110  -29.3939411310763        3193.68727992264     
   48.2667950531778       -77.6607361842541     
        0   115835   0.733E+01   0.179E+05   0.130E+02   0.348E+05   0.196E+05   0.149E+09
  OPTIMIZATION STUFF
      115835  -28.5620203695438        2602.46884076076     
   42.2691357040869       -70.8311560736308     
        0   116486   0.848E+01   0.144E+05   0.226E+02   0.295E+05   0.522E+05   0.133E+09
  OPTIMIZATION STUFF
      116486  -28.3899283516410        2653.05256720678     
   42.9774887050823       -71.3674170567232     
        0   116268  -0.732E+01   0.140E+05  -0.214E+02   0.292E+05  -0.419E+05   0.109E+09
  OPTIMIZATION STUFF
      116268  -28.9588780632599        2908.12779537738     
   45.4918803380848       -74.4507584013447     
        0   115814   0.202E+01   0.142E+05   0.106E+02   0.282E+05   0.962E+04   0.102E+09
  OPTIMIZATION STUFF
      115814  -27.9234046238982        2547.23354842048     
   42.0418484682886       -69.9652530921867     
        0   114903  -0.613E+01   0.132E+05  -0.144E+02   0.266E+05  -0.242E+05   0.121E+09
  OPTIMIZATION STUFF
      114903  -27.5996412414318        2562.59185101853     
   42.4364425271815       -70.0360837686134     
        0   115773   0.870E+01   0.146E+05   0.211E+02   0.296E+05   0.606E+05   0.134E+09
  OPTIMIZATION STUFF
      115773  -28.7779877296759        4171.03094314474     
   57.8174572717909       -86.5954450014668     
        0   115664  -0.125E+02   0.136E+05  -0.226E+02   0.257E+05  -0.608E+05   0.910E+08
  OPTIMIZATION STUFF
      115664  -29.4150748705861        4025.36755954697     
   56.2149529031626       -85.6300277737486     
        0   115788   0.689E+01   0.967E+04   0.109E+02   0.216E+05   0.150E+05   0.936E+08
  OPTIMIZATION STUFF
      115788  -29.0559728253496        32678.3645069995     
   178.421172931275       -207.477145756625     
        0   115746  -0.433E+01   0.202E+09  -0.901E+01   0.422E+09  -0.552E+04   0.104E+13
  OPTIMIZATION STUFF
      115746  -8702.45299622670        12939114552.8837     
   113416.850003569       -122119.302999796     
        0   115638   0.483E+01   0.104E+05   0.134E+02   0.249E+05  -0.719E+04   0.123E+09
  OPTIMIZATION STUFF
      115638  -29.1261481854869        3540.05399032933     
   51.8818029968735       -81.0079511823604     
        0   115025  -0.441E+01   0.133E+05  -0.119E+02   0.295E+05   0.277E+04   0.123E+09
  OPTIMIZATION STUFF
      115025  -30.7497800650179        12259.2657586898     
   106.365956887732       -137.115736952750     
        0   115759  -0.116E+01   0.107E+05  -0.328E+01   0.240E+05   0.441E+05   0.844E+08
  OPTIMIZATION STUFF
      115759  -28.4358216879294        2934.44328380992     
   46.1069119410767       -74.5427336290061     
        0   115368  -0.452E+01   0.796E+04  -0.649E+01   0.194E+05  -0.894E+05   0.951E+08
  OPTIMIZATION STUFF
      115368  -29.6566288216452        3241.85572641806     
   48.6039102681381       -78.2605390897833     
        0   115449   0.171E+01   0.999E+04  -0.956E+00   0.222E+05  -0.848E+03   0.105E+09
  OPTIMIZATION STUFF
      115449  -28.3564289930540        3009.49301727850     
   46.9617498826480       -75.3181788757020     
        0   115555  -0.208E+01   0.969E+04  -0.142E+01   0.220E+05   0.239E+05   0.135E+09
  OPTIMIZATION STUFF
      115555  -28.8815095315444        4475.87421073987     
   60.3467697388947       -89.2282792704391     
        0   115816   0.235E+00   0.114E+05   0.192E+01   0.263E+05   0.103E+05   0.142E+09
  OPTIMIZATION STUFF
      115816  -30.2046497482419        4695.32270108952     
   61.5061121733081       -91.7107619215500     
        0   114762   0.273E+01   0.114E+05   0.875E+01   0.242E+05   0.128E+05   0.105E+09
  OPTIMIZATION STUFF
      114762  -28.3164630219091        3289.09008871659     
   49.8725175888028       -78.1889806107120     
        0   115684  -0.237E+01   0.106E+05  -0.573E+01   0.247E+05  -0.189E+05   0.120E+09
  OPTIMIZATION STUFF
      115684  -60.4139219064987        98709263.4175177     
   9935.06988277172       -9995.48380467821     
        0   115619  -0.242E+01   0.990E+04  -0.416E+01   0.217E+05  -0.141E+05   0.922E+08
  OPTIMIZATION STUFF
      115619  -28.3188298261308        3338.78577661396     
   50.3669500157852       -78.6857798419160     
        0   115891   0.228E+01   0.104E+05   0.394E+01   0.260E+05   0.372E+04   0.118E+09
  OPTIMIZATION STUFF
      115891  -29.6489649362170        5681.98517387202     
   69.3031316181527       -98.9520965543697     
        0   115714  -0.177E+01   0.899E+04  -0.572E+01   0.220E+05   0.298E+05   0.905E+08
  OPTIMIZATION STUFF
      115714  -29.4645772096575        7299.45230588791     
   80.1953302614563       -109.659907471114     
        0   115594   0.388E+01   0.912E+04   0.143E+02   0.220E+05  -0.884E+04   0.875E+08
  OPTIMIZATION STUFF
      115594  -29.5560895629162        16424.8809474209     
   124.704925793530       -154.261015356446     
        0   115302  -0.206E+01   0.232E+05  -0.711E+01   0.553E+05   0.832E+04   0.197E+09
  OPTIMIZATION STUFF
      115302  -33.4295807824693        17777.9137197612     
   129.075082213685       -162.504662996154     
        0   115487   0.143E+01   0.102E+05  -0.205E+01   0.237E+05  -0.909E+04   0.125E+09
  OPTIMIZATION STUFF
      115487  -31.0000710471263        9928.94250572075     
   94.6991979944597       -125.699269041586     
        0   115760   0.776E+00   0.929E+04   0.232E+01   0.223E+05  -0.368E+05   0.995E+08
  OPTIMIZATION STUFF
      115760  -30.7010608157621        11660.0020360059     
   103.525102756736       -134.226163572498     
        0   115982  -0.205E+01   0.921E+04   0.400E+00   0.228E+05   0.613E+03   0.127E+09
  OPTIMIZATION STUFF
      115982  -137.267681571615        236919042.022241     
   15391.5626109189       -15528.8302924905     
        0   116154  -0.308E+01   0.111E+05  -0.767E+01   0.281E+05   0.470E+05   0.108E+09
  OPTIMIZATION STUFF
      116154  -30.6598567199754        6757.35968381052     
   76.2714420325268       -106.931298752502     
        0   115974  -0.165E+01   0.813E+04  -0.285E+01   0.193E+05  -0.378E+05   0.101E+09
  OPTIMIZATION STUFF
      115974  -30.0546663726281        6394.07059447479     
   74.0998490126991       -104.154515385327     
        0   115552  -0.463E+00   0.799E+04   0.188E+01   0.191E+05  -0.232E+05   0.116E+09
  OPTIMIZATION STUFF
      115552  -32.4034514840382        198780.696033472     
   444.669216795354       -477.072668279393     
        0   115434   0.504E+01   0.132E+09   0.131E+02   0.347E+09   0.510E+05   0.980E+12
  OPTIMIZATION STUFF
      115434  -9803.21568544761        106841189001.186     
   326718.664853128       -336521.880538576     
        0   115864  -0.563E+01   0.962E+04  -0.157E+02   0.248E+05  -0.430E+05   0.150E+09
  OPTIMIZATION STUFF
      115864  -32.5309744800914        7816.15928145654     
   82.2064169078800       -114.737391387971     
        0   115977   0.155E+00   0.826E+04  -0.170E+01   0.217E+05   0.920E+04   0.110E+09
  OPTIMIZATION STUFF
      115977  -32.2731424478058        10488.4379088575     
   97.1950728452896       -129.468215293095     
        0   115221   0.942E+00   0.613E+04   0.361E+01   0.170E+05   0.310E+05   0.993E+08
  OPTIMIZATION STUFF
      115221  -29.2992338956056        4033.59982543706     
   56.3485112364795       -85.6477451320851     
        0   115295   0.277E+01   0.650E+04   0.863E+01   0.159E+05   0.162E+05   0.124E+09
  OPTIMIZATION STUFF
      115295  -30.6344929912176        5975.84750028021     
   70.9744696313488       -101.608962622566     
        0   114346   0.426E+00   0.704E+04  -0.373E+00   0.186E+05  -0.460E+04   0.104E+09
  OPTIMIZATION STUFF
      114346  -30.6814751763676        13691.1753380864     
   112.915111562131       -143.596586738498     
        0   114760  -0.436E+01   0.717E+04  -0.884E+01   0.190E+05  -0.193E+05   0.880E+08
  OPTIMIZATION STUFF
      114760  -31.5967550493691        40416.3062614154     
   198.539546014807       -230.136301064176     
        0   113702   0.167E+01   0.611E+04   0.840E+00   0.163E+05   0.354E+05   0.974E+08
  OPTIMIZATION STUFF
      113702  -30.2913970205434        5984.92209248451     
   71.1853451142040       -101.476742134747     
        0   114523  -0.134E+01   0.635E+04  -0.603E+00   0.197E+05  -0.539E+05   0.136E+09
  OPTIMIZATION STUFF
      114523  -31.2182795639631        4993.45819788155     
   63.3946150626991       -94.6128946266622     
        0   114563  -0.195E+01   0.735E+04  -0.657E+01   0.218E+05  -0.137E+04   0.135E+09
  OPTIMIZATION STUFF
      114563  -31.0787960989507        4906.94770301570     
   62.7778315654144       -93.8566276643651     
        0   114543  -0.412E+00   0.646E+04   0.961E+00   0.179E+05   0.321E+04   0.119E+09
  OPTIMIZATION STUFF
      114543  -31.2381333037690        4904.19919777003     
   62.6767758062425       -93.9149091100115     
        0   114532  -0.439E+00   0.564E+04   0.137E+01   0.165E+05   0.592E+05   0.837E+08
  OPTIMIZATION STUFF
      114532  -30.7020233940288        4090.54385979070     
   56.1064133526926       -86.8084367467214     
        0   114923   0.611E+00   0.635E+04   0.494E+00   0.188E+05  -0.529E+05   0.103E+09
  OPTIMIZATION STUFF
      114923  -30.9497380282336        5743.13629075090     
   69.1755014924692       -100.125239520703     
        0   114542   0.961E+00   0.612E+04  -0.581E-01   0.186E+05   0.133E+05   0.970E+08
  OPTIMIZATION STUFF
      114542  -31.2969307062048        4388.40676780282     
   58.3858621258078       -89.6827928320126     
        0   100999   0.248E+01   0.617E+04   0.134E+02   0.212E+05  -0.482E+04   0.123E+09
  OPTIMIZATION STUFF
      100999  -31.7992099433121        4564.40230111351     
   59.6088294474457       -91.4080393907578     
        0   112652  -0.129E+01   0.440E+04  -0.275E+01   0.141E+05  -0.312E+04   0.935E+08
  OPTIMIZATION STUFF
      112652  -31.0366734924783        4336.24837807027     
   58.0773043158131       -89.1139778082914     
        0   112039  -0.188E+00   0.469E+04   0.147E+01   0.156E+05   0.423E+05   0.902E+08
  OPTIMIZATION STUFF
      112039  -31.2359490441195        5356.79564372505     
   66.1899624643965       -97.4259115085160     
        0    81604   0.171E+01   0.456E+04  -0.145E+01   0.151E+05  -0.151E+05   0.992E+08
  OPTIMIZATION STUFF
       81604  -30.6940930997628        4687.97833126778     
   61.2033575880513       -91.8974506878141     
        0    40582  -0.761E+01   0.529E+04  -0.218E+02   0.195E+05  -0.881E+05   0.117E+09
  OPTIMIZATION STUFF
       40582  -33.0014123323135        5566.01419038910     
   66.9097972980170       -99.9112096303305     
        0    40749   0.181E+01   0.538E+04   0.357E+01   0.192E+05  -0.803E+05   0.116E+09
  OPTIMIZATION STUFF
       40749  -30.6921232362598        3935.93558763807     
   54.7168087418145       -85.4089319780743     
        0    40634   0.146E+01   0.643E+04   0.214E+01   0.217E+05  -0.161E+05   0.102E+09
  OPTIMIZATION STUFF
       40634  -33.2256762964751        5161.12070678168     
   63.6959585956875       -96.9216348921626     
        0    40354  -0.688E+01   0.344E+04  -0.144E+02   0.141E+05   0.733E+05   0.549E+08
  OPTIMIZATION STUFF
       40354  -28.8377445683392        3508.38923092784     
   51.7375465125576       -80.5752910808968     
        0    41042   0.428E+01   0.504E+04   0.945E+01   0.173E+05   0.769E+05   0.654E+08
  OPTIMIZATION STUFF
       41042  -30.3109931076289        4125.97610082336     
   56.6323211395457       -86.9433142471746     
        0    40768  -0.374E+01   0.563E+04  -0.115E+02   0.187E+05  -0.108E+06   0.999E+08
  OPTIMIZATION STUFF
       40768  -29.3617458620008        3476.62234142804     
   51.1322815974734       -80.4940274594742     
        0    40763   0.630E+01   0.543E+04   0.802E+01   0.169E+05   0.515E+05   0.815E+08
  OPTIMIZATION STUFF
       40763  -30.7983290567584        3984.05586525620     
   55.0955424019751       -85.8938714587334     
        0    41104   0.133E+00   0.434E+04   0.155E+02   0.130E+05   0.888E+04   0.634E+08
  OPTIMIZATION STUFF
       41104  -29.5817037416878        3558.68340373004     
   51.8035347005304       -81.3852384422182     
        0    41418  -0.221E+01   0.383E+04  -0.128E+02   0.117E+05  -0.321E+05   0.823E+08
  OPTIMIZATION STUFF
       41418  -29.7157341349769        3978.63610853389     
   55.6382175608930       -85.3539516958699     
        0    40316  -0.132E+01   0.319E+04  -0.422E+00   0.121E+05   0.442E+05   0.762E+08
  OPTIMIZATION STUFF
       40316  -29.6637451700043        3558.34288279699     
   51.7533100901385       -81.4170552601429     
        0    41303  -0.134E+01   0.555E+04  -0.601E+01   0.177E+05   0.545E+04   0.111E+09
  OPTIMIZATION STUFF
       41303  -32.1826660276524        4175.38344315171     
   56.0326641389137       -88.2153301665661     
        0    41157  -0.526E+01   0.466E+04  -0.135E+02   0.146E+05  -0.117E+06   0.112E+09
  OPTIMIZATION STUFF
       41157  -28.9273636063209        3443.14637283814     
   51.0524632865628       -79.9798268928837     
        0    42053   0.672E+01   0.609E+04   0.189E+02   0.203E+05  -0.371E+05   0.140E+09
  OPTIMIZATION STUFF
       42053  -31.8060040032286        3927.12991756889     
   53.9954445015086       -85.8014485047372     
        0    42288  -0.231E+01   0.377E+04  -0.720E+01   0.109E+05   0.102E+06   0.862E+08
  OPTIMIZATION STUFF
       42288  -30.6530555086721        3451.06815565938     
   50.1144524427998       -80.7675079514719     
        0    42379   0.513E+01   0.443E+04   0.153E+02   0.148E+05  -0.448E+05   0.801E+08
  OPTIMIZATION STUFF
       42379  -29.9873540214286        3495.53326994601     
   50.9538209434731       -80.9411749649017     
        0    41728  -0.351E+01   0.432E+04  -0.413E+01   0.121E+05   0.530E+05   0.968E+08
  OPTIMIZATION STUFF
       41728  -30.9954269301443        3881.05984010166     
   54.0402012350041       -85.0356281651485     
        0    42088   0.224E+01   0.488E+04   0.309E+01   0.157E+05   0.562E+05   0.825E+08
  OPTIMIZATION STUFF
       42088  -30.3404845683390        4309.03844763169     
   58.2107674214150       -88.5512519897541     
        0    41140  -0.128E+01   0.409E+04  -0.584E+01   0.126E+05   0.304E+05   0.959E+08
  OPTIMIZATION STUFF
       41140  -30.0396668691223        3677.45089222273     
   52.6789265894332       -82.7185934585554     
        0    40970  -0.851E+00   0.439E+04   0.632E+01   0.119E+05  -0.112E+06   0.917E+08
  OPTIMIZATION STUFF
       40970  -29.1858500669199        3195.71195276004     
   48.4138214627942       -77.5996715297141     
        0    42441  -0.159E+01   0.309E+04  -0.225E+01   0.127E+05  -0.670E+05   0.103E+09
  OPTIMIZATION STUFF
       42441  -29.8822263512854        3929.82253855702     
   55.1078495937517       -84.9900759450372     
        0    40848   0.857E+01   0.462E+04   0.269E+02   0.175E+05   0.262E+06   0.973E+08
  OPTIMIZATION STUFF
       40848  -30.2093023633985        3421.76613504946     
   50.0915580289356       -80.3008603923341     
        0    41197  -0.431E+01   0.508E+04  -0.271E+02   0.179E+05  -0.171E+06   0.116E+09
  OPTIMIZATION STUFF
       41197  -31.7167294043767        4097.16167566179     
   55.5986578214919       -87.3153872258686     
        0    40465  -0.795E+01   0.330E+04  -0.165E+02   0.101E+05  -0.133E+06   0.930E+08
  OPTIMIZATION STUFF
       40465  -29.1441976380970        3246.60934963786     
   48.9614653954455       -78.1056630335425     
        0    41181   0.113E+02   0.474E+04   0.281E+02   0.181E+05   0.213E+06   0.834E+08
  OPTIMIZATION STUFF
       41181  -31.0006294546565        3741.70119105547     
   52.7319842644912       -83.7326137191477     
        0    41516  -0.998E+01   0.448E+04  -0.261E+02   0.150E+05  -0.140E+06   0.737E+08
  OPTIMIZATION STUFF
       41516  -31.0998311378855        3793.55724776761     
   53.1635001759912       -84.2633313138767     
        0    41809   0.781E+00   0.492E+04   0.537E+01   0.166E+05   0.103E+06   0.115E+09
  OPTIMIZATION STUFF
       41809  -30.5428135902978        3638.91899932663     
   52.0197610270843       -82.5625746173820     
        0    40943  -0.373E+01   0.290E+04  -0.245E+02   0.845E+04  -0.227E+05   0.704E+08
  OPTIMIZATION STUFF
       40943  -28.2070817824519        2907.59421663436     
   45.9560088992988       -74.1630906817507     
        0    41907   0.209E+01   0.455E+04   0.157E+02   0.137E+05  -0.110E+06   0.951E+08
  OPTIMIZATION STUFF
       41907  -29.4408483184149        3660.68042398760     
   52.8575148326109       -82.2983631510258     
        0    41816   0.288E+01   0.370E+04   0.180E+02   0.137E+05   0.688E+05   0.720E+08
  OPTIMIZATION STUFF
       41816  -27.9105224093721        2908.78607858727     
   46.1496350735649       -74.0601574829370     
        0    41493  -0.467E+01   0.387E+04  -0.182E+02   0.127E+05   0.504E+05   0.555E+08
  OPTIMIZATION STUFF
       41493  -28.3970556719639        2998.92301660661     
   46.8244620446406       -75.2215177166045     
        0    41215   0.109E+02   0.337E+04   0.329E+02   0.940E+04   0.104E+06   0.834E+08
  OPTIMIZATION STUFF
       41215  -29.6116629613483        3380.86404856987     
   50.0401185573474       -79.6517815186956     
        0    41489  -0.140E+02   0.357E+04  -0.515E+02   0.141E+05  -0.249E+06   0.103E+09
  OPTIMIZATION STUFF
       41489  -28.4678775391347        2998.03435376395     
   46.7719392604238       -75.2398167995586     
        0    41277   0.406E+01   0.428E+04   0.160E+02   0.186E+05   0.180E+06   0.703E+08
  OPTIMIZATION STUFF
       41277  -29.1290331603188        3183.41990055130     
   48.3210029665811       -77.4500361269000     
        0    41364  -0.202E+01   0.416E+04  -0.767E+01   0.143E+05  -0.122E+06   0.730E+08
  OPTIMIZATION STUFF
       41364  -29.2641356351147        3259.76036844221     
   49.0241851943694       -78.2883208294841     
        0    41585   0.459E+01   0.363E+04   0.175E+02   0.119E+05   0.165E+06   0.822E+08
  OPTIMIZATION STUFF
       41585  -28.2948101341832        3012.26616875068     
   47.0283944890872       -75.3232046232704     
        0    41407  -0.328E+01   0.200E+09  -0.165E+02   0.683E+09  -0.113E+06   0.130E+13
  OPTIMIZATION STUFF
       41407  -36311.8951368528        98415635742.0251     
   311604.046850479       -347915.941987331     
        0    41021  -0.385E+01   0.390E+04  -0.700E+01   0.125E+05  -0.230E+05   0.544E+08
  OPTIMIZATION STUFF
       41021  -26.9544178151639        2600.08599094251     
   43.2844700924949       -70.2388879076588     
        0    41196   0.675E+01   0.391E+04   0.202E+02   0.123E+05  -0.844E+05   0.614E+08
  OPTIMIZATION STUFF
       41196  -26.9380119501798        2585.76419886884     
   43.1289660325959       -70.0669779827756     
        0    40790  -0.183E+01   0.383E+04  -0.455E+01   0.114E+05   0.207E+05   0.943E+08
  OPTIMIZATION STUFF
       40790  -28.4172065370251        2868.55831172757     
   45.3984656608528       -73.8156721978779     
        0    40967  -0.172E+01   0.227E+04   0.299E+01   0.860E+04   0.174E+06   0.577E+08
  OPTIMIZATION STUFF
       40967  -29.3507851341597        3153.16486049699     
   47.8716646097185       -77.2224497438783     
        0    41158  -0.245E+01   0.344E+04  -0.747E+01   0.109E+05  -0.111E+06   0.742E+08
  OPTIMIZATION STUFF
       41158  -27.6261981176481        2758.65795983563     
   44.6704727689341       -72.2966708865822     
        0    40589  -0.179E+01   0.209E+04  -0.850E+01   0.887E+04   0.289E+05   0.769E+08
  OPTIMIZATION STUFF
       40589  -28.7672319940301        2943.90256265233     
   46.0037925181607       -74.7710245121908     
        0    40735   0.496E+01   0.487E+04   0.860E+01   0.165E+05  -0.149E+06   0.576E+08
  OPTIMIZATION STUFF
       40735  -28.6477548454325        2991.59995969018     
   46.5929833988571       -75.2407382442896     
        0    40752  -0.231E+01   0.302E+04   0.192E+01   0.943E+04   0.117E+06   0.843E+08
  OPTIMIZATION STUFF
       40752  -28.0571921334741        2837.34001189651     
   45.2784052444632       -73.3355973779373     
        0    40960  -0.157E+00   0.274E+04  -0.899E+01   0.969E+04  -0.930E+05   0.831E+08
  OPTIMIZATION STUFF
       40960  -28.8839497630950        2949.58177418684     
   45.9923821982493       -74.8763319613443     
        0    41445   0.407E+01   0.433E+04   0.129E+02   0.155E+05   0.144E+06   0.653E+08
  OPTIMIZATION STUFF
       41445  -28.1805173099480        2833.64930695285     
   45.1609095468257       -73.3414268567736     
        0    41609  -0.453E+01   0.311E+04  -0.159E+02   0.118E+05  -0.182E+04   0.775E+08
  OPTIMIZATION STUFF
       41609  -27.8621790051366        2885.52554781273     
   45.9262945261041       -73.7884735312407     
        0    41606  -0.936E+00   0.309E+04   0.564E+01   0.914E+04  -0.849E+05   0.775E+08
  OPTIMIZATION STUFF
       41606  -27.5728473880053        2690.01191059691     
   43.9289198309573       -71.5017672189627     
        0    41216   0.761E+01   0.300E+04   0.180E+02   0.122E+05  -0.399E+05   0.862E+08
  OPTIMIZATION STUFF
       41216  -28.0232096885603        2934.46262675647     
   46.3590589368190       -74.3822686253793     
        0    41180  -0.536E+01   0.301E+04  -0.151E+02   0.138E+05   0.105E+06   0.671E+08
  OPTIMIZATION STUFF
       41180  -28.7723461014024        3005.97737477620     
   46.6704346947542       -75.4427807961566     
        0    41601  -0.197E+01   0.481E+04  -0.791E+01   0.164E+05  -0.152E+05   0.782E+08
  OPTIMIZATION STUFF
       41601  -27.0318275316269        2642.68977838438     
   43.7260800745363       -70.7579076061632     
        0    41218   0.542E+01   0.375E+04   0.179E+02   0.117E+05  -0.114E+05   0.712E+08
  OPTIMIZATION STUFF
       41218  -27.8536590256599        2785.73546461021     
   44.8320102548669       -72.6856692805268     
        0    40755   0.297E+01   0.313E+04   0.439E+01   0.920E+04  -0.438E+05   0.912E+08
  OPTIMIZATION STUFF
       40755  -28.3203701836070        3134.47649789069     
   48.2952702710540       -76.6156404546610     
        0    40682  -0.478E+01   0.313E+04   0.400E+00   0.115E+05   0.358E+05   0.882E+08
  OPTIMIZATION STUFF
       40682  -28.5028168893506        2874.69837748474     
   45.4124190817544       -73.9152359711050     
        0    41425  -0.103E+01   0.368E+04  -0.185E+02   0.119E+05   0.259E+05   0.962E+08
  OPTIMIZATION STUFF
       41425  -28.8613114760335        2990.20277548056     
   46.4459629608854       -75.3072744369189     
        0    41647   0.339E+01   0.363E+04   0.897E+01   0.116E+05   0.132E+06   0.759E+08
  OPTIMIZATION STUFF
       41647  -25.7079864994350        2325.59549907090     
   40.8006731466010       -66.5086596460361     
        0    41306  -0.432E+00   0.329E+04   0.142E+02   0.124E+05  -0.130E+06   0.999E+08
  OPTIMIZATION STUFF
       41306  -27.7637463779373        2750.96648706635     
   44.4987738497132       -72.2625202276505     
        0    40896  -0.351E+01   0.289E+04  -0.204E+02   0.890E+04   0.268E+05   0.692E+08
  OPTIMIZATION STUFF
       40896  -28.1777796123253        2853.11296538702     
   45.3775903007888       -73.5553699131141     
        0    36660  -0.231E+01   0.254E+04  -0.495E+01   0.112E+05  -0.115E+06   0.811E+08
  OPTIMIZATION STUFF
       36660  -26.9144988799056        2500.10754930969     
   42.1392607831848       -69.0537596630904     
        0    38560   0.253E+01   0.298E+04   0.381E+01   0.117E+05   0.712E+05   0.610E+08
  OPTIMIZATION STUFF
       38560  -28.4828095767261        2970.10802051348     
   46.4632928141069       -74.9461023908330     
        0    41134  -0.643E+00   0.351E+04   0.474E+01   0.131E+05  -0.125E+06   0.110E+09
  OPTIMIZATION STUFF
       41134  -28.6183382882301        2900.16829153051     
   45.6197216689332       -74.2380599571633     
        0    41270   0.227E+01   0.336E+04   0.924E+01   0.895E+04   0.147E+06   0.755E+08
  OPTIMIZATION STUFF
       41270  -26.7616437396444        2613.84232614606     
   43.5621022277210       -70.3237459673654     
        0    41011  -0.496E+01   0.335E+04  -0.206E+02   0.926E+04  -0.723E+05   0.750E+08
  OPTIMIZATION STUFF
       41011  -29.1811941199335        3076.86917907642     
   47.1733726673340       -76.3545667872675     
        0    40890   0.304E+01   0.269E+04   0.147E+02   0.951E+04   0.660E+05   0.839E+08
  OPTIMIZATION STUFF
       40890  -28.0823582258455        2774.74421296519     
   44.5659664928348       -72.6483247186804     
        0    41093  -0.350E+01   0.281E+04  -0.167E+02   0.104E+05  -0.270E+05   0.609E+08
  OPTIMIZATION STUFF
       41093  -27.9602589026930        2718.54502401570     
   44.0087371565020       -71.9689960591950     
        0    40949   0.513E+01   0.262E+04   0.172E+02   0.117E+05  -0.261E+05   0.740E+08
  OPTIMIZATION STUFF
       40949  -28.2943028034042        2790.84355834626     
   44.6125093131459       -72.9068121165501     
        0    41565  -0.401E+01   0.335E+04  -0.175E+02   0.129E+05   0.166E+04   0.540E+08
  OPTIMIZATION STUFF
       41565  -27.3313778474244        2652.21210087282     
   43.6486871032124       -70.9800649506368     
        0    40907   0.291E+01   0.217E+04   0.213E+02   0.980E+04   0.218E+06   0.964E+08
  OPTIMIZATION STUFF
       40907  -27.9827022821758        2860.56379162435     
   45.5799535389349       -73.5626558211107     
        0    41217   0.202E+00   0.398E+04  -0.253E+01   0.160E+05  -0.201E+06   0.115E+09
  OPTIMIZATION STUFF
       41217  -27.8285591484843        2841.24766396367     
   45.4622806256240       -73.2908397741082     
        0    40905  -0.359E-01   0.215E+04  -0.108E+02   0.899E+04  -0.423E+05   0.995E+08
  OPTIMIZATION STUFF
       40905  -28.7874770822654        2978.97052250824     
   46.3708063952557       -75.1582834775211     
        0    41250   0.646E+00   0.241E+04   0.731E+01   0.929E+04   0.244E+05   0.689E+08
  OPTIMIZATION STUFF
       41250  -25.9284445222103        2356.23572067807     
   41.0359779381061       -66.9644224603165     
        0    41063  -0.153E+01   0.260E+04  -0.930E+01   0.112E+05   0.100E+06   0.959E+08
  OPTIMIZATION STUFF
       41063  -28.7431485954089        2926.39471779904     
   45.8282241268552       -74.5713727222642     
        0    41625  -0.474E+01   0.399E+04  -0.118E+02   0.144E+05  -0.146E+06   0.755E+08
  OPTIMIZATION STUFF
       41625  -27.6260729844205        2756.06601849881     
   44.6415289832044       -72.2676019676249     
        0    40952   0.379E+01   0.357E+04   0.880E+01   0.141E+05   0.155E+06   0.599E+08
  OPTIMIZATION STUFF
       40952  -26.5822614259053        2494.69484296635     
   42.2856739387133       -68.8679353646186     
        0    40814  -0.140E+01   0.385E+04   0.422E+01   0.108E+05  -0.101E+05   0.131E+09
  OPTIMIZATION STUFF
       40814  -27.6442482830140        2737.21455832686     
   44.4185782662384       -72.0628265492523     
        0    41814  -0.183E+01   0.173E+04  -0.124E+02   0.951E+04  -0.156E+06   0.997E+08
  OPTIMIZATION STUFF
       41814  -27.2510002378857        2636.94089528391     
   43.5238311884267       -70.7748314263124     
        0    40955   0.414E+01   0.372E+04   0.187E+02   0.131E+05   0.133E+06   0.648E+08
  OPTIMIZATION STUFF
       40955  -27.7872385431946        2812.78668634066     
   45.1736212903533       -72.9608598335479     
        0    40974  -0.274E+01   0.285E+04   0.972E+00   0.114E+05  -0.183E+03   0.834E+08
  OPTIMIZATION STUFF
       40974  -26.2533753213372        2402.24461919926     
   41.3884634099439       -67.6418387312811     
        0    41236   0.644E+00   0.376E+04  -0.919E+01   0.151E+05  -0.715E+05   0.779E+08
  OPTIMIZATION STUFF
       41236  -27.6717106361881        2657.97923260656     
   43.5000650927517       -71.1717757289398     
        0    40414  -0.174E+01   0.273E+04  -0.151E+01   0.100E+05   0.481E+05   0.791E+08
  OPTIMIZATION STUFF
       40414  -27.9266205551116        2804.25579348792     
   44.9928845247639       -72.9195050798755     
        0    39553   0.909E+00   0.310E+04   0.191E+01   0.140E+05  -0.110E+06   0.598E+08
  OPTIMIZATION STUFF
       39553  -27.7040191338680        2847.65086194925     
   45.6085319406306       -73.3125510744986     
        0    40379   0.109E+01   0.282E+04  -0.182E+00   0.853E+04   0.952E+05   0.627E+08
  OPTIMIZATION STUFF
       40379  -25.9564959314964        2292.16977035221     
   40.2297164955263       -66.1862124270227     
        0    41044  -0.191E+01   0.246E+04  -0.186E+01   0.113E+05  -0.167E+05   0.940E+08
  OPTIMIZATION STUFF
       41044  -28.3258269038213        2936.13651106243     
   46.1929003341118       -74.5187272379331     
        0    40858  -0.170E+01   0.268E+04  -0.773E+01   0.776E+04  -0.672E+05   0.435E+08
  OPTIMIZATION STUFF
       40858  -27.1269595889456        2588.86953309341     
   43.0464585831764       -70.1734181721220     
        0    40689   0.184E+01   0.187E+04   0.437E+01   0.910E+04  -0.677E+05   0.774E+08
  OPTIMIZATION STUFF
       40689  -25.5163818287678        2324.80276807566     
   40.9110868401731       -66.4274686689409     
        0    41154  -0.190E+01   0.229E+04   0.987E+00   0.883E+04   0.461E+05   0.783E+08
  OPTIMIZATION STUFF
       41154  -25.5754270560657        2272.20871591525     
   40.2256913777142       -65.8011184337799     
        0    41219   0.127E+01   0.619E+04  -0.255E+01   0.194E+05   0.544E+05   0.614E+08
  OPTIMIZATION STUFF
       41219  -28.9369574715620        2959.16495153234     
   46.0631896835353       -75.0001471550973     
        0    41072  -0.157E+01   0.202E+04   0.203E+01   0.825E+04   0.136E+06   0.576E+08
  OPTIMIZATION STUFF
       41072  -26.4549719971769        2496.91993511040     
   42.3916783312360       -68.8466503284129     
        0    40675   0.220E+01   0.246E+04  -0.156E+01   0.910E+04  -0.124E+06   0.759E+08
  OPTIMIZATION STUFF
       40675  -26.2642526811343        2455.78120110089     
   42.0234485995904       -68.2877012807247     
        0    40941  -0.418E+01   0.327E+04  -0.126E+02   0.128E+05  -0.803E+05   0.809E+08
  OPTIMIZATION STUFF
       40941  -26.7683785576018        2576.39234536393     
   43.1259348276748       -69.8943133852766     
        0    40818   0.358E+01   0.336E+04   0.945E+01   0.101E+05   0.656E+05   0.675E+08
  OPTIMIZATION STUFF
       40818  -25.0417324558022        2193.01200641172     
   39.5717530825176       -64.6134855383198     
        0    40440   0.442E+01   0.188E+04   0.160E+02   0.777E+04  -0.484E+05   0.898E+08
  OPTIMIZATION STUFF
       40440  -26.9752535533009        2640.22447170151     
   43.7328271146131       -70.7080806679140     
        0    40926  -0.315E+01   0.261E+04  -0.463E+01   0.120E+05   0.148E+06   0.592E+08
  OPTIMIZATION STUFF
       40926  -28.6271053494313        3014.35250376549     
   46.8491338562204       -75.4762392056517     
        0    40720  -0.162E+01   0.230E+04  -0.133E+02   0.934E+04  -0.465E+05   0.816E+08
  OPTIMIZATION STUFF
       40720  -25.0000815479132        2157.75966260195     
   39.1504225417765       -64.1505040896897     
        0    41346  -0.609E+00   0.156E+04  -0.291E+01   0.820E+04  -0.116E+06   0.567E+08
  OPTIMIZATION STUFF
       41346  -24.7439839339986        2063.95265452885     
   38.1010224745068       -62.8450064085054     
        0    41135   0.101E+00   0.248E+04   0.775E+01   0.949E+04   0.105E+06   0.682E+08
  OPTIMIZATION STUFF
       41135  -25.8407131374744        2334.81879070154     
   40.8298461330471       -66.6705592705215     
        0    41065   0.498E+00   0.239E+04  -0.418E+01   0.898E+04  -0.144E+06   0.773E+08
  OPTIMIZATION STUFF
       41065  -27.5570844193229        2750.26326182515     
   44.6191703209670       -72.1762547402899     
        0    40898   0.390E+01   0.238E+04   0.104E+02   0.699E+04   0.200E+06   0.654E+08
  OPTIMIZATION STUFF
       40898  -26.2760728824937        2449.99748626615     
   41.9471748767427       -68.2232477592363     
        0    40862  -0.279E+01   0.237E+04   0.280E+01   0.961E+04  -0.557E+05   0.818E+08
  OPTIMIZATION STUFF
       40862  -26.8891214296090        2621.63492174963     
   43.5730429336003       -70.4621643632093     
        0    41155  -0.888E+00   0.263E+04  -0.129E+02   0.106E+05  -0.808E+05   0.534E+08
  OPTIMIZATION STUFF
       41155  -27.1480272576030        2619.55382169164     
   43.3882292530138       -70.5362565106169     
        0    41063   0.120E+01   0.258E+04   0.166E+02   0.102E+05   0.481E+05   0.671E+08
  OPTIMIZATION STUFF
       41063  -27.5336352911804        2724.36941052789     
   44.3426243943697       -71.8762596855502     
        0    40092   0.199E+00   0.234E+04  -0.904E+01   0.855E+04   0.230E+05   0.669E+08
  OPTIMIZATION STUFF
       40092  -26.7183486792328        2480.65333395995     
   42.0331200104737       -68.7514686897065     
        0    40340   0.601E+00   0.189E+04  -0.188E+01   0.737E+04   0.925E+04   0.709E+08
  OPTIMIZATION STUFF
       40340  -28.3198951606178        2938.62171733688     
   46.2234275603670       -74.5433227209848     
        0    41111  -0.207E+01   0.270E+04   0.124E+02   0.107E+05   0.825E+05   0.728E+08
  OPTIMIZATION STUFF
       41111  -27.5812675920029        2772.50943554805     
   44.8529052968298       -72.4341728888326     
        0    40638   0.955E+00   0.186E+04  -0.470E+01   0.107E+05  -0.952E+05   0.863E+08
  OPTIMIZATION STUFF
       40638  -28.8239256125324        3050.43885486336     
   47.1128450334573       -75.9367706459896     
        0    40792  -0.314E+01   0.234E+04  -0.159E+02   0.967E+04  -0.535E+05   0.647E+08
  OPTIMIZATION STUFF
       40792  -27.6723687673906        2786.33529244335     
   44.9508097729607       -72.6231785403512     
        0    40958   0.289E+01   0.202E+04   0.130E+02   0.105E+05   0.660E+05   0.955E+08
  OPTIMIZATION STUFF
       40958  -28.0939318214964        2855.92779973557     
   45.4605190747387       -73.5544508962351     
        0    40595  -0.142E+01   0.209E+04  -0.114E+02   0.900E+04  -0.535E+05   0.691E+08
  OPTIMIZATION STUFF
       40595  -27.0648592288072        2631.73308736904     
   43.5801156755451       -70.6449749043523     
        0    41948   0.285E+01   0.303E+04   0.119E+02   0.122E+05   0.155E+05   0.617E+08
  OPTIMIZATION STUFF
       41948  -27.4783820618412        2681.44643751990     
   43.8906021465118       -71.3689842083530     
        0    41091  -0.344E+01   0.233E+04  -0.699E+01   0.984E+04  -0.871E+05   0.898E+08
  OPTIMIZATION STUFF
       41091  -29.1801320375708        3098.29045938107     
   47.4005311536802       -76.5806631912509     
        0    40393   0.241E+01   0.223E+04   0.262E+01   0.100E+05   0.146E+06   0.990E+08
  OPTIMIZATION STUFF
       40393  -27.3428594530303        2667.91643769110     
   43.8210505878502       -71.1639100408805     
        0    40587  -0.273E+01   0.216E+04  -0.455E+01   0.108E+05  -0.881E+05   0.103E+09
  OPTIMIZATION STUFF
       40587  -28.6818589367635        2905.75864966032     
   45.6410957098088       -74.3229546465722     
        0    40302   0.436E+01   0.222E+04   0.181E+02   0.890E+04   0.390E+05   0.909E+08
  OPTIMIZATION STUFF
       40302  -28.4605903174468        2969.44421152915     
   46.4697644744580       -74.9303547919048     
        0    41034  -0.258E+01   0.216E+04  -0.117E+02   0.948E+04  -0.186E+05   0.648E+08
  OPTIMIZATION STUFF
       41034  -28.0728114224633        2850.88835301120     
   45.4181198625616       -73.4909312850249     
        0    39462  -0.301E+01   0.238E+04  -0.714E+01   0.844E+04   0.675E+04   0.498E+08
  OPTIMIZATION STUFF
       39462  -28.2524754329953        2881.63819602938     
   45.6446692170880       -73.8971446500833     
        0    40992   0.249E+01   0.184E+04   0.283E+01   0.773E+04  -0.140E+05   0.666E+08
  OPTIMIZATION STUFF
       40992  -26.8974132656842        2589.83025327158     
   43.2013820714868       -70.0987953371710     
        0    40992  -0.230E+01   0.188E+04  -0.776E+01   0.750E+04   0.859E+05   0.550E+08
  OPTIMIZATION STUFF
       40992  -27.2464687973028        2705.94201061861     
   44.3122099279218       -71.5586787252246     
        0    40398   0.231E+01   0.320E+04   0.850E+01   0.114E+05   0.648E+05   0.611E+08
  OPTIMIZATION STUFF
       40398  -26.5274920341986        2528.71984889553     
   42.7201593544670       -69.2476513886656     
        0    40668  -0.425E+01   0.231E+04  -0.163E+02   0.146E+05  -0.953E+05   0.717E+08
  OPTIMIZATION STUFF
       40668  -26.5116927915821        2590.71986985688     
   43.4493960278121       -69.9610888193943     
        0    39861   0.710E+01   0.223E+04   0.469E+02   0.102E+05   0.222E+06   0.998E+08
  OPTIMIZATION STUFF
       39861  -26.3303027374561        2579.90567014456     
   43.4352486800580       -69.7655514175140     
        0    40635  -0.168E+01   0.231E+04  -0.282E+02   0.948E+04  -0.175E+06   0.123E+09
  OPTIMIZATION STUFF
       40635  -29.1231639545812        3220.73018251176     
   48.7090495060861       -77.8322134606673     
        0    40603  -0.111E+01   0.237E+04   0.297E+01   0.920E+04  -0.140E+06   0.914E+08
  OPTIMIZATION STUFF
       40603  -27.6670042357797        2777.62594474393     
   44.8571379087128       -72.5241421444925     
        0    40073  -0.653E-02   0.224E+04  -0.754E+01   0.824E+04   0.470E+05   0.743E+08
  OPTIMIZATION STUFF
       40073  -26.6087172395697        2558.83506913252     
   43.0210557285285       -69.6297729680982     
