tried moves    experiment_1   _      experiment_2    _                                                                                                                                                                                                                                                                                                                                                                                                                                                                          
        0   129743   0.156E+00   0.152E+04   0.517E+01   0.806E+05
  OPTIMIZATION STUFF
      129743  -29.2415346075004        36845.9131588156     
   189.712534674475       -218.954069281976     
        0   130031   0.473E-02   0.591E+02   0.527E-01   0.177E+04
  OPTIMIZATION STUFF
      130031  -13.6356979260073        832.525123788859     
   25.4281903772081       -39.0638883032154     
        0   130526   0.238E-02   0.712E+02  -0.307E+00   0.232E+04
  OPTIMIZATION STUFF
      130526  -13.4703178177077        785.129199794955     
   24.5698949465581       -38.0402127642658     
        0   131279  -0.142E-01   0.578E+02   0.675E+00   0.215E+04
  OPTIMIZATION STUFF
      131279  -12.9217537584398        716.269005163550     
   23.4370920758057       -36.3588458342456     
        0   129587   0.325E-02   0.514E+02   0.608E+00   0.235E+04
  OPTIMIZATION STUFF
      129587  -13.0170861434924        707.598997486372     
   23.1981565176906       -36.2152426611830     
