tried moves    experiment_1   _      experiment_2    _                                                                                                                                                                                                                                                                                                                                                                                                                                                                          
        0    94792   0.562E+02   0.249E+10   0.129E+03   0.334E+11
  OPTIMIZATION STUFF
       94792   579727.78179418773        40704258568859.555     
   6353595.3811897356       -5773867.5993955480     
        0    96155   0.359E+02   0.579E+05   0.987E+02   0.143E+06
  OPTIMIZATION STUFF
       96155  -7.8428119543258639        8190.8728478330822     
   90.162981031475255       -98.005792985801122     
        0    96289   0.265E+02   0.459E+05   0.743E+02   0.118E+06
  OPTIMIZATION STUFF
       96289  -18.459616680119083        12450.183151609925     
   110.04283576695484       -128.50245244707392     
        0    96137   0.105E+02   0.833E+05   0.537E+02   0.214E+06
  OPTIMIZATION STUFF
       96137  -28.587980779243939        18770.517214665681     
   133.98971814893582       -162.57769892817976     
        0    96164  -0.184E+02   0.728E+05  -0.538E+02   0.197E+06
  OPTIMIZATION STUFF
       96164  -37.913466271821079        23996.639352003349     
   150.19723175631046       -188.11069802813154     
        0    96164   0.647E+02   0.719E+05   0.211E+03   0.206E+06
  OPTIMIZATION STUFF
       96164  -45.577816630528815        26381.242082710891     
   155.89709655379983       -201.47491318432864     
        0    96103  -0.887E+02   0.837E+05  -0.252E+03   0.249E+06
  OPTIMIZATION STUFF
       96103  -57.019059413395958        34310.508905020964     
   176.23659032287418       -233.25564973627013     
        0    96246   0.468E+02   0.757E+05   0.150E+03   0.231E+06
  OPTIMIZATION STUFF
       96246  -72.884577019965391        42530.897756705781     
   192.92158041371761       -265.80615743368298     
        0    96200   0.193E+02   0.862E+05   0.657E+02   0.256E+06
  OPTIMIZATION STUFF
       96200  -87.371368086253085        53838.581668664585     
   214.95307792027791       -302.32444600653099     
        0    96246   0.438E+02   0.103E+06   0.143E+03   0.324E+06
  OPTIMIZATION STUFF
       96246  -105.36981758145711        67708.526168488184     
   237.91958244612536       -343.28940002758247     
        0    96217  -0.320E+02   0.148E+06  -0.100E+03   0.492E+06
  OPTIMIZATION STUFF
       96217  -120.27808590116460        80283.323043474360     
   256.54727653090850       -376.82536243207312     
        0    96268  -0.108E+02   0.965E+05  -0.354E+02   0.313E+06
  OPTIMIZATION STUFF
       96268  -136.50130981659819        88902.224511363136     
   265.08416951926085       -401.58547933585908     
        0    96345  -0.148E+02   0.119E+06  -0.523E+02   0.372E+06
  OPTIMIZATION STUFF
       96345  -157.47281126935422        108023.38296967630     
   288.48864220381824       -445.96145347317247     
        0    96354   0.110E+03   0.123E+06   0.391E+03   0.375E+06
  OPTIMIZATION STUFF
       96354  -158.75104234214416        104564.48404079536     
   281.71366774808445       -440.46471009022861     
        0    96454   0.263E+02   0.133E+06   0.680E+02   0.424E+06
  OPTIMIZATION STUFF
       96454  -196.50321985093299        147487.44491303209     
   329.96049687992650       -526.46371673085946     
        0    96267  -0.103E+03   0.230E+06  -0.343E+03   0.734E+06
  OPTIMIZATION STUFF
       96267  -226.70564366594476        190172.13663821903     
   372.52743223584048       -599.23307590178524     
        0    96374   0.614E+02   0.236E+06   0.186E+03   0.744E+06
  OPTIMIZATION STUFF
       96374  -253.75981953802190        220189.43758258258     
   394.70924941102299       -648.46906894904487     
        0    96444  -0.341E+02   0.226E+06  -0.118E+03   0.737E+06
  OPTIMIZATION STUFF
       96444  -295.18195181428609        282040.90108869254     
   441.48444639851243       -736.66639821279853     
        0    96339  -0.689E+01   0.161E+06   0.454E+02   0.541E+06
  OPTIMIZATION STUFF
       96339  -279.15288138661867        228291.50593023348     
   387.76948660741976       -666.92236799403850     
        0    96343   0.475E+01   0.204E+06   0.616E+01   0.690E+06
  OPTIMIZATION STUFF
       96343  -328.71988605985592        314961.88129255216     
   454.86824224312198       -783.58812830297791     
        0    96471   0.736E+02   0.213E+06   0.306E+03   0.792E+06
  OPTIMIZATION STUFF
       96471  -332.99356529510953        307699.05624321254     
   443.63762432334812       -776.63118961845771     
        0    96468  -0.884E+02   0.193E+06  -0.329E+03   0.693E+06
  OPTIMIZATION STUFF
       96468  -306.13607377042564        261779.53637971714     
   409.95151020107937       -716.08758397150496     
        0    96225  -0.533E+02   0.255E+06  -0.161E+03   0.922E+06
  OPTIMIZATION STUFF
       96225  -289.19952233787546        247353.42026489269     
   404.61964428885227       -693.81916662672779     
        0    96345  -0.260E+02   0.223E+06  -0.881E+02   0.861E+06
  OPTIMIZATION STUFF
       96345  -254.53017865052277        201748.74478108989     
   370.08530494633646       -624.61548359685924     
        0    96310   0.294E+02   0.254E+06   0.144E+03   0.100E+07
  OPTIMIZATION STUFF
       96310  -194.73935690562124        135690.54125701630     
   312.67734828254089       -507.41670518816215     
        0    96195  -0.868E+02   0.154E+06  -0.347E+03   0.608E+06
  OPTIMIZATION STUFF
       96195  -151.95347055047475        72191.115849744732     
   221.58803811896240       -373.54150866943712     
        0    96323  -0.148E+02   0.114E+06  -0.539E+02   0.483E+06
  OPTIMIZATION STUFF
       96323  -109.36139562178082        36540.823377384128     
   156.78299820146464       -266.14439382324542     
        0    96366  -0.784E+00   0.864E+05  -0.558E+01   0.374E+06
  OPTIMIZATION STUFF
       96366  -93.927527114358739        25229.783095327886     
   128.09138435316129       -222.01891146752001     
        0    96343  -0.761E+01   0.509E+05  -0.267E+02   0.233E+06
  OPTIMIZATION STUFF
       96343  -71.567825657661587        13781.136717643460     
   93.054731466368835       -164.62255712403044     
        0    96536   0.106E+02   0.309E+05   0.527E+02   0.141E+06
  OPTIMIZATION STUFF
       96536  -59.539050154371076        8628.6022027643157     
   71.300096139343324       -130.83914629371441     
        0    96440   0.570E+02   0.328E+05   0.317E+03   0.165E+06
  OPTIMIZATION STUFF
       96440  -57.125472515142143        8588.7226085650254     
   72.975358844522063       -130.10083135966420     
        0    96326  -0.727E+02   0.277E+05  -0.387E+03   0.145E+06
  OPTIMIZATION STUFF
       96326  -48.265452253434354        5623.3748112513140     
   57.391819364982346       -105.65727161841670     
        0    96260   0.522E+01   0.132E+05   0.294E+02   0.689E+05
  OPTIMIZATION STUFF
       96260  -43.274281775232886        4125.2528570387585     
   47.461451662127928       -90.735733437360807     
        0    96167  -0.439E+00   0.149E+05   0.111E+01   0.771E+05
  OPTIMIZATION STUFF
       96167  -39.476856204321365        3499.2682736413199     
   44.055034875308557       -83.531891079629929     
        0    96293  -0.134E+02   0.686E+08  -0.692E+02   0.373E+09
  OPTIMIZATION STUFF
       96293  -8500.6956562278519        7181818874.9819803     
   84318.189308963279       -92818.884965191130     
        0    96282   0.597E+01   0.795E+04   0.341E+02   0.455E+05
  OPTIMIZATION STUFF
       96282  -33.733360338340916        2399.3198670723004     
   35.515915690799083       -69.249276029139992     
        0    96303  -0.614E+01   0.662E+04  -0.364E+02   0.354E+05
  OPTIMIZATION STUFF
       96303  -30.210271449176698        1883.9382052186947     
   31.165328558925125       -61.375600008101827     
        0    96231   0.170E+01   0.747E+04   0.153E+02   0.437E+05
  OPTIMIZATION STUFF
       96231  -28.942355857378057        1723.4620306221279     
   29.762427119558343       -58.704782976936400     
        0    96281  -0.335E+01   0.647E+04  -0.186E+02   0.381E+05
  OPTIMIZATION STUFF
       96281  -28.178149389278179        1630.2525126088960     
   28.917890822195485       -57.096040211473664     
        0    96265   0.313E+00   0.661E+04  -0.324E+00   0.396E+05
  OPTIMIZATION STUFF
       96265  -25.436974777783036        1350.9268235330139     
   26.530871408369602       -51.967846186152642     
        0    96190   0.149E-02   0.437E+04  -0.194E+01   0.248E+05
  OPTIMIZATION STUFF
       96190  -23.930259993573785        1121.0801442018555     
   23.418428658682835       -47.348688652256619     
        0    96227  -0.192E+01   0.326E+04  -0.971E+01   0.183E+05
  OPTIMIZATION STUFF
       96227  -22.795362765619025        1008.5527095282825     
   22.111629200764749       -44.906991966383771     
        0    96266  -0.113E+01   0.420E+04  -0.574E+01   0.259E+05
  OPTIMIZATION STUFF
       96266  -22.455353231416158        974.20640496860347     
   21.678641936729601       -44.133995168145759     
        0    96174   0.418E+00   0.280E+04   0.537E+01   0.168E+05
  OPTIMIZATION STUFF
       96174  -20.112040805306808        770.17838933273129     
   19.122871227365547       -39.234912032672355     
        0    96144   0.194E+01   0.392E+04   0.101E+02   0.240E+05
  OPTIMIZATION STUFF
       96144  -20.909143866808083        838.51565909902638     
   20.033056727722514       -40.942200594530597     
        0    96190  -0.200E+01   0.226E+04  -0.113E+02   0.150E+05
  OPTIMIZATION STUFF
       96190  -18.810598984366205        660.26676078413402     
   17.505088592563453       -36.315687576929662     
        0    94759  -0.647E+00   0.217E+04  -0.316E+01   0.138E+05
  OPTIMIZATION STUFF
       94759  -17.987249560458089        602.06183366602716     
   16.688939059024317       -34.676188619482403     
        0    96177   0.927E+00   0.195E+04   0.540E+01   0.124E+05
  OPTIMIZATION STUFF
       96177  -17.718949147269665        578.79964326475169     
   16.273858927163626       -33.992808074433292     
        0    96096  -0.248E+00   0.214E+04  -0.926E+00   0.140E+05
  OPTIMIZATION STUFF
       96096  -17.394848980480301        558.76341192101597     
   16.005706509470283       -33.400555489950584     
        0    96250  -0.107E+01   0.201E+04  -0.725E+01   0.137E+05
  OPTIMIZATION STUFF
       96250  -17.432272581492636        559.57605072895296     
   15.990369707217310       -33.422642288709945     
        0    96321  -0.423E+00   0.217E+04  -0.299E+01   0.136E+05
  OPTIMIZATION STUFF
       96321  -16.975024056710019        526.56168188815764     
   15.440538855955570       -32.415562912665592     
        0    96270  -0.485E-01   0.180E+04   0.965E+00   0.123E+05
  OPTIMIZATION STUFF
       96270  -15.674517959302806        444.26957281817988     
   14.091808243148702       -29.766326202451509     
        0    96148  -0.405E-02   0.136E+04  -0.345E+00   0.934E+04
  OPTIMIZATION STUFF
       96148  -15.824218711519782        450.24615722902303     
   14.136486812465474       -29.960705523985254     
        0    95900  -0.892E-01   0.145E+04  -0.162E+01   0.998E+04
  OPTIMIZATION STUFF
       95900  -15.120305212275007        407.41203196118448     
   13.371178042671998       -28.491483254947006     
        0    95996   0.870E+00   0.125E+04   0.496E+01   0.783E+04
  OPTIMIZATION STUFF
       95996  -14.424059776719117        368.58469275737986     
   12.670090461990139       -27.094150238709254     
        0    96296  -0.742E+00   0.124E+04  -0.317E+01   0.935E+04
  OPTIMIZATION STUFF
       96296  -14.740554262205034        389.57723801017573     
   13.126054169214934       -27.866608431419969     
        0    96395   0.155E+00   0.135E+04   0.782E+00   0.894E+04
  OPTIMIZATION STUFF
       96395  -14.107255013303211        351.08943732639989     
   12.331860902395523       -26.439115915698736     
        0    96262  -0.703E+00   0.125E+04  -0.266E+01   0.873E+04
  OPTIMIZATION STUFF
       96262  -13.871982909229056        338.58080212707307     
   12.089205610507667       -25.961188519736723     
        0    96201   0.116E+00   0.151E+04  -0.291E+00   0.100E+05
  OPTIMIZATION STUFF
       96201  -14.162435688339235        356.62716268918689     
   12.492100626509620       -26.654536314848855     
        0    96177  -0.553E+00   0.106E+04  -0.383E+01   0.821E+04
  OPTIMIZATION STUFF
       96177  -13.486402196918370        315.94169080533817     
   11.578369772480647       -25.064771969399018     
        0    96174  -0.835E-01   0.108E+04   0.380E+00   0.772E+04
  OPTIMIZATION STUFF
       96174  -13.350292945841639        309.90535597244485     
   11.474974258474647       -24.825267204316287     
        0    96175   0.390E+00   0.936E+03   0.253E+01   0.640E+04
  OPTIMIZATION STUFF
       96175  -12.918253807231734        287.71839033085246     
   10.992593365661957       -23.910847172893689     
        0    96201  -0.585E+00   0.856E+03  -0.476E+01   0.575E+04
  OPTIMIZATION STUFF
       96201  -12.908203070035182        286.33369633883206     
   10.941297447815153       -23.849500517850334     
        0    96114  -0.121E-01   0.845E+03   0.753E+00   0.614E+04
  OPTIMIZATION STUFF
       96114  -11.902415958988527        240.97263233456607     
   9.9651957669571800       -21.867611725945707     
        0    96047  -0.140E+00   0.799E+03  -0.208E+01   0.564E+04
  OPTIMIZATION STUFF
       96047  -12.053669742440691        247.74130493082470     
   10.121776063072847       -22.175445805513540     
        0    96174   0.831E-01   0.762E+03   0.379E+00   0.497E+04
  OPTIMIZATION STUFF
       96174  -11.755678451212161        234.67189889801293     
   9.8222157912417583       -21.577894242453919     
        0    96183   0.451E+00   0.942E+03   0.405E+01   0.652E+04
  OPTIMIZATION STUFF
       96183  -11.371175225511100        218.87723788821145     
   9.4643336732669159       -20.835508898778016     
        0    96296  -0.403E+00   0.669E+03  -0.248E+01   0.462E+04
  OPTIMIZATION STUFF
       96296  -11.808075901790726        235.19035421052712     
   9.7856884125786596       -21.593764314369388     
        0    96234  -0.114E+00   0.623E+03  -0.937E+00   0.472E+04
  OPTIMIZATION STUFF
       96234  -11.232671490075147        211.02643142433161     
   9.2115971807490915       -20.444268670824236     
        0    96199   0.345E+00   0.822E+03   0.211E+01   0.569E+04
  OPTIMIZATION STUFF
       96199  -11.211084416158821        211.90206269790335     
   9.2851305274435525       -20.496214943602375     
        0    96132  -0.536E+00   0.591E+03  -0.373E+01   0.403E+04
  OPTIMIZATION STUFF
       96132  -11.002854197299396        202.00630755516275     
   8.9968609563632711       -19.999715153662667     
        0    96053  -0.456E-01   0.607E+03  -0.380E+00   0.455E+04
  OPTIMIZATION STUFF
       96053  -10.491340383733061        182.77747256547283     
   8.5269718844455369       -19.018312268178597     
        0    96242   0.113E-01   0.682E+03  -0.251E-01   0.484E+04
  OPTIMIZATION STUFF
       96242  -10.844356186331943        196.36554539360679     
   8.8749920730990457       -19.719348259430987     
        0    96040  -0.244E+00   0.612E+03  -0.103E+01   0.427E+04
  OPTIMIZATION STUFF
       96040  -10.494834457173539        182.45905548135917     
   8.5039699668967650       -18.998804424070304     
        0    96303   0.228E+00   0.503E+03   0.112E+01   0.332E+04
  OPTIMIZATION STUFF
       96303  -10.442720598164676        180.01073407751042     
   8.4237949040902933       -18.866515502254970     
        0    95061   0.277E+00   0.527E+03   0.170E+01   0.424E+04
  OPTIMIZATION STUFF
       95061  -10.123041269875532        168.63793893609974     
   8.1340011301017476       -18.257042399977280     
        0    96100  -0.885E-01   0.559E+03  -0.731E+00   0.368E+04
  OPTIMIZATION STUFF
       96100  -10.092984701123758        167.30497383865674     
   8.0892912953817220       -18.182275996505481     
        0    96008  -0.457E+00   0.623E+03  -0.271E+01   0.473E+04
  OPTIMIZATION STUFF
       96008  -10.350133026394293        176.82282815642691     
   8.3485073212143153       -18.698640347608610     
        0    96102   0.224E+00   0.622E+03   0.183E+01   0.412E+04
  OPTIMIZATION STUFF
       96102  -10.167034487493263        170.85787140761610     
   8.2151860074948218       -18.382220494988083     
        0    96148  -0.249E+00   0.588E+03  -0.216E+01   0.462E+04
  OPTIMIZATION STUFF
       96148  -10.313121071636225        176.00477654682163     
   8.3453166691620826       -18.658437740798306     
        0    96309   0.523E-01   0.383E+03   0.642E+00   0.303E+04
  OPTIMIZATION STUFF
       96309  -9.6463019853681473        150.84865125376072     
   7.6024673140266286       -17.248769299394777     
        0    96226   0.764E-01   0.516E+03   0.811E+00   0.415E+04
  OPTIMIZATION STUFF
       96226  -9.7531807702595881        155.59351398237902     
   7.7761802219995912       -17.529360992259178     
        0    96315  -0.140E+00   0.437E+03  -0.704E+00   0.273E+04
  OPTIMIZATION STUFF
       96315  -9.9168104068613978        159.98673603518091     
   7.8513443046109241       -17.768154711472320     
        0    96275   0.678E-01   0.493E+03   0.409E+00   0.341E+04
  OPTIMIZATION STUFF
       96275  -10.007189639221179        164.58264864486685     
   8.0273784120054490       -18.034568051226628     
        0    96266  -0.231E+00   0.523E+03  -0.235E+01   0.408E+04
  OPTIMIZATION STUFF
       96266  -9.6284117450819124        150.66284958686032     
   7.6129190757572749       -17.241330820839188     
        0    96280   0.775E-01   0.336E+03   0.113E+01   0.244E+04
  OPTIMIZATION STUFF
       96280  -9.3160286459394062        139.68266767022584     
   7.2728452436623616       -16.588873889601768     
        0    96114  -0.324E-01   0.390E+03   0.273E-01   0.298E+04
  OPTIMIZATION STUFF
       96114  -9.3518667489269092        140.71865454544243     
   7.2980300667890967       -16.649896815716005     
        0    96200   0.982E-01   0.394E+03  -0.533E-01   0.294E+04
  OPTIMIZATION STUFF
       96200  -9.2373043746235215        137.63730241633192     
   7.2325313899694255       -16.469835764592947     
        0    95455   0.665E-01   0.413E+03   0.739E+00   0.279E+04
  OPTIMIZATION STUFF
       95455  -9.4030682379192534        142.66101846448132     
   7.3650068688030039       -16.768075106722257     
        0    96408  -0.173E+00   0.358E+03  -0.129E+01   0.292E+04
  OPTIMIZATION STUFF
       96408  -9.4374512139400757        143.76527318666291     
   7.3959304871776546       -16.833381701117730     
        0    96280  -0.725E-01   0.345E+03   0.692E+00   0.245E+04
  OPTIMIZATION STUFF
       96280  -9.2705258663298427        139.08508846627180     
   7.2898860504112903       -16.560411916741131     
        0    96302   0.410E-01   0.432E+03  -0.759E+00   0.337E+04
  OPTIMIZATION STUFF
       96302  -9.1805702167763812        135.98914130088110     
   7.1907073223515061       -16.371277539127888     
        0    96297   0.302E-01   0.319E+03   0.826E+00   0.251E+04
  OPTIMIZATION STUFF
       96297  -9.2789300542627196        139.03670795252611     
   7.2758618046679633       -16.554791858930685     
        0    96210  -0.378E-01   0.413E+03  -0.362E+00   0.318E+04
  OPTIMIZATION STUFF
       96210  -9.1402772289176148        134.91048225238620     
   7.1669947977458675       -16.307272026663483     
        0    96214   0.952E-01   0.419E+03   0.322E+00   0.318E+04
  OPTIMIZATION STUFF
       96214  -9.3192813076824450        140.81838199008612     
   7.3463853627730895       -16.665666670455536     
        0    96270  -0.206E+00   0.336E+03  -0.927E+00   0.273E+04
  OPTIMIZATION STUFF
       96270  -8.9260743332404076        127.68022461407205     
   6.9285944903377672       -15.854668823578175     
        0    96124   0.723E-01   0.452E+03   0.139E+00   0.362E+04
  OPTIMIZATION STUFF
       96124  -8.7738415030191277        123.98061897494824     
   6.8556782490755284       -15.629519752094655     
        0    96160   0.752E-01   0.366E+03   0.552E+00   0.276E+04
  OPTIMIZATION STUFF
       96160  -8.6714330019994215        120.15331839194147     
   6.7051896381666021       -15.376622640166023     
        0    96217  -0.154E+00   0.285E+03  -0.145E+01   0.199E+04
  OPTIMIZATION STUFF
       96217  -8.9981345101358059        129.58017050195426     
   6.9723558313856389       -15.970490341521444     
        0    96362   0.140E+00   0.252E+03   0.124E+01   0.233E+04
  OPTIMIZATION STUFF
       96362  -8.8467064238717139        125.04483158241050     
   6.8396357382712596       -15.686342162142974     
        0    96404  -0.308E-01   0.326E+03   0.349E+00   0.274E+04
  OPTIMIZATION STUFF
       96404  -8.6077341668711220        118.12955970265736     
   6.6359982078913244       -15.243732374762446     
        0    96167  -0.118E+00   0.403E+03  -0.926E+00   0.285E+04
  OPTIMIZATION STUFF
       96167  -8.8207596370743691        124.48484389840890     
   6.8322063290981303       -15.652965966172498     
        0    96178   0.122E+00   0.282E+03   0.947E+00   0.260E+04
  OPTIMIZATION STUFF
       96178  -8.5077017454528114        115.04892376223533     
   6.5320697158446279       -15.039771461297439     
        0    96282   0.934E-01   0.455E+03   0.662E+00   0.355E+04
  OPTIMIZATION STUFF
       96282  -8.7313933821737404        122.57434876495145     
   6.8071373109908739       -15.538530693164613     
        0    96176   0.443E-01   0.249E+03   0.254E+00   0.207E+04
  OPTIMIZATION STUFF
       96176  -8.7678331979532249        123.02425941981240     
   6.7933320567069089       -15.561165254660134     
        0    96230  -0.320E+00   0.362E+03  -0.281E+01   0.313E+04
  OPTIMIZATION STUFF
       96230  -8.6830641125186911        120.91803180544062     
   6.7470311562442502       -15.430095268762940     
        0    96100   0.546E-01   0.314E+03   0.662E+00   0.265E+04
  OPTIMIZATION STUFF
       96100  -8.4887835313770097        114.41289337468277     
   6.5079526375124486       -14.996736168889459     
        0    96101   0.139E+00   0.314E+03   0.642E+00   0.251E+04
  OPTIMIZATION STUFF
       96101  -8.5148475157876788        115.62975796706908     
   6.5671249226700024       -15.081972438457681     
        0    96079  -0.653E-01   0.251E+03   0.815E+00   0.191E+04
  OPTIMIZATION STUFF
       96079  -8.4583341925210398        113.71097471582915     
   6.4936551651176089       -14.951989357638649     
        0    96084   0.871E-01   0.231E+03   0.308E+00   0.174E+04
  OPTIMIZATION STUFF
       96084  -8.5762682591765014        116.85465103713666     
   6.5804463210164030       -15.156714580192904     
        0    95826  -0.220E+00   0.272E+03  -0.183E+01   0.216E+04
  OPTIMIZATION STUFF
       95826  -8.5116831591799293        115.54325090730281     
   6.5646401809265669       -15.076323340106496     
        0    96062   0.868E-01   0.372E+03   0.353E+00   0.279E+04
  OPTIMIZATION STUFF
       96062  -8.4668105107821408        114.54823184453805     
   6.5468581486883553       -15.013668659470497     
        0    96212  -0.976E-02   0.329E+03  -0.118E+00   0.268E+04
  OPTIMIZATION STUFF
       96212  -8.2910930642728520        109.43825354436375     
   6.3793439587413969       -14.670437023014248     
        0    96095   0.943E-01   0.277E+03   0.711E+00   0.206E+04
  OPTIMIZATION STUFF
       96095  -8.3615360209687921        111.14665936628394     
   6.4211661508113398       -14.782702171780132     
        0    96087  -0.511E-01   0.276E+03   0.164E+00   0.233E+04
  OPTIMIZATION STUFF
       96087  -8.4292349518908747        113.30718245397047     
   6.5003984939226394       -14.929633445813515     
        0    96199  -0.619E-01   0.199E+03  -0.853E+00   0.179E+04
  OPTIMIZATION STUFF
       96199  -8.5840328429499486        117.23294318526604     
   6.5990395768189378       -15.183072419768887     
        0    96362  -0.988E-02   0.310E+03   0.174E+00   0.250E+04
  OPTIMIZATION STUFF
       96362  -8.4618111372260341        113.87567452260291     
   6.5018018118457253       -14.963612949071759     
        0    96121  -0.181E+00   0.258E+03  -0.194E+01   0.221E+04
  OPTIMIZATION STUFF
       96121  -8.2248022246592090        106.98382391351544     
   6.2718778909315800       -14.496680115590788     
        0    96094   0.173E+00   0.266E+03   0.123E+01   0.234E+04
  OPTIMIZATION STUFF
       96094  -8.4004010580888675        112.94901469324637     
   6.5101671834528032       -14.910568241541672     
        0    95953   0.127E+00   0.274E+03   0.125E+01   0.214E+04
  OPTIMIZATION STUFF
       95953  -8.4161268080349760        112.81307069319394     
   6.4793425780914635       -14.895469386126440     
