   17578640.881339349     
   30519061.633952796     
   40226237.241634510     
   46401190.012535892     
   39452316.296731286     
   65964232.107495323     
   33179299.521925136     
   52099164.070996501     
   60274002.180985779     
   78297090.591149688     
   65561711.162421875     
   61118159.693589218     
   54655776.103378497     
   102929080.18867818     
   112023788.18257113     
   69031478.473175541     
   92867573.774348199     
   78232432.626236394     
   81945391.106759563     
   82995168.266873196     
   119572060.25696674     
   79322762.065190107     
   58698382.917692021     
   47701240.760278717     
   64394433.293155544     
   22681565.830006972     
   16054792.404007435     
   15440931.048637073     
   12135475.206684075     
   18245460.800532665     
   54341995.353621401     
   10054604.004349329     
   13385050.025603235     
   13449339.049509743     
   5495376.0328799756     
   9353175.2273005042     
   5257563.2171119843     
   6893031.2822064394     
   4781740.3743909411     
   4780715.7560195597     
   4593926.5430702958     
   3475047.9529868579     
   2813269.6088140770     
   3369524.7075788667     
   4528696.3283699024     
   3249591.8075758051     
   2889098.1344401310     
   3497765.4572956129     
   3384996.8269743575     
   2583885.9615290416     
   2254733.1803959976     
   2343004.7780227135     
   2309455.3097139862     
   2145903.5972915366     
   2705273.6490394669     
   2328561.4225911801     
   2418874.2733121128     
   2095030.5237183461     
   2078199.8672722229     
   1656955.7786735904     
   1685486.0399101658     
   1966043.0802954703     
   1451606.1918584656     
   1522792.5259562065     
   1309853.1633703618     
   1354266.1903297501     
   1786767.8796054018     
   1508976.9932928002     
   1407918.4287114942     
   1643721.8320582684     
   1233460.3917195199     
   1192558.2026160744     
   1191207.3242105965     
   1068938.6981790352     
   1199149.3282534583     
   1386788.2496647541     
   1307982.2058896143     
   1003560.0859461180     
   1201073.2551064792     
   969683.30491283315     
   1036546.5423147329     
   1121881.4918300177     
   1040647.0174798875     
   1086570.9135264049     
   838178.10129720788     
   954117.56575419300     
   953604.94516499643     
   957936.31502581388     
   1034868.7046855733     
   894052.91363712715     
   953717.89155955799     
   884534.09379555227     
   967044.73669138958     
   928559.66343828896     
   968687.09525233635     
   859625.81506781816     
   879917.82955840428     
   940229.59000968619     
   786208.92002490978     
   919393.06933906779     
   950025.94117070432     
   849586.08361288626     
   952380.44062129629     
   1025115.4549218786     
   1053846.2811917088     
   752809.67582723894     
   821632.49629060621     
   896728.90368174284     
   968754.53287177254     
   1006719.4717939858     
   809931.09127119544     
   852228.34036559844     
   839962.46219133493     
   917300.61222704698     
   928187.04937098071     
   840142.78214908065     
   855993.32452033658     
   651904.68463915540     
   786898.02458784229     
   919121.51224750385     
