tried moves    experiment_1   _      experiment_2    _                                                                                                                                                                                                                                                                                                                                                                                                                                                                          
        0    94701   0.632E+02   0.394E+11   0.145E+03   0.564E+12
  OPTIMIZATION STUFF
       94701   11168741.189915478        12203873753804016.     
   109905108.95329981       -98736367.763384327     
        0    96306  -0.606E+00   0.357E+05   0.101E+02   0.861E+05
  OPTIMIZATION STUFF
       96306  -7.5431464380802957        7248.5473160849779     
   84.803586350452505       -92.346732788532805     
        0    96300   0.157E+02   0.647E+05   0.529E+02   0.168E+06
  OPTIMIZATION STUFF
       96300  -19.574771436481317        13375.819244820674     
   113.98529540265353       -133.56006683913486     
        0    96363   0.670E+02   0.693E+05   0.179E+03   0.181E+06
  OPTIMIZATION STUFF
       96363  -27.013465932980889        16439.622672382997     
   125.33912130963212       -152.35258724261300     
        0    96315  -0.471E+00   0.717E+05   0.268E+02   0.192E+06
  OPTIMIZATION STUFF
       96315  -34.030203178795119        20509.993451297712     
   139.11124585348099       -173.14144903227611     
        0    96348  -0.168E+02   0.745E+05  -0.380E+02   0.217E+06
  OPTIMIZATION STUFF
       96348  -45.797039250323166        27243.284816119613     
   158.57463861546074       -204.37167786578391     
        0    96284   0.226E+02   0.101E+06   0.764E+02   0.296E+06
  OPTIMIZATION STUFF
       96284  -57.415203114244754        34274.055584886322     
   176.00440345694861       -233.41960657119336     
        0    96790  -0.430E+02   0.865E+05  -0.122E+03   0.263E+06
  OPTIMIZATION STUFF
       96790  -70.311084742272783        40929.036051470539     
   189.69814815605204       -260.00923289832485     
        0    96827   0.891E+02   0.109E+06   0.282E+03   0.340E+06
  OPTIMIZATION STUFF
       96827  -82.461326371351717        48669.114660447332     
   204.61975543315643       -287.08108180450813     
        0    96878   0.898E+02   0.101E+06   0.286E+03   0.316E+06
  OPTIMIZATION STUFF
       96878  -102.23527865263065        63522.354924835490     
   230.36992582291302       -332.60520447554370     
        0    96773  -0.181E+03   0.135E+06  -0.566E+03   0.425E+06
  OPTIMIZATION STUFF
       96773  -118.09619911984723        76044.296659835527     
   249.19386913261113       -367.29006825245835     
        0    96921   0.931E+02   0.150E+06   0.288E+03   0.470E+06
  OPTIMIZATION STUFF
       96921  -137.03834803710845        91065.161901330692     
   268.85991346534172       -405.89826150245017     
        0    96909   0.228E+03   0.124E+06   0.808E+03   0.390E+06
  OPTIMIZATION STUFF
       96909  -159.74222550256107        115469.70812305070     
   299.92020524556131       -459.66243074812235     
        0    96878  -0.258E+03   0.151E+06  -0.875E+03   0.501E+06
  OPTIMIZATION STUFF
       96878  -173.48333441116694        124191.73168805589     
   306.74951404955658       -480.23284846072352     
        0    96961  -0.104E+02   0.131E+06  -0.435E+02   0.427E+06
  OPTIMIZATION STUFF
       96961  -194.57367746113235        140494.86831458332     
   320.36846341959841       -514.94214088073079     
        0    96895   0.277E+02   0.142E+06   0.796E+02   0.453E+06
  OPTIMIZATION STUFF
       96895  -211.19889678106350        156541.48445253051     
   334.56914151037927       -545.76803829144274     
        0    96909   0.499E+02   0.131E+06   0.147E+03   0.422E+06
  OPTIMIZATION STUFF
       96909  -256.78671350463912        214166.45298423382     
   385.00264512301760       -641.78935862765672     
        0    97063  -0.582E+02   0.161E+06  -0.170E+03   0.500E+06
  OPTIMIZATION STUFF
       97063  -294.80375964286520        263467.33739248570     
   420.18814915810924       -714.99190880097444     
        0    96988   0.395E+02   0.190E+06   0.145E+03   0.601E+06
  OPTIMIZATION STUFF
       96988  -302.02994395886873        269226.54984543257     
   421.90575108385900       -723.93569504272773     
        0    96923  -0.778E+01   0.169E+06   0.120E+02   0.562E+06
  OPTIMIZATION STUFF
       96923  -324.05525405723046        294690.28608875786     
   435.52092763340511       -759.57618169063562     
        0    96940  -0.622E+01   0.166E+06  -0.723E+01   0.584E+06
  OPTIMIZATION STUFF
       96940  -315.59947144179495        275994.38487123768     
   419.98971237031191       -735.58918381210685     
        0    96900   0.711E+02   0.229E+06   0.265E+03   0.838E+06
  OPTIMIZATION STUFF
       96900  -304.71215794988893        262453.23947176634     
   411.82974670279498       -716.54190465268391     
        0    96896  -0.146E+03   0.233E+06  -0.512E+03   0.850E+06
  OPTIMIZATION STUFF
       96896  -321.48936633425961        292498.40210477047     
   434.90572477120452       -756.39509110546419     
        0    96887  -0.272E+02   0.236E+06  -0.760E+02   0.920E+06
  OPTIMIZATION STUFF
       96887  -285.82406537046120        241346.85041165852     
   399.56408005069829       -685.38814542115949     
        0    97028  -0.176E+00   0.147E+06   0.227E+02   0.608E+06
  OPTIMIZATION STUFF
       97028  -184.64847799921364        103370.04275309210     
   263.20141018935675       -447.84988818857039     
        0    97006   0.474E+01   0.948E+05   0.452E+02   0.408E+06
  OPTIMIZATION STUFF
       97006  -130.81685695232704        48258.032997050788     
   176.47941221050459       -307.29626916283166     
        0    97053  -0.702E+02   0.667E+05  -0.304E+03   0.290E+06
  OPTIMIZATION STUFF
       97053  -106.53974267803383        29457.427693009507     
   134.56117910864128       -241.10092178667512     
        0    97090   0.147E+01   0.648E+05   0.102E+02   0.296E+06
  OPTIMIZATION STUFF
       97090  -85.646348440885234        20192.454773126738     
   113.38940767051045       -199.03575611139570     
        0    97128  -0.576E+01   0.522E+05  -0.177E+02   0.245E+06
  OPTIMIZATION STUFF
       97128  -76.037722417677131        15092.957773474416     
   96.494676241783921       -172.53239865946105     
        0    97107  -0.116E+02   0.281E+05  -0.674E+02   0.133E+06
  OPTIMIZATION STUFF
       97107  -58.585819060951103        8119.8255588648399     
   68.465519524957514       -127.05133858590861     
        0    97014  -0.235E+01   0.262E+05   0.210E+00   0.129E+06
  OPTIMIZATION STUFF
       97014  -56.890376346521606        7711.7699619722544     
   66.897347040995498       -123.78772338751710     
        0    96986  -0.299E+01   0.168E+05  -0.157E+02   0.797E+05
  OPTIMIZATION STUFF
       96986  -48.433438988864239        5248.1359641357403     
   53.873351035996507       -102.30679002486075     
        0    96936   0.737E+00   0.188E+05   0.104E+02   0.981E+05
  OPTIMIZATION STUFF
       96936  -43.242065126630216        4346.0319047502817     
   49.760985805493767       -93.003050932123983     
        0    96950  -0.353E+01   0.145E+05  -0.220E+02   0.783E+05
  OPTIMIZATION STUFF
       96950  -41.053398004268509        3711.5405618996383     
   45.012876759909055       -86.066274764177564     
        0    96994   0.664E+00   0.750E+04   0.490E+01   0.401E+05
  OPTIMIZATION STUFF
       96994  -34.733204343896404        2520.5362148097356     
   36.251079029662989       -70.984283373559393     
        0    97029   0.582E+01   0.586E+04   0.332E+02   0.323E+05
  OPTIMIZATION STUFF
       97029  -32.342147111782154        2155.3670295829347     
   33.306944467824962       -65.649091579607116     
        0    96710  -0.779E+01   0.103E+05  -0.415E+02   0.542E+05
  OPTIMIZATION STUFF
       96710  -31.647033519468685        2111.4270137446501     
   33.315045897646243       -64.962079417114921     
        0    95968   0.321E+01   0.663E+04   0.148E+02   0.376E+05
  OPTIMIZATION STUFF
       95968  -28.895771109882340        1709.8135631961572     
   29.577829115089674       -58.473600224972017     
        0    96832  -0.936E+00   0.578E+04  -0.543E+01   0.330E+05
  OPTIMIZATION STUFF
       96832  -25.893120382931581        1350.7304340735691     
   26.082115537444086       -51.975235920375667     
        0    96896  -0.137E+01   0.554E+04   0.270E+00   0.307E+05
  OPTIMIZATION STUFF
       96896  -27.126506810373790        1475.0597192449322     
   27.188459822352510       -54.314966632726296     
        0    96895  -0.323E+01   0.481E+04  -0.216E+02   0.296E+05
  OPTIMIZATION STUFF
       96895  -23.920471824907292        1136.9666021654102     
   23.765050596184864       -47.685522421092159     
        0    96933   0.861E+00   0.368E+04   0.752E+01   0.218E+05
  OPTIMIZATION STUFF
       96933  -22.462541880982808        986.12258996278695     
   21.944402525652876       -44.406944406635688     
        0    96903  -0.166E+01   0.353E+04  -0.106E+02   0.211E+05
  OPTIMIZATION STUFF
       96903  -22.067042769040871        938.02791293634402     
   21.238491857136776       -43.305534626177646     
        0    96854   0.496E+00   0.340E+04   0.383E+01   0.207E+05
  OPTIMIZATION STUFF
       96854  -21.258549854186374        864.64183871370869     
   20.315410328388182       -41.573960182574552     
        0    96856  -0.584E+00   0.246E+04  -0.623E+01   0.167E+05
  OPTIMIZATION STUFF
       96856  -19.911387444100711        749.32798417268066     
   18.784691485983718       -38.696078930084425     
        0    96946  -0.120E+01   0.315E+04  -0.545E+01   0.204E+05
  OPTIMIZATION STUFF
       96946  -19.688971183145011        733.08956979744312     
   18.585854393778309       -38.274825576923320     
        0    96939  -0.327E-01   0.284E+04  -0.536E+00   0.175E+05
  OPTIMIZATION STUFF
       96939  -18.275447859050090        627.62294271376447     
   17.135663052969559       -35.411110912019652     
        0    96868   0.101E+01   0.270E+04   0.547E+01   0.177E+05
  OPTIMIZATION STUFF
       96868  -18.167063904731666        620.31616725022832     
   17.037428102023618       -35.204492006755288     
        0    96837  -0.111E+00   0.194E+04   0.251E+01   0.126E+05
  OPTIMIZATION STUFF
       96837  -17.453125831256280        562.65497748796622     
   16.063728589785779       -33.516854421042055     
        0    96999  -0.127E+01   0.211E+04  -0.940E+01   0.135E+05
  OPTIMIZATION STUFF
       96999  -17.374679281474052        556.70925452141978     
   15.963388562186166       -33.338067843660220     
        0    96885  -0.368E+00   0.188E+04  -0.187E+01   0.115E+05
  OPTIMIZATION STUFF
       96885  -16.483784200392215        494.82552616491415     
   14.936880015579364       -31.420664215971577     
        0    96778   0.166E+00   0.179E+04   0.155E+01   0.121E+05
  OPTIMIZATION STUFF
       96778  -16.431176730195784        489.26106333798708     
   14.808021292497511       -31.239198022693294     
        0    96933   0.853E-01   0.196E+04   0.161E+00   0.126E+05
  OPTIMIZATION STUFF
       96933  -16.485580792043361        498.17079460641673     
   15.046475353232321       -31.532056145275682     
        0    96913   0.489E+00   0.157E+04   0.101E+01   0.972E+04
  OPTIMIZATION STUFF
       96913  -15.187502942466683        413.35451279565876     
   13.516444324163979       -28.703947266630664     
        0    96905  -0.283E+00   0.137E+04   0.344E+00   0.885E+04
  OPTIMIZATION STUFF
       96905  -15.159828513697816        409.52482896843719     
   13.405388036297639       -28.565216549995455     
        0    96967   0.988E-01   0.142E+04   0.136E+01   0.856E+04
  OPTIMIZATION STUFF
       96967  -14.661587540924536        384.15080176090447     
   13.007253843171927       -27.668841384096464     
        0    96804  -0.128E+01   0.117E+04  -0.859E+01   0.790E+04
  OPTIMIZATION STUFF
       96804  -14.277286022965701        359.47532609924292     
   12.475352897520422       -26.752638920486120     
        0    96995   0.890E+00   0.123E+04   0.627E+01   0.815E+04
  OPTIMIZATION STUFF
       96995  -13.720682859572385        329.87869287625693     
   11.900485483512574       -25.621168343084960     
        0    96775  -0.102E+01   0.103E+04  -0.685E+01   0.722E+04
  OPTIMIZATION STUFF
       96775  -13.786726170390304        332.35725218870704     
   11.928261972784725       -25.714988143175027     
        0    96935   0.106E+01   0.864E+03   0.753E+01   0.587E+04
  OPTIMIZATION STUFF
       96935  -12.782737322058246        281.94206243893797     
   10.887777045577170       -23.670514367635416     
        0    96910  -0.942E+00   0.868E+03  -0.770E+01   0.659E+04
  OPTIMIZATION STUFF
       96910  -12.846398140363105        286.35502560886641     
   11.014766471793298       -23.861164612156401     
        0    96642   0.283E+00   0.754E+03   0.412E+01   0.496E+04
  OPTIMIZATION STUFF
       96642  -12.982979337607359        289.11513326418043     
   10.979862512046351       -23.962841849653710     
        0    97006  -0.337E+00   0.102E+04  -0.429E+01   0.723E+04
  OPTIMIZATION STUFF
       97006  -12.392961048694797        262.66943948782648     
   10.444326494961752       -22.837287543656551     
        0    96701   0.401E+00   0.101E+04   0.353E+01   0.640E+04
  OPTIMIZATION STUFF
       96701  -12.212325683260076        256.46613555175304     
   10.359789426322301       -22.572115109582377     
        0    96910  -0.776E+00   0.743E+03  -0.566E+01   0.484E+04
  OPTIMIZATION STUFF
       96910  -11.865113728486413        239.18364705040815     
   9.9198146787372696       -21.784928407223681     
        0    96948   0.280E+00   0.809E+03   0.327E+01   0.514E+04
  OPTIMIZATION STUFF
       96948  -11.874188584679974        240.38769404974053     
   9.9695205253410428       -21.843709110021017     
        0    96849  -0.560E-01   0.649E+03  -0.576E+00   0.478E+04
  OPTIMIZATION STUFF
       96849  -11.890302068004903        239.71491294569947     
   9.9164323058899466       -21.806734373894848     
        0    96997  -0.442E+00   0.861E+03  -0.362E+01   0.637E+04
  OPTIMIZATION STUFF
       96997  -11.665717862182570        229.96843495315062     
   9.6891414332284960       -21.354859295411067     
        0    96943   0.132E+00   0.698E+03   0.158E+01   0.494E+04
  OPTIMIZATION STUFF
       96943  -11.323861694898069        215.98655503555111     
   9.3678552161298558       -20.691716911027925     
        0    96836  -0.267E-01   0.675E+03  -0.346E+00   0.443E+04
  OPTIMIZATION STUFF
       96836  -11.211877182816906        211.28654929790005     
   9.2509653191074985       -20.462842501924406     
        0    96910  -0.307E-01   0.579E+03  -0.810E+00   0.473E+04
  OPTIMIZATION STUFF
       96910  -11.414227102594076        219.07946262048145     
   9.4231036432211823       -20.837330745815258     
        0    96953  -0.252E+00   0.491E+03  -0.964E+00   0.408E+04
  OPTIMIZATION STUFF
       96953  -10.782996727559331        193.81957928919951     
   8.8060525130528422       -19.589049240612173     
        0    96814   0.284E+00   0.619E+03   0.185E+01   0.468E+04
  OPTIMIZATION STUFF
       96814  -10.819216992343689        194.53049694714690     
   8.8019907191344213       -19.621207711478110     
        0    96863  -0.118E+00   0.572E+03  -0.137E+01   0.391E+04
  OPTIMIZATION STUFF
       96863  -10.283734914538570        174.85463309411028     
   8.3126066490367911       -18.596341563575361     
        0    96930   0.102E-01   0.518E+03   0.806E+00   0.377E+04
  OPTIMIZATION STUFF
       96930  -10.396335387891360        178.07550621692533     
   8.3661052299981939       -18.762440617889553     
        0    96942  -0.116E+00   0.610E+03  -0.965E+00   0.409E+04
  OPTIMIZATION STUFF
       96942  -10.457943475166458        181.20978901107230     
   8.4759192587763383       -18.933862733942796     
        0    96870  -0.160E+00   0.514E+03  -0.119E+01   0.392E+04
  OPTIMIZATION STUFF
       96870  -10.271307414490222        173.89959423808753     
   8.2704194715338186       -18.541726886024041     
        0    96923   0.205E-01   0.474E+03   0.797E+00   0.353E+04
  OPTIMIZATION STUFF
       96923  -10.160971307259141        170.47324244183457     
   8.1992624384691482       -18.360233745728287     
        0    96842   0.127E+00   0.982E+03   0.797E+00   0.764E+04
  OPTIMIZATION STUFF
       96842  -10.677894805699896        193.81888056280857     
   8.9331653450059765       -19.611060150705875     
        0    97010  -0.124E+00   0.517E+03  -0.172E+01   0.363E+04
  OPTIMIZATION STUFF
       97010  -10.127781002552013        168.93048933416077     
   8.1460752082525811       -18.273856210804595     
        0    96955  -0.366E-01   0.498E+03   0.407E+00   0.336E+04
  OPTIMIZATION STUFF
       96955  -10.039961499727502        165.32054636716876     
   8.0324167876896340       -18.072378287417138     
        0    96971  -0.293E-01   0.589E+03  -0.300E+00   0.419E+04
  OPTIMIZATION STUFF
       96971  -9.8845664452717976        160.93565405692772     
   7.9517922662714584       -17.836358711543255     
        0    96966   0.270E+00   0.535E+03   0.177E+01   0.386E+04
  OPTIMIZATION STUFF
       96966  -9.7070484719963677        153.90579071040509     
   7.7252184870538176       -17.432266959050185     
        0    97067  -0.195E+00   0.517E+03  -0.944E+00   0.412E+04
  OPTIMIZATION STUFF
       97067  -9.7062448843957974        154.17757081337911     
   7.7437962949395516       -17.450041179335351     
        0    96988  -0.218E+00   0.465E+03  -0.168E+01   0.312E+04
  OPTIMIZATION STUFF
       96988  -9.4253424347306840        145.35914401876190     
   7.5181157218299690       -16.943458156560652     
        0    97045  -0.244E+00   0.513E+03  -0.129E+01   0.370E+04
  OPTIMIZATION STUFF
       97045  -9.6272154921797810        151.47128962994557     
   7.6673340540946304       -17.294549546274411     
        0    97059   0.363E+00   0.431E+03   0.193E+01   0.328E+04
  OPTIMIZATION STUFF
       97059  -9.6093402662027749        150.78493135850505     
   7.6449663836304103       -17.254306649833186     
        0    97059  -0.134E+00   0.420E+03  -0.989E+00   0.316E+04
  OPTIMIZATION STUFF
       97059  -9.3816415467849392        143.28281050612546     
   7.4342190170699274       -16.815860563854866     
        0    97083   0.253E+00   0.432E+03   0.244E+01   0.323E+04
  OPTIMIZATION STUFF
       97083  -9.1464482578340061        135.58785873180614     
   7.2062710883348968       -16.352719346168904     
        0    96950  -0.143E+00   0.409E+03  -0.179E+01   0.300E+04
  OPTIMIZATION STUFF
       96950  -9.3677599606293249        141.66109197891180     
   7.3420818096056291       -16.709841770234952     
        0    97002  -0.121E+00   0.366E+03  -0.890E+00   0.245E+04
  OPTIMIZATION STUFF
       97002  -9.1984701406616196        136.76564147535655     
   7.2217579955792717       -16.420228136240890     
        0    97019   0.283E-01   0.371E+03   0.820E+00   0.312E+04
  OPTIMIZATION STUFF
       97019  -9.1571940854363856        135.01774095587828     
   7.1528691752000579       -16.310063260636444     
        0    97026  -0.907E-01   0.367E+03  -0.715E+00   0.285E+04
  OPTIMIZATION STUFF
       97026  -9.2045680925094935        136.71555662758888     
   7.2105119691978201       -16.415080061707314     
        0    96976   0.192E+00   0.459E+03   0.208E+01   0.354E+04
  OPTIMIZATION STUFF
       96976  -9.1433796195353079        135.75606789093439     
   7.2218195092373199       -16.365199128772627     
        0    97120  -0.224E+00   0.368E+03  -0.216E+01   0.258E+04
  OPTIMIZATION STUFF
       97120  -9.1402913821870850        134.75356787840937     
   7.1560213336131042       -16.296312715800191     
        0    97123   0.168E+00   0.349E+03   0.119E+01   0.266E+04
  OPTIMIZATION STUFF
       97123  -8.8546667354343587        125.65059376615864     
   6.8735340815733839       -15.728200817007743     
        0    97042  -0.972E-01   0.356E+03  -0.413E+00   0.255E+04
  OPTIMIZATION STUFF
       97042  -8.9346660344516327        128.86337008736061     
   7.0025076180020642       -15.937173652453698     
        0    97074   0.685E-01   0.369E+03   0.787E+00   0.292E+04
  OPTIMIZATION STUFF
       97074  -9.0400624049555862        132.13478173220204     
   7.1001446074506589       -16.140207012406243     
        0    96945  -0.204E+00   0.322E+03  -0.197E+01   0.249E+04
  OPTIMIZATION STUFF
       96945  -8.7067580957234956        121.37367823554723     
   6.7502623429093926       -15.457020438632888     
        0    96943   0.840E-01   0.335E+03   0.241E+00   0.265E+04
  OPTIMIZATION STUFF
       96943  -8.8247330331875027        124.62917476539640     
   6.8376356775105895       -15.662368710698093     
        0    96966   0.425E-01   0.339E+03   0.253E+00   0.286E+04
  OPTIMIZATION STUFF
       96966  -8.6480456331143696        119.39849627736474     
   6.6790570445936623       -15.327102677708032     
        0    97113   0.148E+00   0.331E+03   0.213E+01   0.266E+04
  OPTIMIZATION STUFF
       97113  -8.7949733332099740        124.05586573440829     
   6.8340551506798457       -15.629028483889819     
        0    97077  -0.230E+00   0.334E+03  -0.248E+01   0.268E+04
  OPTIMIZATION STUFF
       97077  -8.5717513413345934        117.11018152353880     
   6.6056990898668255       -15.177450431201418     
        0    96972   0.321E-01   0.295E+03   0.866E+00   0.218E+04
  OPTIMIZATION STUFF
       96972  -8.5088980982872631        115.37697539712345     
   6.5555799552813658       -15.064478053568628     
        0    97109  -0.109E-01   0.316E+03  -0.168E+00   0.227E+04
  OPTIMIZATION STUFF
       97109  -8.5955921961731150        117.84076506670247     
   6.6299743486525129       -15.225566544825629     
        0    97021  -0.424E-01   0.280E+03  -0.654E+00   0.270E+04
  OPTIMIZATION STUFF
       97021  -8.5689069528475112        117.52951098314604     
   6.6410349055390165       -15.209941858386529     
        0    96993   0.412E-02   0.208E+03  -0.279E-01   0.171E+04
  OPTIMIZATION STUFF
       96993  -8.5701071851307287        117.26027964355903     
   6.6191798947399585       -15.189287079870688     
        0    97015   0.444E-01   0.228E+03   0.249E+00   0.194E+04
  OPTIMIZATION STUFF
       97015  -8.4588991120248469        114.03264354700602     
   6.5176429297401119       -14.976542041764958     
        0    96658  -0.124E+00   0.320E+08  -0.643E+00   0.249E+09
  OPTIMIZATION STUFF
       96658  -12380.171206023750        11667462361.165255     
   107304.21111063067       -119684.38231665442     
        0    96969   0.717E-01   0.260E+03   0.500E+00   0.229E+04
  OPTIMIZATION STUFF
       96969  -8.4597144263943296        114.14740746955518     
   6.5253842257303774       -14.985098652124707     
        0    97034  -0.956E-01   0.212E+03  -0.184E+00   0.188E+04
  OPTIMIZATION STUFF
       97034  -8.5776788852151782        117.74737193325196     
   6.6461114100943002       -15.223790295309477     
        0    97070  -0.371E-02   0.264E+03  -0.651E+00   0.217E+04
  OPTIMIZATION STUFF
       97070  -8.5969253390558187        118.61662122697686     
   6.6865159793181430       -15.283441318373962     
        0    96995  -0.232E-01   0.263E+03  -0.201E+00   0.207E+04
  OPTIMIZATION STUFF
       96995  -8.2929496817224528        109.49396018042579     
   6.3812965576632825       -14.674246239385734     
        0    97047   0.784E-01   0.307E+03   0.568E+00   0.209E+04
  OPTIMIZATION STUFF
       97047  -8.3615196925219468        111.61023788176158     
   6.4571840854453946       -14.818703777967341     
        0    96931   0.129E+00   0.247E+03   0.131E+01   0.183E+04
  OPTIMIZATION STUFF
       96931  -8.3732191393992572        111.73742403526275     
   6.4518699056057160       -14.825089045004972     
        0    96959  -0.150E+00   0.239E+03  -0.941E+00   0.213E+04
  OPTIMIZATION STUFF
       96959  -8.3357878300465398        110.69758580644317     
   6.4196749963601096       -14.755462826406649     
        0    96984   0.126E+00   0.296E+03   0.986E+00   0.231E+04
  OPTIMIZATION STUFF
       96984  -8.3326600396490829        110.69622333262161     
   6.4236282579440225       -14.756288297593105     
        0    96969  -0.174E+00   0.208E+03  -0.146E+01   0.172E+04
  OPTIMIZATION STUFF
       96969  -8.2199957964475168        107.26203750451205     
   6.3002941686001623       -14.520289965047679     
        0    96986   0.150E+00   0.262E+03   0.846E+00   0.211E+04
  OPTIMIZATION STUFF
       96986  -8.4098259628161074        113.32148851161725     
   6.5265853083186904       -14.936411271134798     
        0    97043  -0.660E-01   0.281E+03  -0.807E+00   0.212E+04
  OPTIMIZATION STUFF
       97043  -8.1495187792554091        106.23717087193697     
   6.3105082630878790       -14.460027042343288     
