   19717835.859563597     
   20634724.538129065     
   27239064.112698168     
   50904498.039589442     
   53443461.621835947     
   48162578.213932231     
   57697450.145168468     
   41677164.488300338     
   77589375.248823509     
   114000808.35932264     
   41695092.737489924     
   78654500.181187958     
   179110234.69423714     
   69347491.712415993     
   64116261.065782443     
   74511867.904573545     
   93598211.968093932     
   71428016.905799448     
   89305042.515420288     
   89716808.478442416     
   88410653.567826435     
   121001108.86667146     
   57205382.868377902     
   47208924.420070365     
   49395544.369920850     
   54237612.944072396     
   17895176.485350531     
   19024899.185547546     
   16750899.769212119     
   9084184.2299656961     
   8876540.1066393554     
   7067511.2791969618     
   8151435.3387164446     
   5679068.2148917746     
   6218257.3396633537     
   10006410.841834070     
   5237401.1120996736     
   6969054.7447648682     
   6352949.2564171208     
   6246056.0367916357     
   3843097.0047933962     
   4655495.6078822063     
   3464989.0359064853     
   3883610.8101507518     
   3223935.4630308715     
   2580028.6210846943     
   2524854.5963769024     
   3152816.7729936643     
   3385283.8151952773     
   2350264.9259929489     
   2133617.5132954274     
   2299593.5718474146     
   2323505.1676664534     
   2468539.6641736794     
   2474520.7895075190     
   2615751.5685271448     
   1659769.8018035551     
   2353823.6684760558     
   1592560.2204077637     
   2425537.7208276014     
   1587852.3250896404     
   2013054.9268440215     
   1564415.9363069772     
   1944518.1162439035     
   1321038.5190839041     
   1665038.0607470982     
   1603840.8154071523     
   1209739.2241686308     
   1375466.4845326587     
   1339433.4216388280     
   1257949.0613709972     
   1140059.2220873213     
   1346661.7457774866     
   1202746.9720888671     
   1281804.9637966878     
   1176955.4587174032     
   1046108.0048596320     
   1125335.8699756861     
   1214862.4528068816     
   1036290.8978330723     
   1072243.5721469480     
   1040296.2523554806     
   1237895.4078787079     
   1127340.0047970889     
   942844.21660546795     
   793910.29291887966     
   1016056.9239174897     
   907034.51578494417     
   1168613.0881284804     
   981182.64698937861     
   883114.41932759888     
   965403.63820428867     
   887267.12343761709     
   1107277.6076180073     
   875442.69209987321     
   1007687.2296828413     
   958127.02216580999     
   1041204.5344601328     
   830370.30664889398     
   861850.67089112056     
   890517.48725640075     
   1112158.9706161644     
   849104.46416595182     
   936232.24663834996     
   918811.73236944515     
   851221.94092138228     
   848925.47141783976     
   877341.26407316572     
   803224.89503618539     
   858702.63296583935     
   831549.93581887661     
   767964.75107362238     
   746210.37696573581     
   808912.12609421345     
   948428.36679547769     
   842674.34525631112     
   950502.75849276071     
   792216.87408400921     
   888732.81721753732     
   803995.35758411093     
