   20006736.953590944     
   24739965.352608632     
   55107498.861368611     
   89402582.992799237     
   77505353.018725708     
   54043158.709518626     
   38823913.542391233     
   8776335.5126726851     
   6155015.6802559644     
   5075132.7374295667     
   3085605.3114946052     
   3489494.6435748036     
   1556480.8134187814     
   1633735.1686607043     
   827828.12787607021     
   893425.00029149605     
   1231896.4487555725     
   1373991.9625692719     
   688347.90835676959     
   608962.45899621793     
   655175.04691467027     
   508053.92794612754     
   607109.26616485685     
   526411.18756994896     
   545339.86572814628     
   522167.73248774029     
   548146.36376720655     
   406192.69419459405     
   382894.31047012383     
   413816.38023810426     
   434811.54575674457     
   420742.63941619493     
   488543.93033738999     
   469610.00954647514     
   524372.02099733579     
   415666.88222169108     
   384906.68479109160     
   468048.15998865111     
   422584.69317471108     
   419505.73293880821     
   434937.07270114368     
   414411.37192585372     
   362776.31573649822     
   549334.29955961567     
   443136.07638414711     
   410143.06996363663     
   362745.68161631213     
   430459.25153472216     
   373878.79239544109     
   464080.85209909704     
   458027.71873027639     
   420851.18224959401     
   425340.79613674077     
   317038.53950365976     
   331347.72855839453     
   352244.20145216270     
   395779.43031127477     
   329860.50763032667     
   366159.43461924233     
   400667.25202172931     
   319224.88906776492     
   406916.04885129328     
   350722.34535704821     
   453758.66149623686     
   366500.96077940951     
   343940.10302788828     
   429857.52051817969     
   340785.43934953189     
   389639.43817492801     
   351810.81946256384     
   392972.71085646248     
   394164.21135459357     
   364636.70566999086     
   361210.77346408914     
   352570.39627407293     
   368901.29888104432     
   309353.10588538286     
   364624.71479938785     
   356607.79829561152     
   368566.08573473268     
   362443.30973911734     
   383499.79483416659     
   318633.91435085610     
   378466.17414533353     
   403015.27211337391     
   357315.61330687779     
   466313.00238127582     
   337599.49646756204     
   374436.82160951826     
   317529.41152463492     
   383838.12607269804     
   294908.07559433649     
   327875.74685926642     
   359168.89190761122     
   378546.88807609759     
   291692.43215974362     
   378726.92138295929     
   329973.48525009828     
   366821.35878922022     
   369510.49731024646     
   416048.58318084612     
   319692.00775528367     
   338852.79436905793     
   355465.06864391157     
   275236.95359704812     
   342691.73416351335     
   343033.35857062839     
   280504.46363714297     
   313360.81039594510     
   307751.17770617519     
   357323.65709352418     
   318519.32806427794     
   346444.12393047271     
   316559.86297011428     
   271707.40746185405     
   374603.82247362030     
   243875.36481479416     
   357129.87647565664     
   310330.92902926041     
   356000.46024593472     
