   19587533.121669479     
   27179707.573438257     
   40799433.434768170     
   61317364.985139996     
   52576338.644064590     
   45787842.360207148     
   53622337.213690482     
   52345257.944587335     
   58523613.616693363     
   49400590.491911143     
   72154087.396814302     
   71281326.492412299     
   61522357.150905207     
   127186370.69558614     
   247034383.86026672     
   64666077.976735532     
   171604210.12184203     
   99764759.907310560     
   146222605.48923931     
   115461048.47950566     
   72380093.706256911     
   103352100.57566550     
   77695278.445694715     
   92469354.176006585     
   19357736.987538446     
   23685009.732319795     
   65284099.993935913     
   22715256.417538777     
   87596520.569796801     
   14998716.979698984     
   13525594.859063555     
   6757307.7825852083     
   5582018.9104224499     
   6986982.7641766127     
   5912024.8453925038     
   6143475.7259192886     
   7638905.5605901480     
   10202224.738531042     
   5469483.6255520033     
   4382054.3938459978     
   3434428.4475907185     
   4127064.4703621701     
   4413672.3925439799     
   3546651.0086101578     
   3246589.2669829824     
   3757642.9619697416     
   3154592.0576250670     
   4012988.0205826494     
   3617527.8762424872     
   2890392.1232331563     
   3053404.8619654970     
   2435450.9205112406     
   2644817.5564042828     
   3020074.6345049846     
   1923187.6033148039     
   2407597.7797171245     
   2626842.1347117932     
   2651258.3813394113     
   2240250.1852322454     
   1939035.9016054291     
   2208789.2631899994     
   1762564.9085942658     
   1743800.1395218137     
   1623085.9678038466     
   1564967.3469669903     
   1990559.0577183617     
   1486066.6043899229     
   1482472.6113800637     
   1482786.2241252933     
   1347887.5935666796     
   1606673.0314441589     
   1134577.2095740780     
   1303450.4891591156     
   1177420.9086978377     
   1372973.6319867480     
   1234804.2237440264     
   1077180.0762732846     
   1225345.1233998523     
   1192798.8750352184     
   1401513.4974926582     
   1163202.0050035182     
   1083231.4247305347     
   1001217.6448132265     
   1155511.0491306975     
   1278968.8396473043     
   931505.06245918968     
   1198050.4177133746     
   1184673.1038543999     
   1076608.3306012698     
   1159914.6971604279     
   1070653.5762027847     
   866884.02778297861     
   921855.28430744854     
   991053.84450897831     
   974040.63397512119     
   898239.52441440325     
   927083.05764122761     
   944099.52072677016     
   1054406.7876242320     
   973608.70009331696     
   900130.96679602168     
   816542.41277265362     
   948760.19066615496     
   812301.32064634550     
   764421.56392665009     
   850235.02663809375     
   944368.17000178003     
   799455.57304188691     
   1007732.4291218726     
   826192.44766924751     
   949013.38502413314     
   781279.31697311043     
   841404.20268488908     
   855043.06044226023     
   922877.98993352440     
   715781.86293802096     
   981494.04432169104     
   813501.73539278784     
   937634.22240424063     
   948318.42216084176     
