tried moves    experiment_1   _      experiment_2    _                                                                                                                                                                                                                                                                                                                                                                                                                                                                          
        0    93341   0.552E+02   0.176E+10   0.126E+03   0.237E+11
  OPTIMIZATION STUFF
       93341   392311.71887845709        19338232309167.043     
   4379991.3041463532       -3987679.5852678958     
        0    94963   0.192E+02   0.523E+05   0.584E+02   0.123E+06
  OPTIMIZATION STUFF
       94963  -8.3412014211975123        8440.2391472769032     
   91.491330223840961       -99.832531645038472     
        0    95168   0.363E+00   0.582E+05   0.135E+02   0.150E+06
  OPTIMIZATION STUFF
       95168  -16.245489986206760        11004.094379494099     
   103.63483214924486       -119.88032213545162     
        0    95237   0.975E+02   0.134E+06   0.258E+03   0.269E+06
  OPTIMIZATION STUFF
       95237  -34.289555723634635        23081.366295031574     
   148.00538052147743       -182.29493624511207     
        0    95194  -0.481E+02   0.702E+05  -0.104E+03   0.193E+06
  OPTIMIZATION STUFF
       95194  -39.572522105775086        23686.844871335568     
   148.73083192641499       -188.30335403219007     
        0    93135   0.291E+02   0.104E+06   0.951E+02   0.272E+06
  OPTIMIZATION STUFF
       93135  -47.646882034190355        29178.023642894244     
   164.03596640771863       -211.68284844190899     
        0    94498   0.148E+02   0.800E+05   0.178E+02   0.233E+06
  OPTIMIZATION STUFF
       94498  -56.581821447186918        32984.163507058613     
   172.57653661137505       -229.15835805856196     
        0    95353  -0.311E+02   0.105E+06  -0.467E+02   0.294E+06
  OPTIMIZATION STUFF
       95353  -68.399943757199736        37871.983076581513     
   182.19064402595822       -250.59058778315796     
        0    95247   0.123E-01   0.795E+05   0.744E+01   0.246E+06
  OPTIMIZATION STUFF
       95247  -82.078517232509242        48685.415796180088     
   204.81340972966777       -286.89192696217702     
        0    95324   0.122E+01   0.101E+06   0.656E+01   0.316E+06
  OPTIMIZATION STUFF
       95324  -98.755684205335172        63674.084711545336     
   232.20981794205312       -330.96550214738829     
        0    95358  -0.124E+00   0.122E+06   0.183E+01   0.359E+06
  OPTIMIZATION STUFF
       95358  -115.71125795763845        73193.792870187128     
   244.54999008801448       -360.26124804565291     
        0    95453   0.676E+02   0.136E+06   0.212E+03   0.426E+06
  OPTIMIZATION STUFF
       95453  -138.79024596853870        94560.321502462961     
   274.40406178928089       -413.19430775781962     
        0    95385   0.112E+03   0.147E+06   0.345E+03   0.468E+06
  OPTIMIZATION STUFF
       95385  -151.11366943732298        101637.61779506941     
   280.71743213462338       -431.83110157194636     
        0    93591  -0.158E+03   0.174E+06  -0.501E+03   0.549E+06
  OPTIMIZATION STUFF
       93591  -176.13582021198931        130295.14837889027     
   315.07351716248712       -491.20933737447643     
        0    95369   0.172E+02   0.166E+06   0.843E+02   0.512E+06
  OPTIMIZATION STUFF
       95369  -181.69762342573586        134334.78363640001     
   318.30921645129831       -500.00683987703417     
        0    95375  -0.454E+02   0.127E+06  -0.155E+03   0.409E+06
  OPTIMIZATION STUFF
       95375  -203.02945428347533        145914.19884445146     
   323.56334702466791       -526.59280130814318     
        0    95404   0.842E+02   0.188E+06   0.259E+03   0.596E+06
  OPTIMIZATION STUFF
       95404  -237.68503733458058        190712.78206462468     
   366.35857447572278       -604.04361181030333     
        0    95387   0.116E+03   0.227E+06   0.395E+03   0.709E+06
  OPTIMIZATION STUFF
       95387  -288.40826454071714        265980.34459892695     
   427.55235649396047       -715.96062103467762     
        0    95437  -0.778E+02   0.229E+06  -0.262E+03   0.728E+06
  OPTIMIZATION STUFF
       95437  -315.46783230880669        301359.98086367379     
   449.26609892362944       -764.73393123243613     
        0    95384  -0.872E+02   0.165E+06  -0.288E+03   0.546E+06
  OPTIMIZATION STUFF
       95384  -330.11994279493877        312509.33832429152     
   451.14317205667413       -781.26311485161295     
        0    95311  -0.481E+02   0.222E+06  -0.112E+03   0.756E+06
  OPTIMIZATION STUFF
       95311  -331.32225126111007        302947.48605146358     
   439.51456388922247       -770.83681515033254     
        0    95333   0.345E+02   0.227E+06   0.154E+03   0.815E+06
  OPTIMIZATION STUFF
       95333  -347.99181263273562        340906.25526902126     
   468.83680914536166       -816.82862177809727     
        0    95467   0.499E-01   0.243E+06  -0.788E+01   0.899E+06
  OPTIMIZATION STUFF
       95467  -290.02898779324556        245401.51965091078     
   401.60267166757768       -691.63165946082324     
        0    95442  -0.650E+02   0.211E+06  -0.202E+03   0.805E+06
  OPTIMIZATION STUFF
       95442  -239.43816069049211        165498.23718467914     
   328.88843760435424       -568.32659829484635     
        0    95436  -0.157E+02   0.222E+06  -0.695E+02   0.907E+06
  OPTIMIZATION STUFF
       95436  -180.70888903462071        110035.07714433403     
   278.17148410325450       -458.88037313787521     
        0    95456   0.917E+01   0.905E+08   0.561E+02   0.368E+09
  OPTIMIZATION STUFF
       95456  -7838.6087210072537        6314489121.7351294     
   79076.199548625736       -86914.808269632995     
        0    95549  -0.233E+01   0.115E+06  -0.297E+01   0.502E+06
  OPTIMIZATION STUFF
       95549  -111.27927086745611        37943.140272794924     
   159.87515175286703       -271.15442262032315     
        0    95413  -0.198E+02   0.939E+05  -0.785E+02   0.411E+06
  OPTIMIZATION STUFF
       95413  -104.75050290655687        32588.409067130327     
   147.02292749076162       -251.77343039731849     
        0    95393  -0.235E+02   0.479E+05  -0.986E+02   0.226E+06
  OPTIMIZATION STUFF
       95393  -76.914653841883151        15066.478281888310     
   95.658843324972310       -172.57349716685547     
        0    95468   0.127E+02   0.324E+05   0.524E+02   0.151E+06
  OPTIMIZATION STUFF
       95468  -60.638928274433731        9021.4786364671909     
   73.105396614718344       -133.74432488915207     
        0    95402  -0.360E+02   0.266E+05  -0.150E+03   0.126E+06
  OPTIMIZATION STUFF
       95402  -58.551754101171340        7971.2945144747337     
   67.401681033566945       -125.95343513473829     
        0    95430   0.107E+02   0.201E+05   0.548E+02   0.977E+05
  OPTIMIZATION STUFF
       95430  -49.011434889812080        5418.3545587745466     
   54.920249533448569       -103.93168442326065     
        0    95508  -0.671E+01   0.226E+05  -0.275E+02   0.118E+06
  OPTIMIZATION STUFF
       95508  -48.914345248510934        5836.6427684112050     
   58.685855172440668       -107.60020042095161     
        0    95408  -0.113E+01   0.155E+05  -0.306E+01   0.832E+05
  OPTIMIZATION STUFF
       95408  -45.294149374083396        4587.8426608846403     
   50.361519966764909       -95.655669340848306     
        0    95416  -0.137E+01   0.124E+05  -0.119E+02   0.669E+05
  OPTIMIZATION STUFF
       95416  -39.728515638386888        3450.2153150006789     
   43.265001562130180       -82.993517200517061     
        0    95409   0.207E+01   0.135E+05   0.131E+02   0.713E+05
  OPTIMIZATION STUFF
       95409  -38.011288096056226        3158.9800823879282     
   41.401957196086059       -79.413245292142278     
        0    95431  -0.235E+01   0.933E+04  -0.692E+01   0.522E+05
  OPTIMIZATION STUFF
       95431  -34.303535592400223        2512.3616319945081     
   36.546259423577666       -70.849795015977890     
        0    94056  -0.741E+01   0.610E+04  -0.446E+02   0.351E+05
  OPTIMIZATION STUFF
       94056  -29.857440911446602        1823.5977755081967     
   30.530820456182823       -60.388261367629426     
        0    95370   0.679E+01   0.567E+04   0.388E+02   0.335E+05
  OPTIMIZATION STUFF
       95370  -30.250977491354007        1877.7163950489501     
   31.025711206458158       -61.276688697812162     
        0    95281  -0.496E+01   0.677E+04  -0.260E+02   0.409E+05
  OPTIMIZATION STUFF
       95281  -29.667650618965101        1834.4848038106868     
   30.891994279452184       -60.559644898417289     
        0    95378  -0.220E+01   0.454E+04  -0.131E+02   0.255E+05
  OPTIMIZATION STUFF
       95378  -25.335457109869068        1268.2322630626304     
   25.026923024946861       -50.362380134815929     
        0    95341   0.121E+01   0.466E+04   0.804E+01   0.271E+05
  OPTIMIZATION STUFF
       95341  -24.874187674472140        1221.9157756950153     
   24.559938176431832       -49.434125850903968     
        0    95421   0.362E+00   0.362E+04   0.355E+01   0.225E+05
  OPTIMIZATION STUFF
       95421  -23.660295823811438        1098.5761741685535     
   23.211345839875044       -46.871641663686482     
        0    95363  -0.266E+01   0.505E+04  -0.132E+02   0.311E+05
  OPTIMIZATION STUFF
       95363  -23.010302612327820        1048.8021702785786     
   22.788772322520536       -45.799074934848356     
        0    95360  -0.341E+00   0.341E+04  -0.403E+01   0.218E+05
  OPTIMIZATION STUFF
       95360  -22.078934837930625        937.64688460392017     
   21.217151576645097       -43.296086414575726     
        0    95429  -0.227E+01   0.289E+04  -0.139E+02   0.177E+05
  OPTIMIZATION STUFF
       95429  -20.425256048796637        794.62288425934025     
   19.427604062272749       -39.852860111069390     
        0    95269   0.722E+00   0.287E+04   0.496E+01   0.180E+05
  OPTIMIZATION STUFF
       95269  -20.107237816114537        767.77213803833695     
   19.064918710672501       -39.172156526787035     
        0    95357  -0.113E+01   0.302E+04  -0.642E+01   0.189E+05
  OPTIMIZATION STUFF
       95357  -18.805541592530545        666.49846411315752     
   17.687568219649677       -36.493109812180222     
        0    95419   0.141E+01   0.240E+04   0.938E+01   0.152E+05
  OPTIMIZATION STUFF
       95419  -18.604611551789066        646.58884265991674     
   17.333703345417952       -35.938314897207022     
        0    95254  -0.143E+01   0.208E+04  -0.943E+01   0.149E+05
  OPTIMIZATION STUFF
       95254  -18.429839112915332        632.49871820622127     
   17.112561131469405       -35.542400244384737     
        0    95387   0.517E+00   0.168E+04   0.577E+01   0.116E+05
  OPTIMIZATION STUFF
       95387  -17.502609523555634        565.71708306041000     
   16.105146473296962       -33.607755996852596     
        0    95496   0.114E-01   0.178E+04  -0.235E+01   0.117E+05
  OPTIMIZATION STUFF
       95496  -17.216443387218277        541.55110180148870     
   15.657112725410032       -32.873556112628307     
        0    95587  -0.140E+00   0.166E+04  -0.279E+00   0.110E+05
  OPTIMIZATION STUFF
       95587  -15.871269597301895        455.48135857511841     
   14.268292117309588       -30.139561714611482     
        0    95435  -0.527E+00   0.154E+04  -0.287E+01   0.100E+05
  OPTIMIZATION STUFF
       95435  -15.006492638266250        404.01889350547606     
   13.372511813535141       -28.379004451801393     
        0    95501   0.191E+00   0.159E+04   0.870E-01   0.102E+05
  OPTIMIZATION STUFF
       95501  -15.220089418249742        415.71880849007511     
   13.567154697671777       -28.787244115921517     
        0    95164  -0.313E+00   0.127E+04  -0.633E+00   0.894E+04
  OPTIMIZATION STUFF
       95164  -14.623295926472894        379.24049872755563     
   12.860782051428945       -27.484077977901840     
        0    95327   0.424E+00   0.162E+04   0.448E+01   0.103E+05
  OPTIMIZATION STUFF
       95327  -14.819821433465430        393.00846837950303     
   13.167435629601600       -27.987257063067030     
        0    95223  -0.556E+00   0.109E+04  -0.665E+01   0.794E+04
  OPTIMIZATION STUFF
       95223  -14.216254491882266        358.03303634486798     
   12.487239269226217       -26.703493761108483     
        0    95506  -0.164E+01   0.141E+04  -0.720E+01   0.943E+04
  OPTIMIZATION STUFF
       95506  -14.530059451365540        371.79386825780028     
   12.675615984936718       -27.205675436302258     
        0    95573   0.110E+01   0.143E+04   0.456E+01   0.933E+04
  OPTIMIZATION STUFF
       95573  -13.612165204576796        325.45301049040501     
   11.839002024398585       -25.451167228975379     
        0    95443   0.330E+00   0.919E+03   0.199E+01   0.591E+04
  OPTIMIZATION STUFF
       95443  -13.027729143062871        293.69672432481309     
   11.134406032645094       -24.162135175707967     
        0    95468  -0.465E+00   0.135E+04  -0.135E+01   0.925E+04
  OPTIMIZATION STUFF
       95468  -13.607865031004254        325.43369276119148     
   11.843128896502101       -25.450993927506353     
        0    95333   0.164E+00   0.984E+03   0.227E+00   0.666E+04
  OPTIMIZATION STUFF
       95333  -13.000043307337634        294.63649524913245     
   11.208718448443534       -24.208761755781168     
        0    95392  -0.248E+00   0.647E+03  -0.249E+01   0.454E+04
  OPTIMIZATION STUFF
       95392  -12.499697589252515        267.79795409664246     
   10.561984390912407       -23.061681980164920     
        0    95474   0.409E+00   0.832E+03   0.309E+01   0.618E+04
  OPTIMIZATION STUFF
       95474  -12.227749627241332        255.26201547098574     
   10.283197679928419       -22.510947307169751     
        0    95398  -0.327E+00   0.765E+03  -0.236E+01   0.533E+04
  OPTIMIZATION STUFF
       95398  -12.327348508566390        259.09643358453803     
   10.350502999027828       -22.677851507594220     
        0    94884  -0.231E+00   0.696E+03  -0.173E+01   0.501E+04
  OPTIMIZATION STUFF
       94884  -11.753000181229737        234.22199934059583     
   9.8024989712118611       -21.555499152441598     
        0    95343   0.719E-01   0.758E+03   0.769E+00   0.478E+04
  OPTIMIZATION STUFF
       95343  -12.056737559385470        247.60961754633129     
   10.111611986742519       -22.168349546127988     
        0    95415   0.256E+00   0.973E+03   0.215E+01   0.631E+04
  OPTIMIZATION STUFF
       95415  -11.574555498532678        227.22072022159091     
   9.6566239045008828       -21.231179403033561     
        0    95421  -0.727E+00   0.558E+03  -0.545E+01   0.396E+04
  OPTIMIZATION STUFF
       95421  -11.112850026166814        206.79577155280251     
   9.1269017661376601       -20.239751792304475     
        0    95467   0.597E-03   0.581E+03   0.744E+00   0.411E+04
  OPTIMIZATION STUFF
       95467  -11.288448781332198        213.83006032635166     
   9.2952129850580221       -20.583661766390222     
        0    95346   0.298E+00   0.726E+03   0.179E+01   0.500E+04
  OPTIMIZATION STUFF
       95346  -11.114318834791037        207.45710617524784     
   9.1612784595741363       -20.275597294365173     
        0    95229  -0.761E-01   0.653E+03  -0.574E-01   0.455E+04
  OPTIMIZATION STUFF
       95229  -11.154203036726130        208.69337404208852     
   9.1802575485428566       -20.334460585268985     
        0    95514  -0.628E+00   0.468E+03  -0.446E+01   0.307E+04
  OPTIMIZATION STUFF
       95514  -10.779374143346272        193.55027602814215     
   8.7951901119816593       -19.574564255327932     
        0    95427   0.561E+00   0.534E+03   0.428E+01   0.380E+04
  OPTIMIZATION STUFF
       95427  -10.528494211835287        183.32930586772696     
   8.5135254447894742       -19.042019656624760     
        0    95411  -0.426E+00   0.450E+03  -0.356E+01   0.314E+04
  OPTIMIZATION STUFF
       95411  -10.276933589122887        173.72569666257633     
   8.2528984403865113       -18.529832029509400     
        0    95363   0.394E+00   0.519E+03   0.301E+01   0.374E+04
  OPTIMIZATION STUFF
       95363  -10.371217738857476        177.89453225056303     
   8.3864399397939433       -18.757657678651420     
        0    95426  -0.347E+00   0.612E+03  -0.209E+01   0.437E+04
  OPTIMIZATION STUFF
       95426  -10.201060534191821        171.62270444987240     
   8.2195540285119151       -18.420614562703737     
        0    95431  -0.763E-01   0.522E+03  -0.145E+01   0.388E+04
  OPTIMIZATION STUFF
       95431  -10.294490978462019        175.11883228313141     
   8.3151841697881554       -18.609675148250176     
        0    95348  -0.746E-01   0.531E+03   0.131E+00   0.368E+04
  OPTIMIZATION STUFF
       95348  -10.174482051853559        169.97733949644859     
   8.1521318974215813       -18.326613949275142     
        0    95421   0.126E+00   0.464E+08   0.124E+01   0.336E+09
  OPTIMIZATION STUFF
       95421  -14548.601476689488        16553886115.131083     
   127836.70955638506       -142385.31103307454     
        0    95402  -0.905E-01   0.584E+03  -0.110E+01   0.435E+04
  OPTIMIZATION STUFF
       95402  -9.9489311299411600        162.35981543245754     
   7.9610668131944005       -17.909997943135561     
        0    95518   0.473E+00   0.503E+03   0.319E+01   0.381E+04
  OPTIMIZATION STUFF
       95518  -9.6460848894521938        151.68275362161489     
   7.6574016433185061       -17.303486532770698     
        0    95413  -0.428E+00   0.467E+03  -0.181E+01   0.346E+04
  OPTIMIZATION STUFF
       95413  -9.9970113407246330        163.88973848716242     
   7.9968432984888160       -17.993854639213449     
        0    95419  -0.436E-01   0.500E+03  -0.834E+00   0.363E+04
  OPTIMIZATION STUFF
       95419  -9.5567270085365834        149.05869904738699     
   7.5978725924889261       -17.154599601025510     
        0    95477   0.450E-01   0.457E+03   0.205E+00   0.367E+04
  OPTIMIZATION STUFF
       95477  -9.7981254910505520        156.78139586661712     
   7.7960331405300280       -17.594158631580580     
        0    95420  -0.108E+00   0.443E+03  -0.824E+00   0.308E+04
  OPTIMIZATION STUFF
       95420  -9.4476192001868657        144.84842808991806     
   7.4559318356714162       -16.903551035858282     
        0    95363  -0.726E-01   0.368E+03  -0.621E+00   0.298E+04
  OPTIMIZATION STUFF
       95363  -9.4673553485364543        145.90094613795424     
   7.5013418028038439       -16.968697151340297     
        0    95330  -0.304E-02   0.423E+03  -0.994E-01   0.334E+04
  OPTIMIZATION STUFF
       95330  -9.3317216568627366        141.31375024923534     
   7.3642868743738061       -16.696008531236544     
        0    95464   0.177E-01   0.442E+03   0.724E-01   0.317E+04
  OPTIMIZATION STUFF
       95464  -9.2673857016629668        139.20935289560188     
   7.3023910571959023       -16.569776758858868     
        0    95414   0.650E-01   0.463E+03   0.151E+01   0.320E+04
  OPTIMIZATION STUFF
       95414  -9.4447177778990756        144.99761159582459     
   7.4695995670224340       -16.914317344921511     
        0    95302  -0.561E-01   0.425E+03  -0.128E+01   0.316E+04
  OPTIMIZATION STUFF
       95302  -9.4166003488884584        144.21376566210296     
   7.4526105178934934       -16.869210866781952     
        0    95344  -0.887E-01   0.308E+03  -0.254E-01   0.229E+04
  OPTIMIZATION STUFF
       95344  -9.3408581803342283        141.03671753144289     
   7.3338316033520989       -16.674689783686325     
        0    95395   0.135E+00   0.373E+03   0.239E+00   0.244E+04
  OPTIMIZATION STUFF
       95395  -9.1645607610080884        135.77110648142727     
   7.1959664075937795       -16.360527168601870     
        0    95438  -0.199E+00   0.353E+03  -0.112E+01   0.239E+04
  OPTIMIZATION STUFF
       95438  -8.9849352428497671        130.02907404119361     
   7.0213967786324254       -16.006332021482194     
        0    95339   0.136E+00   0.320E+03   0.928E+00   0.251E+04
  OPTIMIZATION STUFF
       95339  -9.1629753724053415        135.55578027835480     
   7.1830120842894312       -16.345987456694772     
        0    95443  -0.151E+00   0.332E+03  -0.114E+01   0.252E+04
  OPTIMIZATION STUFF
       95443  -9.0510424933361566        132.35465407149576     
   7.1016395188237320       -16.152682012159890     
        0    95406   0.995E-02   0.327E+03   0.323E+00   0.244E+04
  OPTIMIZATION STUFF
       95406  -8.9939933928340352        130.16688802214406     
   7.0196132993065783       -16.013606692140613     
        0    95439  -0.623E-02   0.369E+03  -0.103E+00   0.282E+04
  OPTIMIZATION STUFF
       95439  -9.0156331494859057        131.69132366641804     
   7.0999776464654376       -16.115610795951344     
        0    95512   0.106E+00   0.302E+03   0.112E+01   0.225E+04
  OPTIMIZATION STUFF
       95512  -8.8780704070155014        126.83541052205022     
   6.9293056196220579       -15.807376026637559     
        0    94652  -0.202E-01   0.386E+03  -0.577E+00   0.289E+04
  OPTIMIZATION STUFF
       94652  -9.0052552465062892        130.78409717865529     
   7.0490761893971783       -16.054331435903467     
        0    95450   0.440E-01   0.294E+03   0.559E+00   0.211E+04
  OPTIMIZATION STUFF
       95450  -8.8857802870853284        127.13497480995319     
   6.9410289942917665       -15.826809281377095     
        0    95432   0.122E+00   0.374E+03   0.525E+00   0.274E+04
  OPTIMIZATION STUFF
       95432  -8.8714325348026666        126.55459257639927     
   6.9175340517299961       -15.788966586532663     
        0    95322  -0.232E+00   0.352E+03  -0.136E+01   0.290E+04
  OPTIMIZATION STUFF
       95322  -8.7153636044115359        122.12561759622722     
   6.7947078553184292       -15.510071459729964     
        0    95344  -0.102E+00   0.316E+03  -0.506E+00   0.232E+04
  OPTIMIZATION STUFF
       95344  -8.7303116005249510        122.27101790664743     
   6.7862122914323058       -15.516523891957256     
        0    95335   0.545E-01   0.306E+03   0.538E-01   0.250E+04
  OPTIMIZATION STUFF
       95335  -8.6148806027690732        118.22373743888085     
   6.6338201391742615       -15.248700741943335     
        0    95475  -0.526E-01   0.333E+03   0.491E+00   0.271E+04
  OPTIMIZATION STUFF
       95475  -8.7718007555091884        123.62078533992705     
   6.8320053312022146       -15.603806086711403     
        0    95455   0.243E-01   0.297E+03  -0.181E+00   0.210E+04
  OPTIMIZATION STUFF
       95455  -8.8023537945704522        124.51525464353001     
   6.8581209028961547       -15.660474697466608     
        0    93956  -0.125E-01   0.304E+03  -0.765E+00   0.228E+04
  OPTIMIZATION STUFF
       93956  -8.6427823604131309        119.78775542240973     
   6.7149138857427912       -15.357696246155921     
        0    95352  -0.142E+00   0.207E+03  -0.569E+00   0.158E+04
  OPTIMIZATION STUFF
       95352  -8.5302735126918687        115.95465400998314     
   6.5718405191126381       -15.102114031804508     
        0    95358   0.120E+00   0.278E+03   0.122E+01   0.281E+04
  OPTIMIZATION STUFF
       95358  -8.5911957243258055        119.39849824280687     
   6.7520259381264873       -15.343221662452294     
        0    95396   0.566E-01   0.271E+03   0.784E-01   0.236E+04
  OPTIMIZATION STUFF
       95396  -8.4246151302558818        113.40306508642657     
   6.5137489200528940       -14.938364050308776     
        0    95356   0.802E-01   0.741E+03   0.534E+00   0.695E+04
  OPTIMIZATION STUFF
       95356  -8.9166559789266273        135.84317153297621     
   7.5057589680490171       -16.422414946975643     
        0    93180  -0.475E-01   0.315E+03  -0.328E+00   0.265E+04
  OPTIMIZATION STUFF
       93180  -8.8197162273822407        125.75951316602267     
   6.9261907881946954       -15.745907015576936     
        0    95344   0.353E-01   0.354E+03   0.975E+00   0.284E+04
  OPTIMIZATION STUFF
       95344  -8.7183018169385758        122.21640088555485     
   6.7976182824810323       -15.515920099419608     
        0    95317  -0.189E+00   0.354E+03  -0.187E+01   0.277E+04
  OPTIMIZATION STUFF
       95317  -8.6873337385031970        121.38127090945221     
   6.7758027882544134       -15.463136526757610     
        0    95210   0.163E+00   0.224E+03   0.884E+00   0.162E+04
  OPTIMIZATION STUFF
       95210  -8.6368751432596866        119.27542713501053     
   6.6842961405636050       -15.321171283823292     
        0    95379  -0.196E+00   0.339E+03  -0.150E+01   0.283E+04
  OPTIMIZATION STUFF
       95379  -8.3668328312390354        111.79679813902422     
   6.4647433447217999       -14.831576175960835     
        0    95360   0.765E-01   0.254E+03   0.115E+01   0.200E+04
  OPTIMIZATION STUFF
       95360  -8.4426764889051622        113.76400443571245     
   6.5180685896514206       -14.960745078556583     
        0    95358  -0.816E-01   0.265E+03  -0.125E+01   0.217E+04
  OPTIMIZATION STUFF
       95358  -8.2165591134303959        107.92841634581893     
   6.3574029824546150       -14.573962095885012     
