tried moves    experiment_1   _      experiment_2    _                                                                                                                                                                                                                                                                                                                                                                                                                                                                          
        0   258194   0.152E+02   0.132E+10   0.489E+02   0.137E+11
  OPTIMIZATION STUFF
      258194   451131.43160000222        33510782187457.777     
   5771244.4601559127       -5320113.0285559101     
        0   263224   0.453E+01   0.393E+05   0.647E+02   0.186E+06
  OPTIMIZATION STUFF
      263224  -85.641484160533309        50543.697222594616     
   207.86830786191467       -293.50979202244798     
        0   260426  -0.182E+01   0.403E+05   0.213E+02   0.270E+06
  OPTIMIZATION STUFF
      260426  -202.38719160607204        142617.30363195715     
   318.83652285421164       -521.22371446028365     
        0   263096   0.579E+01   0.669E+05   0.777E+02   0.570E+06
  OPTIMIZATION STUFF
      263096  -291.78754357331735        256142.30838075170     
   413.52428924574809       -705.31183281906544     
        0   260980   0.847E+01   0.480E+05   0.145E+03   0.485E+06
  OPTIMIZATION STUFF
      260980  -337.85749878652200        318170.35940357373     
   451.68868694853211       -789.54618573505411     
        0   261895  -0.120E+02   0.145E+08  -0.105E+03   0.175E+09
  OPTIMIZATION STUFF
      261895  -3467.5960487492121        3033559182.6934285     
   54968.490613588139       -58436.086662337351     
        0   262083  -0.169E+02   0.489E+05  -0.204E+03   0.672E+06
  OPTIMIZATION STUFF
      262083  -315.56576586792681        293067.19008517120     
   439.86979607306523       -755.43556194099210     
        0   262599  -0.105E+01   0.219E+05  -0.130E+02   0.363E+06
  OPTIMIZATION STUFF
      262599  -150.92067638998549        66753.607710042634     
   209.70588248313854       -360.62655887312405     
        0   261936  -0.728E+00   0.153E+05  -0.914E+01   0.293E+06
  OPTIMIZATION STUFF
      261936  -120.95032284340097        50082.209459907564     
   188.29027819827726       -309.24060104167825     
        0   261280  -0.849E+00   0.284E+04  -0.151E+02   0.638E+05
  OPTIMIZATION STUFF
      261280  -54.030866783693270        6476.4339533709172     
   59.641423423437075       -113.67229020713035     
        0   260720  -0.125E+00   0.156E+04  -0.221E+01   0.385E+05
  OPTIMIZATION STUFF
      260720  -38.806487999570187        3203.9966459567545     
   41.207440288083532       -80.013928287653727     
        0   259913  -0.223E-01   0.761E+03  -0.734E+00   0.205E+05
  OPTIMIZATION STUFF
      259913  -32.050467640694322        2007.4226849894058     
   31.307989539448425       -63.358457180142750     
        0   261382  -0.909E-01   0.455E+03  -0.222E+01   0.130E+05
  OPTIMIZATION STUFF
      261382  -24.824727374811424        1153.7539258767054     
   23.183762348743002       -48.008489723554426     
        0   261980   0.272E-02   0.406E+03   0.489E+00   0.124E+05
  OPTIMIZATION STUFF
      261980  -21.983650958350346        897.79097366177746     
   20.359520235093935       -42.343171193444277     
        0   260281  -0.133E-01   0.278E+04  -0.197E-01   0.101E+06
  OPTIMIZATION STUFF
      260281  -26.178228767636028        5357.7863514302471     
   68.355590042216448       -94.533818809852477     
        0   262708  -0.521E-01   0.255E+03  -0.168E+01   0.802E+04
  OPTIMIZATION STUFF
      262708  -17.371762925037519        537.77097279232032     
   15.362057989364974       -32.733820914402493     
        0   263726  -0.263E-01   0.163E+03  -0.737E+00   0.518E+04
  OPTIMIZATION STUFF
      263726  -15.855014881251359        435.52442834749161     
   13.569927467116011       -29.424942348367370     
        0   260418  -0.416E-01   0.130E+03  -0.139E+01   0.423E+04
  OPTIMIZATION STUFF
      260418  -14.272499690728623        344.73017769609237     
   11.875433898356881       -26.147933589085504     
        0   260515   0.121E-01   0.108E+03   0.667E+00   0.350E+04
  OPTIMIZATION STUFF
      260515  -12.936900246960237        278.33850615389974     
   10.534472846521552       -23.471373093481787     
        0   260063   0.420E-02   0.921E+02  -0.512E-01   0.286E+04
  OPTIMIZATION STUFF
      260063  -11.994027421643542        234.74671251173046     
   9.5336256859913071       -21.527653107634848     
        0   261313  -0.235E-01   0.709E+02  -0.614E+00   0.232E+04
  OPTIMIZATION STUFF
      261313  -11.408042948302061        210.04079356137618     
   8.9385317391097185       -20.346574687411781     
        0   262299  -0.804E-02   0.771E+02  -0.321E+00   0.250E+04
  OPTIMIZATION STUFF
      262299  -11.023340100916524        195.26831905792591     
   8.5880319094337079       -19.611372010350230     
        0   262941   0.797E-02   0.706E+02   0.281E+00   0.228E+04
  OPTIMIZATION STUFF
      262941  -10.740181511963746        184.09407516329492     
   8.2911142950370103       -19.031295807000756     
        0   262028  -0.115E-01   0.742E+02  -0.482E+00   0.227E+04
  OPTIMIZATION STUFF
      262028  -10.386902885257713        170.82026445690292     
   7.9330015069409834       -18.319904392198698     
        0   262835  -0.296E-02   0.752E+02  -0.629E-01   0.235E+04
  OPTIMIZATION STUFF
      262835  -9.9989676091973489        157.09669364034323     
   7.5576014972056766       -17.556569106403025     
        0   262796   0.789E-02   0.538E+02   0.289E+00   0.161E+04
  OPTIMIZATION STUFF
      262796  -9.8365445179883046        150.71607244959816     
   7.3456425447493965       -17.182187062737700     
        0   261104   0.350E-02   0.585E+02   0.790E-01   0.176E+04
  OPTIMIZATION STUFF
      261104  -9.7526037715077347        147.94971731978703     
   7.2688676556778864       -17.021471427185620     
        0   260040  -0.189E-01   0.564E+02  -0.611E+00   0.181E+04
  OPTIMIZATION STUFF
      260040  -9.5802641438934373        142.38122068246781     
   7.1133508008320216       -16.693614944725461     
        0   262325   0.121E-01   0.638E+02   0.213E+00   0.190E+04
  OPTIMIZATION STUFF
      262325  -9.4793928264587954        139.54354854064024     
   7.0487346511499336       -16.528127477608727     
        0   263308   0.191E-02   0.540E+02   0.227E+00   0.158E+04
  OPTIMIZATION STUFF
      263308  -9.2939659005869135        132.94440647776077     
   6.8239727663941077       -16.117938666981022     
        0   261345   0.374E-02   0.560E+02  -0.334E-02   0.160E+04
  OPTIMIZATION STUFF
      261345  -9.2363836717273688        131.07234083518313     
   6.7647289305508149       -16.001112602278184     
        0   264034  -0.702E-02   0.538E+02  -0.144E+00   0.152E+04
  OPTIMIZATION STUFF
      264034  -9.2547289558682539        131.62959476513822     
   6.7808249290592890       -16.035553884927545     
        0   265536  -0.590E-03   0.518E+02  -0.505E-01   0.147E+04
  OPTIMIZATION STUFF
      265536  -9.3171481304196639        133.22695419941138     
   6.8130540079489128       -16.130202138368578     
        0   264646  -0.288E-02   0.493E+02  -0.124E+00   0.137E+04
  OPTIMIZATION STUFF
      264646  -8.9835523149302219        123.18682423473089     
   6.5178686730895974       -15.501420988019820     
        0   264602   0.261E-01   0.543E+02   0.705E+00   0.151E+04
  OPTIMIZATION STUFF
      264602  -9.0578773848311638        125.31585515801950     
   6.5780477680983482       -15.635925152929513     
        0   264243  -0.254E-01   0.528E+02  -0.690E+00   0.142E+04
  OPTIMIZATION STUFF
      264243  -8.9265837323792301        121.43861047214754     
   6.4617887106411986       -15.388372443020430     
        0   264868  -0.362E-02   0.531E+02  -0.108E+00   0.138E+04
  OPTIMIZATION STUFF
      264868  -8.9433580007042526        121.81085786791209     
   6.4673955762077302       -15.410753576911983     
        0   265113  -0.162E-02   0.497E+02  -0.120E+00   0.131E+04
  OPTIMIZATION STUFF
      265113  -8.9628540871812756        122.34519167714920     
   6.4817002622033604       -15.444554349384635     
        0   265029   0.208E-03   0.532E+02   0.147E-01   0.139E+04
  OPTIMIZATION STUFF
      265029  -8.9517117134251940        122.13883771378737     
   6.4811800710606349       -15.432891784485829     
        0   264979   0.433E-02   0.589E+02   0.122E+00   0.160E+04
  OPTIMIZATION STUFF
      264979  -8.9696869189991890        122.54729158271114     
   6.4878353984858448       -15.457522317485033     
        0   264419  -0.466E-03   0.550E+02  -0.117E+00   0.145E+04
  OPTIMIZATION STUFF
      264419  -8.9195347166388981        120.99064414898002     
   6.4368116787469773       -15.356346395385875     
        0   263632   0.477E-02   0.593E+02   0.180E+00   0.152E+04
  OPTIMIZATION STUFF
      263632  -8.8300881209411735        118.48175572821955     
   6.3648487416931703       -15.194936862634343     
        0   264910   0.925E-02   0.583E+02   0.163E+00   0.145E+04
  OPTIMIZATION STUFF
      264910  -8.7716123481206623        116.75204796561852     
   6.3095851511740166       -15.081197499294678     
        0   263559  -0.893E-02   0.585E+02  -0.159E+00   0.148E+04
  OPTIMIZATION STUFF
      263559  -8.7707750252082057        116.65399286125258     
   6.3029753544208447       -15.073750379629050     
        0   263878   0.882E-03   0.561E+02  -0.576E-01   0.137E+04
  OPTIMIZATION STUFF
      263878  -8.8755899429418399        119.55983914461423     
   6.3862150221679741       -15.261804965109814     
        0   264045  -0.553E-02   0.625E+02  -0.138E+00   0.151E+04
  OPTIMIZATION STUFF
      264045  -8.8730180909404179        119.50937251745019     
   6.3858376486796349       -15.258855739620053     
        0   261667   0.960E-02   0.565E+02   0.297E+00   0.143E+04
  OPTIMIZATION STUFF
      261667  -8.7470352977814159        115.88702663616577     
   6.2750617634834285       -15.022097061264844     
        0   261602   0.171E-01   0.497E+02   0.353E+00   0.116E+04
  OPTIMIZATION STUFF
      261602  -8.7870270059726234        116.58284025523831     
   6.2746311964565784       -15.061658202429202     
        0   261893  -0.226E-01   0.509E+02  -0.611E+00   0.122E+04
  OPTIMIZATION STUFF
      261893  -8.7576489653829803        115.88437517792285     
   6.2600287361200877       -15.017677701503068     
        0   261882  -0.316E-02   0.543E+02  -0.118E+00   0.132E+04
  OPTIMIZATION STUFF
      261882  -8.7422757276328440        115.72899812387720     
   6.2690998736596013       -15.011375601292446     
        0   262204   0.592E-02   0.525E+02   0.234E+00   0.126E+04
  OPTIMIZATION STUFF
      262204  -8.6731268278132561        113.68118356949965     
   6.2014558450549027       -14.874582672868158     
        0   261277   0.146E-02   0.544E+02  -0.322E-01   0.126E+04
  OPTIMIZATION STUFF
      261277  -8.8094195102510664        117.47512763463509     
   6.3142106020501840       -15.123630112301250     
        0   261826   0.311E-02   0.570E+02   0.873E-01   0.132E+04
  OPTIMIZATION STUFF
      261826  -8.8601177078563378        118.95035998501254     
   6.3599272156167874       -15.220044923473125     
        0   264534   0.577E-03   0.536E+02   0.259E-01   0.117E+04
  OPTIMIZATION STUFF
      264534  -8.7562226847564180        115.78850613818082     
   6.2543641110138388       -15.010586795770257     
        0   260829  -0.143E-02   0.498E+02  -0.955E-01   0.117E+04
  OPTIMIZATION STUFF
      260829  -8.7203987328648029        114.78714115713414     
   6.2242900877918670       -14.944688820656669     
        0   261033  -0.268E-02   0.489E+02  -0.588E-01   0.110E+04
  OPTIMIZATION STUFF
      261033  -8.7156741238508264        114.72587271190122     
   6.2259856471677120       -14.941659771018539     
        0   260309  -0.138E-01   0.658E+02  -0.314E+00   0.152E+04
  OPTIMIZATION STUFF
      260309  -8.7906984968059660        117.23620082262555     
   6.3213780745086652       -15.112076571314631     
        0   258578   0.891E-02   0.578E+02   0.147E+00   0.122E+04
  OPTIMIZATION STUFF
      258578  -8.7403384097255810        115.43588730413832     
   6.2483895355214543       -14.988727945247035     
        0   261740   0.135E-01   0.577E+02   0.274E+00   0.126E+04
  OPTIMIZATION STUFF
      261740  -8.5721691700560196        110.90861057397041     
   6.1177223125859097       -14.689891482641929     
        0   261585  -0.193E-01   0.570E+02  -0.338E+00   0.122E+04
  OPTIMIZATION STUFF
      261585  -8.6751942687269459        113.57694000258365     
   6.1901489806329231       -14.865343249359869     
        0   261730   0.199E-02   0.509E+02   0.136E-01   0.115E+04
  OPTIMIZATION STUFF
      261730  -8.6367673006786951        112.43952088424591     
   6.1518916991583286       -14.788658999837024     
        0   262820   0.895E-02   0.531E+02   0.188E+00   0.114E+04
  OPTIMIZATION STUFF
      262820  -8.7574147739112398        115.80445295290544     
   6.2539698936424841       -15.011384667553724     
        0   260656  -0.925E-02   0.595E+02  -0.268E+00   0.125E+04
  OPTIMIZATION STUFF
      260656  -8.7006642176687699        114.35807107583462     
   6.2174362278364317       -14.918100445505202     
        0   262186  -0.451E-02   0.541E+02  -0.603E-01   0.120E+04
  OPTIMIZATION STUFF
      262186  -8.7175402627472902        114.62382821976911     
   6.2151685405263963       -14.932708803273687     
        0   260211   0.394E-02   0.546E+02   0.881E-01   0.113E+04
  OPTIMIZATION STUFF
      260211  -8.7039009810234873        114.32364266056847     
   6.2101328788607120       -14.914033859884199     
        0   260407   0.402E-02   0.577E+02   0.120E+00   0.120E+04
  OPTIMIZATION STUFF
      260407  -8.6350162268405342        112.45501924207454     
   6.1556083374655355       -14.790624564306070     
        0   260271   0.354E-02   0.620E+02   0.636E-02   0.129E+04
  OPTIMIZATION STUFF
      260271  -8.7255930951314102        115.09543615774462     
   6.2417514606029991       -14.967344555734410     
        0   260440   0.531E-02   0.517E+02   0.627E-01   0.105E+04
  OPTIMIZATION STUFF
      260440  -8.6615718141126141        113.06711979687610     
   6.1680056343883161       -14.829577448500931     
        0   260088   0.436E-02   0.543E+02   0.143E+00   0.111E+04
  OPTIMIZATION STUFF
      260088  -8.6387373256461437        112.40027351810896     
   6.1459328776514539       -14.784670203297598     
        0   260319  -0.155E-01   0.556E+02  -0.407E+00   0.117E+04
  OPTIMIZATION STUFF
      260319  -8.7175059951297218        114.65578887356526     
   6.2177872348965604       -14.935293230026282     
        0   260346   0.112E-01   0.600E+02   0.216E+00   0.116E+04
  OPTIMIZATION STUFF
      260346  -8.6612464829398661        113.18641200773247     
   6.1781244216585884       -14.839370904598454     
        0   260322  -0.817E-02   0.655E+02  -0.165E+00   0.135E+04
  OPTIMIZATION STUFF
      260322  -8.6461509903851610        112.99473871503606     
   6.1837538572050041       -14.829904847590164     
        0   259752   0.534E-02   0.544E+02   0.116E+00   0.110E+04
  OPTIMIZATION STUFF
      259752  -8.6775195912314391        113.51765508067521     
   6.1820958278297313       -14.859615419061171     
        0   259902  -0.198E-02   0.627E+02  -0.989E-02   0.123E+04
  OPTIMIZATION STUFF
      259902  -8.7284590554583765        115.05768376611270     
   6.2347162151375715       -14.963175270595947     
        0   260447   0.168E-03   0.656E+02  -0.170E-01   0.127E+04
  OPTIMIZATION STUFF
      260447  -8.6936327000349003        114.21726100810085     
   6.2159481565554220       -14.909580856590322     
        0   259343  -0.123E-02   0.650E+02   0.409E-01   0.128E+04
  OPTIMIZATION STUFF
      259343  -8.6985788385286007        114.51145181912796     
   6.2326702150065971       -14.931249053535197     
        0   261771   0.119E-01   0.560E+02   0.164E+00   0.112E+04
  OPTIMIZATION STUFF
      261771  -8.6729660198957017        113.38894840641737     
   6.1780748477298228       -14.851040867625525     
        0   260823  -0.329E-03   0.559E+02  -0.480E-01   0.106E+04
  OPTIMIZATION STUFF
      260823  -8.5646664664541081        110.20928690969963     
   6.0708957517071678       -14.635562218161276     
        0   260325  -0.145E-01   0.559E+02  -0.316E+00   0.106E+04
  OPTIMIZATION STUFF
      260325  -8.7346645835373735        114.87074363402269     
   6.2109885080493079       -14.945653091586681     
        0   262327   0.217E-01   0.619E+02   0.460E+00   0.116E+04
  OPTIMIZATION STUFF
      262327  -8.6809015040889825        113.67947336559666     
   6.1904299076802651       -14.871331411769248     
        0   260060  -0.168E-01   0.653E+02  -0.320E+00   0.130E+04
  OPTIMIZATION STUFF
      260060  -8.6792947580980950        114.01714712358762     
   6.2198866248219140       -14.899181382920009     
        0   260166   0.666E-02   0.662E+02   0.113E+00   0.126E+04
  OPTIMIZATION STUFF
      260166  -8.6106701565041490        111.86142969761754     
   6.1414810228076373       -14.752151179311786     
        0   260269  -0.986E-02   0.600E+02  -0.169E+00   0.111E+04
  OPTIMIZATION STUFF
      260269  -8.5328343363596044        109.62154605313525     
   6.0673127693714450       -14.600147105731050     
        0   260428   0.123E-02   0.596E+02  -0.323E-01   0.111E+04
  OPTIMIZATION STUFF
      260428  -8.6357702405372123        112.19906116136058     
   6.1337210169694245       -14.769491257506637     
        0   261783   0.937E-02   0.613E+02   0.207E+00   0.116E+04
  OPTIMIZATION STUFF
      261783  -8.6470571356228589        112.76842250410112     
   6.1641565033161605       -14.811213638939019     
        0   260590  -0.867E-02   0.699E+02  -0.232E+00   0.131E+04
  OPTIMIZATION STUFF
      260590  -8.6909306557727870        114.17009989800142     
   6.2159330944396611       -14.906863750212448     
        0   260492   0.658E-02   0.601E+02   0.872E-01   0.113E+04
  OPTIMIZATION STUFF
      260492  -8.7280606653725741        115.01751819538555     
   6.2320522476116658       -14.960112912984240     
        0   260538   0.370E-02   0.641E+02   0.179E+00   0.119E+04
  OPTIMIZATION STUFF
      260538  -8.6894355030157762        113.75951806659673     
   6.1849194582893059       -14.874354961305082     
        0   260412   0.768E-02   0.675E+02   0.567E-01   0.120E+04
  OPTIMIZATION STUFF
      260412  -8.6686892854914319        113.54714701440076     
   6.1968518689740204       -14.865541154465452     
        0   261010  -0.118E-01   0.667E+02  -0.183E+00   0.118E+04
  OPTIMIZATION STUFF
      261010  -8.7176061255785697        114.80883478830090     
   6.2299420725698482       -14.947548198148418     
        0   260533   0.101E-01   0.591E+02   0.105E+00   0.102E+04
  OPTIMIZATION STUFF
      260533  -8.7405632056557341        115.26896457200037     
   6.2347028333303527       -14.975266038986087     
        0   260779  -0.358E-02   0.605E+02  -0.639E-01   0.107E+04
  OPTIMIZATION STUFF
      260779  -8.6992393283557607        114.15693370281947     
   6.2032385743906291       -14.902477902746391     
        0   261602  -0.710E-02   0.672E+02  -0.111E+00   0.119E+04
  OPTIMIZATION STUFF
      261602  -8.6400592139926307        112.62531070467668     
   6.1623605447407668       -14.802419758733397     
        0   262586   0.659E-02   0.814E+02   0.119E+00   0.146E+04
  OPTIMIZATION STUFF
      262586  -8.7740664111841689        117.39491114690793     
   6.3569387097122219       -15.131005120896390     
        0   262592  -0.130E-01   0.717E+02  -0.172E+00   0.126E+04
  OPTIMIZATION STUFF
      262592  -8.7481235869320120        115.82320317938752     
   6.2684557019373841       -15.016579288869396     
        0   261041  -0.126E-02   0.665E+02  -0.934E-01   0.113E+04
  OPTIMIZATION STUFF
      261041  -8.6210530562366579        111.91553103108480     
   6.1313110533259829       -14.752364109562642     
        0   261114  -0.161E-02   0.667E+02  -0.521E-02   0.117E+04
  OPTIMIZATION STUFF
      261114  -8.6158266465282534        111.63530565639662     
   6.1157858737344890       -14.731612520262743     
        0   260983   0.187E-01   0.673E+02   0.327E+00   0.115E+04
  OPTIMIZATION STUFF
      260983  -8.5775011055128925        110.70175325479254     
   6.0932936938668600       -14.670794799379753     
        0   260906  -0.551E-02   0.590E+02  -0.551E-01   0.104E+04
  OPTIMIZATION STUFF
      260906  -8.6401577815397310        112.33448450206153     
   6.1385794783614198       -14.778737259901151     
        0   256628   0.133E-01   0.553E+02   0.226E+00   0.956E+03
  OPTIMIZATION STUFF
      256628  -8.6038556418537215        111.02390691619856     
   6.0825631941099010       -14.686418835963622     
        0   261026  -0.125E-01   0.614E+02  -0.324E+00   0.101E+04
  OPTIMIZATION STUFF
      261026  -8.7754333912870095        116.23081227839539     
   6.2627933922076950       -15.038226783494704     
        0   260739   0.949E-02   0.598E+02   0.237E+00   0.101E+04
  OPTIMIZATION STUFF
      260739  -8.7044988582851914        114.17177990022742     
   6.1970541006464694       -14.901552958931660     
        0   261179  -0.853E-02   0.452E+07  -0.221E+00   0.792E+08
  OPTIMIZATION STUFF
      261179  -5986.5708695432295        7050154865.7804575     
   83751.512434130971       -89738.083303674197     
        0   261774  -0.427E-03   0.590E+02  -0.584E-01   0.997E+03
  OPTIMIZATION STUFF
      261774  -8.6671636350059078        112.91798950405450     
   6.1480292800283314       -14.815192915034238     
        0   261749   0.133E-01   0.657E+02   0.223E+00   0.111E+04
  OPTIMIZATION STUFF
      261749  -8.6835649811925908        113.69778047472690     
   6.1881725648314481       -14.871737546024040     
        0   261559  -0.239E-01   0.642E+02  -0.349E+00   0.104E+04
  OPTIMIZATION STUFF
      261559  -8.6710044271172109        113.33104440076325     
   6.1761417264888747       -14.847146153606086     
        0   261778   0.107E-01   0.706E+02   0.186E+00   0.116E+04
  OPTIMIZATION STUFF
      261778  -8.7393306807278712        115.29031054050793     
   6.2381415336137138       -14.977472214341585     
        0   259856   0.101E-01   0.518E+02   0.142E+00   0.820E+03
  OPTIMIZATION STUFF
      259856  -8.7123282518284793        114.14256117372143     
   6.1836799404652849       -14.896008192293763     
        0   260046  -0.105E-01   0.592E+02  -0.158E+00   0.928E+03
  OPTIMIZATION STUFF
      260046  -8.6111143490826763        111.39299357518878     
   6.1025980731333780       -14.713712422216055     
        0   260734   0.109E-01   0.657E+02   0.178E+00   0.108E+04
  OPTIMIZATION STUFF
      260734  -8.7547135440777346        115.60456874840136     
   6.2417593280695503       -14.996472872147285     
        0   261049  -0.229E-01   0.680E+02  -0.407E+00   0.105E+04
  OPTIMIZATION STUFF
      261049  -8.5823281933307989        110.68473443734496     
   6.0850946762810736       -14.667422869611872     
        0   260762   0.288E-01   0.687E+02   0.520E+00   0.108E+04
  OPTIMIZATION STUFF
      260762  -8.6906907305126122        114.01064499319509     
   6.2034296659007300       -14.894120396413342     
        0   260334  -0.166E-01   0.687E+02  -0.348E+00   0.111E+04
  OPTIMIZATION STUFF
      260334  -8.6712304241072431        113.53731514206711     
   6.1925017621397602       -14.863732186247002     
        0   261016  -0.581E-02   0.438E+07  -0.106E+00   0.722E+08
  OPTIMIZATION STUFF
      261016  -5695.2264703981673        6243155775.6962261     
   78808.122494747338       -84503.348965145502     
        0   260872   0.127E-01   0.721E+02   0.241E+00   0.116E+04
  OPTIMIZATION STUFF
      260872  -8.6265163752840532        112.26596676889196     
   6.1521688855108687       -14.778685260794923     
        0   261595  -0.136E-01   0.632E+02  -0.263E+00   0.998E+03
  OPTIMIZATION STUFF
      261595  -8.5652289150869176        110.02750098740029     
   6.0551097941787377       -14.620338709265656     
        0   260651   0.856E-02   0.619E+02   0.128E+00   0.963E+03
  OPTIMIZATION STUFF
      260651  -8.5997407872176037        111.14546111014691     
   6.0983538354881359       -14.698094622705739     
        0   262783  -0.663E-02   0.663E+02  -0.144E+00   0.104E+04
  OPTIMIZATION STUFF
      262783  -8.6213052017996183        111.76208277722128     
   6.1184294875927208       -14.739734689392339     
        0   262109   0.382E-02   0.637E+02   0.907E-01   0.948E+03
  OPTIMIZATION STUFF
      262109  -8.6761136105451317        113.13020153495376     
   6.1526623629017116       -14.828775973446843     
        0   262386  -0.983E-02   0.713E+02  -0.173E+00   0.107E+04
  OPTIMIZATION STUFF
      262386  -8.6376794921029276        112.38018775570379     
   6.1457856086433971       -14.783465100746325     
