   16544379.645248849     
   34767711.876559392     
   39846945.017358072     
   61801335.870690376     
   101903045.90738112     
   71294800.952896282     
   13358962.780895980     
   9681755.2026849352     
   7096551.5857680943     
   2936362.8349751998     
   2328444.8514276133     
   2131901.7800788637     
   1529185.9701769841     
   1657952.2841367046     
   1649291.2928252306     
   1193340.9024096071     
   992070.29437673301     
   618957.20328121772     
   795828.67042502086     
   783582.17609203502     
   616886.23081465403     
   530505.08231544110     
   606344.75146056165     
   476982.06538197468     
   459678.63078283594     
   537767.84495128971     
   559310.60132864851     
   395466.64414054307     
   454605.44345230114     
   514812.02889158361     
   514942.23606423079     
   475178.71373855730     
   461591.48895561695     
   428012.33435519069     
   621426.93084744643     
   432283.67535627657     
   402799.30834617064     
   370519.05376109265     
   374480.94185665197     
   408049.74508531083     
   376976.70017835317     
   425675.31482936954     
   471156.86290857708     
   426876.71479756245     
   411938.90174030792     
   374153.86726143939     
   454262.72163296508     
   551016.18617928925     
   385067.32811550878     
   353286.92702114710     
   416243.12768603879     
   408216.82504728541     
   431891.00578521332     
   438873.56071385107     
   413591.58282590733     
   397570.86669982783     
   312317.63024379604     
   352516.32570456160     
   427796.98790509556     
   334356.66942286649     
   338425.56292320724     
   390141.61529265880     
   317958.36935514968     
   300929.57392947271     
   324894.21878818294     
   357227.84190587176     
   359802.43879129697     
   377531.85329100525     
   415778.63105633884     
   305652.73118827504     
   364749.08974091377     
   319701.94858326553     
   351250.71847587021     
   348161.30922398710     
   343778.14041219465     
   354095.78594042605     
   400101.34070193773     
   387509.13265032921     
   301377.01690085855     
   427847.39848898666     
   340344.38404537999     
   371624.88601815712     
   325111.75598813291     
   317039.04238442908     
   373711.83309584233     
   311003.30983619869     
   335410.71786161553     
   383011.58342197147     
   399803.85616936843     
   349006.15618984308     
   378915.27059834421     
   361346.41348922544     
   330364.17881228187     
   363372.99119848048     
   314764.69415333756     
   290052.36673254741     
   288274.88097331236     
   378478.60582019237     
   362661.11020356492     
   424186.42356238078     
   336293.21215466555     
   400627.82813834038     
   340645.29283093411     
   325256.90349448478     
   387072.14659186976     
   289460.91680320451     
   340961.20887971908     
   380577.99148691568     
   336836.61483497790     
   386090.52215239324     
   273878.77983927936     
   416945.67196025403     
   322090.08137834608     
   292836.49813595164     
   359045.43518622278     
   286742.88572953350     
   322475.79387996229     
   282803.99811131938     
   307550.28278430772     
   259474.66694823132     
