tried moves    experiment_1   _      experiment_2    _                                                                                                                                                                                                                                                                                                                                                                                                                                                                          
        0   252171   0.201E+02   0.164E+10   0.461E+02   0.203E+11
  OPTIMIZATION STUFF
      252171   303416.24882261257        29401271035097.129     
   5413798.0766784735       -5110381.8278558608     
        0   257208   0.373E+01   0.666E+05   0.456E+02   0.209E+06
  OPTIMIZATION STUFF
      257208  -50.203168347885814        29907.236937212809     
   165.48981486800523       -215.69298321589105     
        0   257661  -0.698E-01   0.453E+05   0.368E+02   0.218E+06
  OPTIMIZATION STUFF
      257661  -119.91890922068787        75134.825183493784     
   246.48383394213548       -366.40274316282336     
        0   258403   0.119E+02   0.470E+05   0.121E+03   0.284E+06
  OPTIMIZATION STUFF
      258403  -251.47167911250247        213740.74475942235     
   387.94682543328139       -639.41850454578389     
        0   258407  -0.106E+02   0.478E+05  -0.408E+02   0.366E+06
  OPTIMIZATION STUFF
      258407  -327.47197532910423        309939.21120733715     
   450.22362952358651       -777.69560485269074     
        0   257806  -0.814E+01   0.424E+05  -0.333E+02   0.417E+06
  OPTIMIZATION STUFF
      257806  -402.87112866971989        439020.90053159359     
   526.03778782134998       -928.90891649106993     
        0   258132  -0.730E+01   0.113E+08  -0.595E+02   0.115E+09
  OPTIMIZATION STUFF
      258132  -3520.2751068695270        2845439423.8862500     
   53226.375858762025       -56746.650965631554     
        0   263001  -0.443E+01   0.308E+05  -0.482E+02   0.422E+06
  OPTIMIZATION STUFF
      263001  -246.16757576932378        187075.43668170011     
   355.63599553694553       -601.80357130626930     
        0   264251  -0.264E+01   0.110E+05  -0.296E+02   0.171E+06
  OPTIMIZATION STUFF
      264251  -110.69644152798291        34217.765057740202     
   148.20277625868573       -258.89921778666866     
        0   264955  -0.122E+01   0.381E+07  -0.190E+02   0.853E+08
  OPTIMIZATION STUFF
      264955  -3132.0778574575984        2455274600.6279340     
   49451.639901248549       -52583.717758706145     
        0   263811  -0.429E+00   0.117E+04  -0.856E+01   0.267E+05
  OPTIMIZATION STUFF
      263811  -39.871992969043745        3375.6606595803519     
   42.259730669478692       -82.131723638522431     
        0   263682  -0.727E-01   0.454E+03  -0.813E+00   0.118E+05
  OPTIMIZATION STUFF
      263682  -27.847468896611115        1482.6163341695456     
   26.592006509886048       -54.439475406497166     
        0   265053  -0.845E-01   0.247E+03  -0.188E+01   0.705E+04
  OPTIMIZATION STUFF
      265053  -20.690293117905107        774.65013925077119     
   18.616173343250210       -39.306466461155317     
        0   262471   0.662E-01   0.407E+03   0.250E+01   0.142E+05
  OPTIMIZATION STUFF
      262471  -18.260082235158571        687.68010968867429     
   18.821517113503912       -37.081599348662479     
        0   265144  -0.110E+00   0.150E+03  -0.389E+01   0.451E+04
  OPTIMIZATION STUFF
      265144  -15.704709738423491        421.04025789840244     
   13.206148186745022       -28.910857925168514     
        0   263194  -0.472E-03   0.119E+03   0.999E-01   0.348E+04
  OPTIMIZATION STUFF
      263194  -13.433619356310937        298.37368444879326     
   10.858708737163061       -24.292328093473998     
        0   263738   0.802E-02   0.961E+02   0.379E-01   0.276E+04
  OPTIMIZATION STUFF
      263738  -12.342261656606594        245.99798425415125     
   9.6781486583958767       -22.020410315002472     
        0   265330  -0.167E-01   0.888E+02  -0.676E+00   0.253E+04
  OPTIMIZATION STUFF
      265330  -11.548007826057527        212.98204814863541     
   8.9233157177110769       -20.471323543768605     
        0   264579  -0.570E-02   0.841E+02  -0.121E+00   0.224E+04
  OPTIMIZATION STUFF
      264579  -10.921591312897736        188.18682212927874     
   8.3009436405336139       -19.222534953431349     
        0   264164  -0.239E-02   0.722E+02  -0.100E+00   0.192E+04
  OPTIMIZATION STUFF
      264164  -10.572523089750000        175.10902939685920     
   7.9580641435943651       -18.530587233344363     
        0   265623   0.199E-03   0.870E+02  -0.892E-01   0.231E+04
  OPTIMIZATION STUFF
      265623  -10.323349509680170        166.51712514910741     
   7.7424531028669197       -18.065802612547088     
        0   262596   0.489E-03   0.742E+02  -0.683E-02   0.199E+04
  OPTIMIZATION STUFF
      262596  -10.112609315938606        158.75406156134662     
   7.5159293759679739       -17.628538691906581     
        0   263102  -0.942E-03   0.765E+02   0.482E-01   0.201E+04
  OPTIMIZATION STUFF
      263102  -9.9068376180973790        152.10239653506622     
   7.3455404800271076       -17.252378098124488     
        0   264225   0.121E-01   0.820E+02   0.188E+00   0.199E+04
  OPTIMIZATION STUFF
      264225  -9.8167009561873861        148.86999083401255     
   7.2458521355877954       -17.062553091775182     
        0   262833  -0.136E-01   0.610E+02  -0.337E+00   0.149E+04
  OPTIMIZATION STUFF
      262833  -9.4668587611163346        137.07364711512412     
   6.8885580720640673       -16.355416833180403     
        0   266986   0.330E-02   0.627E+02   0.271E-01   0.146E+04
  OPTIMIZATION STUFF
      266986  -9.5057116796151497        138.09175426858735     
   6.9089217489138983       -16.414633428529047     
        0   267045   0.484E-02   0.719E+02   0.163E+00   0.169E+04
  OPTIMIZATION STUFF
      267045  -9.3552000032386395        133.80702092120569     
   6.8034736584049069       -16.158673661643547     
        0   266549   0.435E-02   0.732E+02   0.179E-01   0.174E+04
  OPTIMIZATION STUFF
      266549  -9.3908529250812034        134.81075623662107     
   6.8280771507148978       -16.218930075796102     
        0   266088  -0.173E-01   0.644E+02  -0.382E+00   0.146E+04
  OPTIMIZATION STUFF
      266088  -9.3494589794257656        133.00538333633884     
   6.7522588907989718       -16.101717870224739     
        0   267394   0.821E-02   0.738E+02   0.114E+00   0.169E+04
  OPTIMIZATION STUFF
      267394  -9.2364470317134781        130.11205981817824     
   6.6932881342826942       -15.929735165996172     
        0   266887   0.192E-01   0.624E+02   0.409E+00   0.138E+04
  OPTIMIZATION STUFF
      266887  -9.2591766931886887        130.31462915377156     
   6.6769960399930559       -15.936172733181746     
        0   266592  -0.223E-01   0.768E+02  -0.452E+00   0.173E+04
  OPTIMIZATION STUFF
      266592  -9.3177931434173367        132.26177485958672     
   6.7409573352804708       -16.058750478697807     
        0   267441   0.136E-01   0.761E+02   0.273E+00   0.166E+04
  OPTIMIZATION STUFF
      267441  -9.0531975357589687        124.38267423129237     
   6.5132394866011261       -15.566437022360095     
        0   267201  -0.194E-02   0.658E+02  -0.665E-01   0.146E+04
  OPTIMIZATION STUFF
      267201  -9.0495197901895299        124.05061380322343     
   6.4928272247297230       -15.542347014919253     
        0   267621  -0.108E-01   0.627E+02  -0.217E+00   0.134E+04
  OPTIMIZATION STUFF
      267621  -9.1704600478590965        127.25948254840637     
   6.5697903360020931       -15.740250383861190     
        0   268677   0.791E-03   0.707E+02  -0.979E-01   0.153E+04
  OPTIMIZATION STUFF
      268677  -9.1383448169341026        126.75845937711279     
   6.5764058104656540       -15.714750627399756     
        0   268913   0.454E-02   0.713E+02   0.223E+00   0.148E+04
  OPTIMIZATION STUFF
      268913  -9.1161146042293648        126.06540330621340     
   6.5545295657865097       -15.670644170015875     
        0   267967   0.125E-01   0.765E+02   0.107E+00   0.163E+04
  OPTIMIZATION STUFF
      267967  -9.0943891430901189        125.33991987209089     
   6.5293189527036795       -15.623708095793798     
        0   267477  -0.133E-01   0.759E+02  -0.221E+00   0.152E+04
  OPTIMIZATION STUFF
      267477  -9.0354473219746563        123.56998786591555     
   6.4753903015753860       -15.510837623550042     
        0   266466  -0.337E-02   0.738E+02  -0.103E+00   0.152E+04
  OPTIMIZATION STUFF
      266466  -8.9017698531194593        119.69936696312958     
   6.3606493729196494       -15.262419226039109     
        0   267823   0.212E-02   0.650E+02   0.106E+00   0.138E+04
  OPTIMIZATION STUFF
      267823  -9.0557713813257763        123.85294512605587     
   6.4688445502436451       -15.524615931569421     
        0   259861   0.135E-01   0.652E+02   0.226E+00   0.137E+04
  OPTIMIZATION STUFF
      259861  -8.9349865298413444        120.49747344628449     
   6.3767930151321526       -15.311779544973497     
        0   265717  -0.803E-02   0.802E+02  -0.107E+00   0.165E+04
  OPTIMIZATION STUFF
      265717  -9.0110042284466143        122.84942026725537     
   6.4537758763511928       -15.464780104797807     
        0   265597  -0.140E-01   0.671E+02  -0.378E+00   0.133E+04
  OPTIMIZATION STUFF
      265597  -8.9072688460032268        119.44880587227904     
   6.3331956844313106       -15.240464530434537     
        0   266135   0.341E-02   0.588E+02   0.763E-01   0.114E+04
  OPTIMIZATION STUFF
      266135  -8.9145256226968108        119.68235677216471     
   6.3414185869130852       -15.255944209609897     
        0   267675  -0.323E-02   0.704E+02  -0.422E-01   0.137E+04
  OPTIMIZATION STUFF
      267675  -8.9448199146960476        120.84636603359856     
   6.3903491866450892       -15.335169101341137     
        0   265359   0.107E-01   0.662E+02   0.190E+00   0.132E+04
  OPTIMIZATION STUFF
      265359  -8.8763921765829821        118.74351996794832     
   6.3208529405013643       -15.197245117084346     
        0   266909   0.138E-01   0.730E+02   0.232E+00   0.146E+04
  OPTIMIZATION STUFF
      266909  -8.8490216019729555        118.19773434311460     
   6.3160550212083013       -15.165076623181257     
        0   267142  -0.185E-01   0.720E+02  -0.347E+00   0.139E+04
  OPTIMIZATION STUFF
      267142  -8.8904997921776197        119.22890163176845     
   6.3393939045509828       -15.229893696728602     
        0   266706   0.119E-02   0.800E+02  -0.310E-01   0.152E+04
  OPTIMIZATION STUFF
      266706  -8.9117227846472833        120.39020230175581     
   6.4008905092459027       -15.312613293893186     
        0   266495   0.638E-02   0.713E+02   0.173E+00   0.135E+04
  OPTIMIZATION STUFF
      266495  -8.9553289693869242        120.95707863059057     
   6.3842902252834568       -15.339619194670380     
        0   267198  -0.701E-02   0.762E+02  -0.121E+00   0.141E+04
  OPTIMIZATION STUFF
      267198  -8.9811695303723589        121.87680226757432     
   6.4199218168358918       -15.401091347208251     
        0   267284   0.928E-02   0.657E+02   0.121E+00   0.118E+04
  OPTIMIZATION STUFF
      267284  -8.8872452747892581        118.95328507609905     
   6.3221955444161209       -15.209440819205380     
        0   268737  -0.142E-02   0.627E+02   0.163E-01   0.114E+04
  OPTIMIZATION STUFF
      268737  -8.7768352166323886        115.80438610533025     
   6.2266804707975618       -15.003515687429950     
        0   266908   0.812E-02   0.694E+02   0.106E+00   0.130E+04
  OPTIMIZATION STUFF
      266908  -8.9268121378013099        119.87510340148062     
   6.3393318621037515       -15.266143999905061     
        0   266933  -0.114E-01   0.699E+02  -0.208E+00   0.129E+04
  OPTIMIZATION STUFF
      266933  -8.7979569324274021        116.44891022287301     
   6.2485889637601879       -15.046545896187590     
        0   266294  -0.231E-02   0.513E+07  -0.101E+00   0.964E+08
  OPTIMIZATION STUFF
      266294  -6186.4212511918240        7475286910.3507776     
   86238.130211951953       -92424.551463143784     
        0   265747   0.560E-02   0.705E+02   0.382E-01   0.131E+04
  OPTIMIZATION STUFF
      265747  -8.8790240338759698        118.94072931748380     
   6.3327451806729673       -15.211769214548937     
        0   264675  -0.220E-02   0.783E+02   0.412E-01   0.145E+04
  OPTIMIZATION STUFF
      264675  -8.8676568544965821        118.47679580409931     
   6.3120090078357061       -15.179665862332289     
        0   264824  -0.159E-02   0.623E+02  -0.522E-01   0.111E+04
  OPTIMIZATION STUFF
      264824  -8.7976208751838936        116.11131390076389     
   6.2219917098379733       -15.019612585021868     
        0   267248   0.242E-02   0.694E+02   0.342E-01   0.125E+04
  OPTIMIZATION STUFF
      267248  -8.8415333472027964        117.53818167751285     
   6.2741907643786030       -15.115724111581400     
        0   265169   0.161E-01   0.972E+02   0.330E+00   0.176E+04
  OPTIMIZATION STUFF
      265169  -8.8618317223617549        119.17860625047548     
   6.3754642791735856       -15.237296001535341     
        0   263008  -0.123E-02   0.736E+02  -0.650E-02   0.131E+04
  OPTIMIZATION STUFF
      263008  -8.8564695324684397        118.13106768489895     
   6.3003186510967213       -15.156788183565162     
        0   264313  -0.271E-01   0.761E+02  -0.567E+00   0.137E+04
  OPTIMIZATION STUFF
      264313  -8.8110335635286994        116.88981326922705     
   6.2654210402492341       -15.076454603777933     
        0   264159   0.138E-01   0.685E+02   0.273E+00   0.118E+04
  OPTIMIZATION STUFF
      264159  -8.8482669499091831        117.55159247634371     
   6.2657612833149452       -15.114028233224129     
        0   264590  -0.355E-02   0.773E+02  -0.730E-01   0.139E+04
  OPTIMIZATION STUFF
      264590  -8.8736903368451792        118.58558952786784     
   6.3121477591742359       -15.185838096019415     
        0   264188  -0.543E-03   0.708E+02  -0.402E-01   0.124E+04
  OPTIMIZATION STUFF
      264188  -8.8716151022340348        118.43491192404701     
   6.3031228293489576       -15.174737931582992     
        0   264278  -0.239E-02   0.686E+02   0.199E-01   0.124E+04
  OPTIMIZATION STUFF
      264278  -8.9222216210474503        119.80552987824581     
   6.3403068713713857       -15.262528492418836     
        0   264375   0.106E-01   0.741E+02   0.136E+00   0.129E+04
  OPTIMIZATION STUFF
      264375  -8.7952420051909161        116.40777880827964     
   6.2491196882764948       -15.044361693467412     
        0   267573  -0.366E-02   0.661E+02  -0.101E+00   0.111E+04
  OPTIMIZATION STUFF
      267573  -8.8433239579085079        117.59447128729700     
   6.2761526959418701       -15.119476653850377     
        0   260250  -0.176E-02   0.745E+02   0.107E-01   0.127E+04
  OPTIMIZATION STUFF
      260250  -8.8257294666900030        117.27454339140387     
   6.2754316801478813       -15.101161146837885     
        0   266217  -0.818E-03   0.770E+02  -0.256E-01   0.130E+04
  OPTIMIZATION STUFF
      266217  -8.7606928401058273        115.17444082239348     
   6.1987661501069686       -14.959458990212795     
        0   267339   0.107E-01   0.721E+02   0.184E+00   0.120E+04
  OPTIMIZATION STUFF
      267339  -8.8215275004948790        117.15346535986374     
   6.2716917907273082       -15.093219291222187     
        0   264850   0.433E-02   0.754E+02   0.944E-01   0.133E+04
  OPTIMIZATION STUFF
      264850  -8.8226531270707973        117.28867219368425     
   6.2808808293958363       -15.103533956466634     
        0   266222  -0.121E-01   0.765E+02  -0.283E+00   0.132E+04
  OPTIMIZATION STUFF
      266222  -8.7538706745756230        115.24758611412814     
   6.2142846995396877       -14.968155374115311     
        0   265989   0.718E-02   0.716E+02   0.185E+00   0.123E+04
  OPTIMIZATION STUFF
      265989  -8.7993503161669011        116.34855738898213     
   6.2385888951232866       -15.037939211290187     
        0   263236  -0.996E-02   0.788E+02  -0.323E+00   0.131E+04
  OPTIMIZATION STUFF
      263236  -8.8285814049724483        117.21313097538858     
   6.2665206734808816       -15.095102078453330     
        0   265247   0.468E-02   0.816E+02   0.166E+00   0.137E+04
  OPTIMIZATION STUFF
      265247  -8.8098422524294744        116.59103390328690     
   6.2432133865979038       -15.053055639027377     
        0   264551   0.540E-02   0.774E+02   0.110E+00   0.123E+04
  OPTIMIZATION STUFF
      264551  -8.8099619117694097        116.60712924422928     
   6.2443334598179145       -15.054295371587324     
        0   265382  -0.875E-02   0.845E+02  -0.178E+00   0.135E+04
  OPTIMIZATION STUFF
      265382  -8.8886251279023671        119.16156928253152     
   6.3367114987313524       -15.225336626633720     
        0   263730  -0.108E-02   0.727E+02  -0.706E-02   0.126E+04
  OPTIMIZATION STUFF
      263730  -8.7706751458149075        115.83406446623469     
   6.2377337192941589       -15.008408865109066     
        0   263442  -0.571E-02   0.824E+02  -0.109E+00   0.133E+04
  OPTIMIZATION STUFF
      263442  -8.8274685915534015        117.53132444037456     
   6.2934189996783756       -15.120887591231778     
        0   265054   0.484E-02   0.828E+02   0.960E-01   0.134E+04
  OPTIMIZATION STUFF
      265054  -8.7813657589112193        116.18725631409683     
   6.2509896594314105       -15.032355418342629     
        0   263079   0.267E-01   0.780E+02   0.426E+00   0.125E+04
  OPTIMIZATION STUFF
      263079  -8.7972408612597146        116.51776877062771     
   6.2551036761679768       -15.052344537427691     
        0   264821  -0.278E-01   0.788E+02  -0.530E+00   0.129E+04
  OPTIMIZATION STUFF
      264821  -8.8664845723674190        118.32153388738548     
   6.3013478887739591       -15.167832461141378     
        0   265076   0.962E-02   0.726E+02   0.184E+00   0.119E+04
  OPTIMIZATION STUFF
      265076  -8.7990585294686188        116.49203243409116     
   6.2504880952671771       -15.049546624735797     
        0   266301  -0.624E-03   0.716E+02  -0.442E-01   0.114E+04
  OPTIMIZATION STUFF
      266301  -8.8036347933409669        116.43937563590165     
   6.2398229190721430       -15.043457712413110     
        0   264904  -0.527E-02   0.745E+02  -0.497E-01   0.116E+04
  OPTIMIZATION STUFF
      264904  -8.8042486617179119        116.46196726902565     
   6.2407670018727668       -15.045015663590679     
        0   265342   0.196E-01   0.703E+02   0.347E+00   0.111E+04
  OPTIMIZATION STUFF
      265342  -8.7194778125100321        114.04028096507486     
   6.1653051540228025       -14.884782966532836     
        0   266677  -0.703E-02   0.756E+02  -0.198E+00   0.115E+04
  OPTIMIZATION STUFF
      266677  -8.7496001104380259        114.89912457594548     
   6.1922227417437403       -14.941822852181765     
        0   264823  -0.593E-02   0.786E+02  -0.369E-01   0.118E+04
  OPTIMIZATION STUFF
      264823  -8.8247847868255587        117.17222793831054     
   6.2686044223991928       -15.093389209224751     
        0   263705  -0.841E-02   0.694E+02  -0.125E+00   0.106E+04
  OPTIMIZATION STUFF
      263705  -8.9321860497186965        119.99808120649328     
   6.3414614703318977       -15.273647520050595     
        0   264246   0.313E-02   0.805E+02  -0.610E-01   0.126E+04
  OPTIMIZATION STUFF
      264246  -8.8158419139365432        116.87212236489472     
   6.2572401035420073       -15.073082017478551     
        0   265013   0.150E-02   0.704E+02   0.126E+00   0.112E+04
  OPTIMIZATION STUFF
      265013  -8.8228224509533799        116.85574128685622     
   6.2460823950544562       -15.068904846007836     
        0   265293  -0.435E-02   0.716E+02  -0.149E+00   0.111E+04
  OPTIMIZATION STUFF
      265293  -8.8190223575348110        117.21931051835774     
   6.2804581979071310       -15.099480555441943     
        0   264767   0.901E-02   0.694E+02   0.148E+00   0.106E+04
  OPTIMIZATION STUFF
      264767  -8.6663416007375158        112.50699890383271     
   6.1156783894478144       -14.782019990185329     
        0   265347  -0.420E-03   0.780E+02  -0.498E-02   0.116E+04
  OPTIMIZATION STUFF
      265347  -8.9176320512541238        119.68933590925688     
   6.3376000589893682       -15.255232110243492     
        0   266282   0.943E-02   0.104E+03   0.105E+00   0.161E+04
  OPTIMIZATION STUFF
      266282  -8.9846831885233751        122.79616220766522     
   6.4862647347707485       -15.470947923294123     
        0   266401  -0.701E-02   0.739E+02  -0.136E+00   0.109E+04
  OPTIMIZATION STUFF
      266401  -8.7777424966212099        115.64516031107219     
   6.2125998562664764       -14.990342352887687     
        0   265959   0.969E-02   0.738E+02   0.156E+00   0.111E+04
  OPTIMIZATION STUFF
      265959  -8.7659521613894800        115.61677502415705     
   6.2269460996854757       -14.992898261074956     
        0   264818  -0.219E-01   0.878E+02  -0.293E+00   0.132E+04
  OPTIMIZATION STUFF
      264818  -8.8950492847363645        119.21847849957854     
   6.3321857775723567       -15.227235062308722     
        0   265395   0.682E-02   0.803E+02   0.116E+00   0.123E+04
  OPTIMIZATION STUFF
      265395  -8.7878987406893057        116.15511960677890     
   6.2392271420561540       -15.027125882745459     
        0   265472  -0.965E-02   0.781E+02  -0.225E+00   0.113E+04
  OPTIMIZATION STUFF
      265472  -8.8735313637523863        118.65121042313956     
   6.3175669018730840       -15.191098265625470     
        0   264939   0.166E-01   0.814E+02   0.281E+00   0.121E+04
  OPTIMIZATION STUFF
      264939  -8.7652147987212050        115.68464875538675     
   6.2334306996761848       -14.998645498397391     
        0   258427  -0.139E-02   0.796E+02   0.987E-02   0.112E+04
  OPTIMIZATION STUFF
      258427  -8.8066722756726072        116.68293873406550     
   6.2550349449835183       -15.061707220656125     
        0   264164   0.765E-03   0.694E+02  -0.374E-01   0.100E+04
  OPTIMIZATION STUFF
      264164  -8.8791514280518360        118.64034677885255     
   6.3088046963412641       -15.187956124393100     
        0   263998  -0.382E-02   0.866E+02  -0.104E+00   0.125E+04
  OPTIMIZATION STUFF
      263998  -8.9066869613425332        119.66675695864046     
   6.3511955040993167       -15.257882465441849     
        0   264715  -0.190E-02   0.853E+02   0.125E-01   0.126E+04
  OPTIMIZATION STUFF
      264715  -8.8481590809864574        117.82763166851150     
   6.2879020782824213       -15.136061159268879     
        0   265066   0.364E-02   0.732E+02   0.275E-01   0.103E+04
  OPTIMIZATION STUFF
      265066  -8.6848340717459216        113.15316056544414     
   6.1422160261330196       -14.827050097878942     
        0   264529  -0.916E-02   0.740E+02  -0.181E+00   0.102E+04
  OPTIMIZATION STUFF
      264529  -8.7231149042243441        114.38375724383110     
   6.1879741120604415       -14.911089016284786     
        0   264997   0.134E-01   0.782E+02   0.300E+00   0.108E+04
  OPTIMIZATION STUFF
      264997  -8.7188295705049459        114.03105818189165     
   6.1654739560215637       -14.884303526526509     
        0   265709   0.297E-02   0.786E+02   0.373E-01   0.107E+04
  OPTIMIZATION STUFF
      265709  -8.7734538484223670        115.65720827237369     
   6.2196234485679636       -14.993077296990331     
        0   265480   0.687E-02   0.823E+02   0.942E-02   0.112E+04
  OPTIMIZATION STUFF
      265480  -8.8840220871869793        118.67764286785543     
   6.3049024117926944       -15.188924498979674     
        0   265087  -0.122E-02   0.814E+02  -0.132E-01   0.110E+04
  OPTIMIZATION STUFF
      265087  -8.8741278885492960        118.61945119343874     
   6.3142145521917730       -15.188342440741069     
        0   265383  -0.396E-02   0.863E+02  -0.552E-01   0.117E+04
  OPTIMIZATION STUFF
      265383  -8.8908788288953975        119.01034755841414     
   6.3215995767142470       -15.212478405609644     
        0   265036  -0.202E-01   0.886E+02  -0.289E+00   0.124E+04
  OPTIMIZATION STUFF
      265036  -8.8688142705492101        118.44907421724130     
   6.3081857654752040       -15.177000036024413     
        0   265015   0.130E-01   0.888E+02   0.190E+00   0.118E+04
  OPTIMIZATION STUFF
      265015  -8.8672436417707292        118.49312980653723     
   6.3138831161190971       -15.181126757889826     
        0   264391  -0.388E-02   0.790E+02  -0.397E-01   0.104E+04
  OPTIMIZATION STUFF
      264391  -8.8465904380984668        117.58025946583152     
   6.2704144270037130       -15.117004865102180     
        0   265233   0.325E-01   0.768E+02   0.336E+00   0.106E+04
  OPTIMIZATION STUFF
      265233  -8.7982575062297190        116.23219484460084     
   6.2307992824896266       -15.029056788719345     
        0   264725  -0.289E-01   0.723E+02  -0.295E+00   0.932E+03
  OPTIMIZATION STUFF
      264725  -8.7024599035657104        113.44719892863684     
   6.1412043245171324       -14.843664228082844     
