   16696548.976481155     
   29377888.125502706     
   38854423.424563549     
   73128301.799257815     
   59862350.857723817     
   49169048.019674651     
   31932284.662063468     
   18096372.887370225     
   9583830.0126466639     
   4215720.0574147552     
   1843275.8694457684     
   1609694.1024372515     
   1089827.4167623611     
   1763246.0037936831     
   703377.07722016308     
   729493.98858852033     
   741622.89460623520     
   557775.57333978405     
   524201.54583204346     
   497092.46699881373     
   473478.79116663686     
   471780.29591153085     
   484199.59917832998     
   537097.45286608383     
   445033.08219513897     
   453133.37788249471     
   497964.69524149591     
   503900.32922531164     
   397664.30826856161     
   430245.95646642009     
   544613.82705891144     
   418151.00073413440     
   494802.33134993498     
   476469.90565704205     
   415565.79828684620     
   389466.61367761740     
   450521.31162813870     
   482679.69407261891     
   419973.72179523337     
   391674.32282764808     
   420545.56946100690     
   482879.64858393290     
   452294.95724220946     
   348308.46649460477     
   369526.10654267832     
   357342.85656698223     
   410665.63926678401     
   476408.22031732154     
   378686.95772150258     
   370708.94396895083     
   418589.38666054443     
   384369.85627788724     
   419102.72063947492     
   423089.34254538279     
   453396.37240158487     
   394724.45489366393     
   367143.75915345119     
   378803.65550994535     
   389127.65167356795     
   374870.33290116058     
   384658.13585475396     
   476353.09789157734     
   474318.79037220543     
   317417.55185554869     
   393056.06555847981     
   372777.80143194873     
   362001.42160953511     
   366668.22605741466     
   405535.82192642026     
   377386.35490658495     
   379708.02728877228     
   372721.60568464216     
   424624.57704409258     
   450785.34559595928     
   372295.27271654189     
   423259.97137789277     
   335661.08784051239     
   380975.36843185051     
   411438.76154801133     
   361936.32503626269     
   359817.10710564989     
   329646.49773141969     
   356406.88521144248     
   475481.22443448979     
   327854.00040911138     
   379060.12839013996     
   367138.37315353070     
   352585.78569574346     
   449813.01636125386     
   395201.03658301343     
   383874.75702846044     
   348612.14194735716     
   333306.64031040366     
   367182.84992629179     
   326559.16036399140     
   368176.38520226855     
   366720.01735484140     
   397279.99386837200     
   359189.95296427800     
   403228.60478792712     
   319799.64975632750     
   352512.83967805275     
   290202.14417488669     
   369024.31122087536     
   371208.97715381952     
   361507.71979221725     
   333137.16962094413     
   335933.80428227730     
   344193.84402950411     
   293842.76002651820     
   376929.65070626896     
   387667.65179442777     
   391972.75650840154     
   388162.44603431644     
   372446.04315558635     
   290496.17254752212     
   344306.76245454128     
   332795.69673430349     
   430386.67772820411     
   344751.83422828204     
