tried moves    experiment_1   _      experiment_2    _                                                                                                                                                                                                                                                                                                                                                                                                                                                                          
        0   254409   0.197E+02   0.862E+09   0.580E+02   0.919E+10
  OPTIMIZATION STUFF
      254409   153178.69200288833        7779585354576.4385     
   2784981.4439045591       -2631802.7519016708     
        0   259243  -0.532E+00   0.370E+05   0.496E+02   0.168E+06
  OPTIMIZATION STUFF
      259243  -77.781593509754032        44042.842110293546     
   194.91758725517033       -272.69918076492434     
        0   260226   0.190E+00   0.484E+05   0.428E+02   0.315E+06
  OPTIMIZATION STUFF
      260226  -204.74804753898627        146898.80000196226     
   324.00160035242925       -528.74964789141552     
        0   264578   0.122E+02   0.507E+05   0.133E+03   0.430E+06
  OPTIMIZATION STUFF
      264578  -288.53402534316854        245637.46398356193     
   402.97094213209681       -691.50496747526540     
        0   265790  -0.142E+02   0.568E+05  -0.100E+03   0.562E+06
  OPTIMIZATION STUFF
      265790  -353.31620467544991        349814.01911863848     
   474.32233621491417       -827.63854089036408     
        0   261754  -0.540E+01   0.540E+05  -0.471E+02   0.646E+06
  OPTIMIZATION STUFF
      261754  -385.79601517016528        405327.65731678845     
   506.44752146259935       -892.24353663276463     
        0   265309  -0.487E+00   0.376E+05   0.299E+02   0.530E+06
  OPTIMIZATION STUFF
      265309  -278.63669244490086        227852.56266200202     
   387.57471058541438       -666.21140303031530     
        0   266066  -0.924E+01   0.289E+05  -0.134E+03   0.476E+06
  OPTIMIZATION STUFF
      266066  -167.55420037090693        91580.991355911028     
   252.00512156298927       -419.55932193389617     
        0   264980  -0.154E+00   0.628E+04   0.572E-01   0.119E+06
  OPTIMIZATION STUFF
      264980  -80.490959661142014        16071.891280916978     
   97.944355088720584       -178.43531474986258     
        0   265868  -0.702E+00   0.347E+04  -0.121E+02   0.780E+05
  OPTIMIZATION STUFF
      265868  -53.067001809353002        6683.4484540648218     
   62.187955208633021       -115.25495701798602     
        0   265526  -0.169E+00   0.168E+04  -0.243E+01   0.418E+05
  OPTIMIZATION STUFF
      265526  -41.921073087770836        3695.6689241361451     
   44.026044056966107       -85.947117144736950     
        0   264263  -0.140E+00   0.851E+03  -0.311E+01   0.233E+05
  OPTIMIZATION STUFF
      264263  -31.763750960330292        2039.6496256271594     
   32.104730968461269       -63.868481928791560     
        0   264670  -0.854E-01   0.559E+03  -0.278E+01   0.159E+05
  OPTIMIZATION STUFF
      264670  -25.653105172547203        1259.7813583323339     
   24.529564882781060       -50.182670055328259     
        0   265444  -0.207E-01   0.374E+03  -0.182E+00   0.120E+05
  OPTIMIZATION STUFF
      265444  -22.250952370390337        925.04521070492672     
   20.735002515445888       -42.985954885836222     
        0   264818  -0.819E-01   0.243E+03  -0.241E+01   0.736E+04
  OPTIMIZATION STUFF
      264818  -18.846757398752146        632.35137928320512     
   16.647856163355879       -35.494613562108029     
        0   264850  -0.558E-02   0.241E+03   0.893E-01   0.788E+04
  OPTIMIZATION STUFF
      264850  -17.278514311404720        536.61138543013067     
   15.429333382253200       -32.707847693657918     
        0   264755  -0.191E-01   0.155E+03  -0.616E+00   0.502E+04
  OPTIMIZATION STUFF
      264755  -15.482994248900246        411.69823501006380     
   13.113928629460574       -28.596922878360822     
        0   264507  -0.248E-01   0.100E+03  -0.748E+00   0.326E+04
  OPTIMIZATION STUFF
      264507  -13.790801402827643        318.47267419254774     
   11.326361766265231       -25.117163169092876     
        0   264103   0.519E-02   0.107E+03   0.215E+00   0.362E+04
  OPTIMIZATION STUFF
      264103  -13.051389884920335        282.63426691034613     
   10.596956590556804       -23.648346475477140     
        0   264378  -0.292E-01   0.871E+02  -0.941E+00   0.275E+04
  OPTIMIZATION STUFF
      264378  -12.098067514045496        238.87336520519881     
   9.6182185268788647       -21.716286040924359     
        0   264518   0.101E-01   0.703E+02   0.175E+00   0.222E+04
  OPTIMIZATION STUFF
      264518  -11.490793420885252        212.44495429415880     
   8.9669738960643244       -20.457767316949578     
        0   264601  -0.142E-01   0.676E+02  -0.346E+00   0.219E+04
  OPTIMIZATION STUFF
      264601  -10.813744314339827        186.42014945059012     
   8.3356513455562169       -19.149395659896044     
        0   264490   0.461E-02   0.639E+02   0.600E-01   0.202E+04
  OPTIMIZATION STUFF
      264490  -10.579272003814850        177.87346760100144     
   8.1211126990271953       -18.700384702842044     
        0   265136   0.337E-02   0.656E+02   0.143E-01   0.202E+04
  OPTIMIZATION STUFF
      265136  -10.288860329595375        167.15865368651933     
   7.8293043627513859       -18.118164692346760     
        0   264158  -0.275E-02   0.707E+02   0.372E-01   0.216E+04
  OPTIMIZATION STUFF
      264158  -9.9751496101679749        156.19288069040309     
   7.5292277788076509       -17.504377388975627     
        0   264110  -0.679E-02   0.616E+02  -0.196E+00   0.180E+04
  OPTIMIZATION STUFF
      264110  -9.9540628256206904        154.85314545372057     
   7.4679166249575131       -17.421979450578203     
        0   265114   0.107E-01   0.526E+02   0.224E+00   0.168E+04
  OPTIMIZATION STUFF
      265114  -9.6549573939425333        144.67257110187273     
   7.1731700679007426       -16.828127461843277     
        0   264787  -0.246E-02   0.571E+02  -0.339E-01   0.170E+04
  OPTIMIZATION STUFF
      264787  -9.4995094778025866        139.89656131759818     
   7.0466929121920030       -16.546202389994590     
        0   264517  -0.143E-01   0.569E+02  -0.523E+00   0.165E+04
  OPTIMIZATION STUFF
      264517  -9.2893206712234413        133.14098189891448     
   6.8446697046749705       -16.133990375898414     
        0   264444   0.975E-02   0.613E+02   0.365E+00   0.188E+04
  OPTIMIZATION STUFF
      264444  -9.4387651351210966        138.15733661811933     
   7.0047876015009729       -16.443552736622070     
        0   264657   0.337E-02   0.571E+02   0.198E-01   0.160E+04
  OPTIMIZATION STUFF
      264657  -9.4306248076619923        136.99109277377991     
   6.9321287142471704       -16.362753521909163     
        0   264837  -0.959E-02   0.480E+02  -0.268E+00   0.141E+04
  OPTIMIZATION STUFF
      264837  -9.1599020180503690        128.40615263370859     
   6.6710079938061355       -15.830910011856504     
        0   264887   0.111E-01   0.549E+02   0.281E+00   0.160E+04
  OPTIMIZATION STUFF
      264887  -9.1534628001052329        128.44822280901283     
   6.6829889702215208       -15.836451770326754     
        0   264260  -0.107E-01   0.501E+02  -0.343E+00   0.141E+04
  OPTIMIZATION STUFF
      264260  -9.0701125175470274        125.72215030195717     
   6.5920565244082896       -15.662169041955316     
        0   264558   0.592E-02   0.516E+02   0.186E+00   0.144E+04
  OPTIMIZATION STUFF
      264558  -9.0579591640579817        125.42445511632302     
   6.5861848515343882       -15.644144015592371     
        0   264069   0.271E-02   0.549E+02  -0.358E-01   0.150E+04
  OPTIMIZATION STUFF
      264069  -9.0007551903587757        123.59667640426883     
   6.5255714238293638       -15.526326614188140     
        0   264155  -0.111E-01   0.542E+02  -0.207E+00   0.146E+04
  OPTIMIZATION STUFF
      264155  -9.1119291141711063        126.89668191164637     
   6.6234001638106781       -15.735329277981783     
        0   264382   0.131E-01   0.536E+02   0.273E+00   0.134E+04
  OPTIMIZATION STUFF
      264382  -8.9562971619224108        122.29901068909625     
   6.4871990748270409       -15.443496236749452     
        0   265201  -0.739E-02   0.583E+02  -0.193E+00   0.151E+04
  OPTIMIZATION STUFF
      265201  -8.9822518269229086        123.24011902527262     
   6.5237467105193998       -15.505998537442309     
        0   266877   0.606E-02   0.527E+02   0.168E+00   0.134E+04
  OPTIMIZATION STUFF
      266877  -8.8770084970711363        119.59068488662820     
   6.3866583617377755       -15.263666858808911     
        0   264348   0.239E-02   0.594E+02  -0.938E-02   0.154E+04
  OPTIMIZATION STUFF
      264348  -8.8634658565528195        119.47258018707473     
   6.3962139736563781       -15.259679830209198     
        0   264341   0.999E-02   0.549E+02   0.274E+00   0.142E+04
  OPTIMIZATION STUFF
      264341  -8.8448586353563243        118.95442526764262     
   6.3814497559884682       -15.226308391344793     
        0   264256  -0.105E-01   0.541E+02  -0.321E+00   0.133E+04
  OPTIMIZATION STUFF
      264256  -8.8081517498140194        117.81935290305223     
   6.3431707887538753       -15.151322538567895     
        0   264428  -0.834E-02   0.566E+02  -0.203E+00   0.141E+04
  OPTIMIZATION STUFF
      264428  -8.9017349287207956        120.58864309086690     
   6.4302222628505676       -15.331957191571362     
        0   263568  -0.779E-02   0.610E+02  -0.245E+00   0.151E+04
  OPTIMIZATION STUFF
      263568  -8.8632909522465031        119.34889294361149     
   6.3867806005402095       -15.250071552786713     
        0   264828   0.120E-01   0.563E+02   0.387E+00   0.139E+04
  OPTIMIZATION STUFF
      264828  -8.7286329631515471        115.31786741371607     
   6.2553044696721454       -14.983937432823693     
        0   264444  -0.476E-02   0.523E+02  -0.116E+00   0.126E+04
  OPTIMIZATION STUFF
      264444  -8.7919707708694315        117.08217676596747     
   6.3074104615242099       -15.099381232393641     
        0   264632   0.130E-01   0.493E+02   0.267E+00   0.109E+04
  OPTIMIZATION STUFF
      264632  -8.8483871368900644        118.52438237933382     
   6.3427460500206267       -15.191133186910690     
        0   265397  -0.116E-01   0.504E+02  -0.353E+00   0.120E+04
  OPTIMIZATION STUFF
      265397  -8.7585120092818887        115.99677356533358     
   6.2677939459269494       -15.026305955208837     
        0   264119   0.106E-01   0.534E+02   0.249E+00   0.125E+04
  OPTIMIZATION STUFF
      264119  -8.7280851337140284        115.07425187587182     
   6.2365681087046578       -14.964653242418686     
        0   263897  -0.267E-02   0.471E+02  -0.340E-01   0.112E+04
  OPTIMIZATION STUFF
      263897  -8.6242060288500522        112.23305555159936     
   6.1527332075709067       -14.776939236420958     
        0   264509  -0.108E-01   0.546E+02  -0.296E+00   0.123E+04
  OPTIMIZATION STUFF
      264509  -8.7229127058229547        114.92055066571412     
   6.2314801285333949       -14.954392834356350     
        0   264924   0.796E-02   0.482E+02   0.158E+00   0.113E+04
  OPTIMIZATION STUFF
      264924  -8.7285300952607852        115.12989900086122     
   6.2404055458750411       -14.968935641135825     
        0   265128   0.178E-01   0.511E+02   0.415E+00   0.120E+04
  OPTIMIZATION STUFF
      265128  -8.8388218808728762        118.23503512728561     
   6.3332663677985694       -15.172088248671447     
        0   264861  -0.918E-02   0.545E+02  -0.221E+00   0.121E+04
  OPTIMIZATION STUFF
      264861  -8.7875739300260403        116.77800235374771     
   6.2893995562433789       -15.076973486269420     
        0   264531  -0.713E-02   0.501E+02  -0.133E+00   0.114E+04
  OPTIMIZATION STUFF
      264531  -8.6489934369213195        112.75032588758256     
   6.1599706505530127       -14.808964087474333     
        0   264747   0.146E-01   0.565E+02   0.291E+00   0.126E+04
  OPTIMIZATION STUFF
      264747  -8.7656721601988323        116.22910057733093     
   6.2763119869272010       -15.041984147126033     
        0   265493  -0.167E-01   0.584E+02  -0.435E+00   0.129E+04
  OPTIMIZATION STUFF
      265493  -8.6984218108317179        114.30332901627145     
   6.2161714114974744       -14.914593222329191     
        0   264111   0.747E-02   0.570E+02   0.172E+00   0.127E+04
  OPTIMIZATION STUFF
      264111  -8.7170847763811334        114.89266502814166     
   6.2373951317457790       -14.954479908126913     
        0   264969  -0.259E-02   0.550E+02  -0.103E+00   0.116E+04
  OPTIMIZATION STUFF
      264969  -8.7643315998575595        115.96202541100982     
   6.2568775774141567       -15.021209177271716     
        0   264869   0.305E-02   0.601E+02   0.144E+00   0.125E+04
  OPTIMIZATION STUFF
      264869  -8.7848612017014904        116.85899101513381     
   6.2996194077081880       -15.084480609409677     
        0   264342  -0.579E-02   0.572E+02  -0.124E+00   0.123E+04
  OPTIMIZATION STUFF
      264342  -8.5235817326079353        109.31456360398718     
   6.0550076838547024       -14.578589416462638     
        0   264310   0.616E-02   0.541E+02   0.881E-02   0.118E+04
  OPTIMIZATION STUFF
      264310  -8.7128146554832444        114.53443682074513     
   6.2146035754456239       -14.927418230928868     
        0   263779  -0.901E-02   0.620E+02  -0.157E+00   0.131E+04
  OPTIMIZATION STUFF
      263779  -8.6875848605371786        113.96288465103068     
   6.2039305236274114       -14.891515384164590     
        0   263837  -0.140E-02   0.536E+02  -0.348E-01   0.112E+04
  OPTIMIZATION STUFF
      263837  -8.6982784484615543        114.14940772224310     
   6.2039793483918322       -14.902257796853387     
        0   264186   0.168E-01   0.594E+02   0.378E+00   0.124E+04
  OPTIMIZATION STUFF
      264186  -8.7153291062154405        114.81695469520008     
   6.2337784100458729       -14.949107516261314     
        0   263973  -0.183E-01   0.569E+02  -0.367E+00   0.109E+04
  OPTIMIZATION STUFF
      263973  -8.7364915206296949        115.10673165844443     
   6.2273949263243189       -14.963886446954014     
        0   263900   0.556E-02   0.550E+02   0.106E+00   0.111E+04
  OPTIMIZATION STUFF
      263900  -8.5435301211212007        109.82518126916371     
   6.0690422917177358       -14.612572412838936     
        0   263604   0.101E-01   0.586E+02   0.153E+00   0.119E+04
  OPTIMIZATION STUFF
      263604  -8.6821854387626587        113.69032846148760     
   6.1895059955076590       -14.871691434270318     
        0   264236  -0.111E-01   0.600E+02  -0.227E+00   0.129E+04
  OPTIMIZATION STUFF
      264236  -8.6752086964272159        113.90674475847760     
   6.2167112553110595       -14.891919951738275     
        0   264306   0.382E-04   0.603E+02  -0.205E-01   0.116E+04
  OPTIMIZATION STUFF
      264306  -8.7451285836883752        115.70967553423030     
   6.2635773795002203       -15.008705963188596     
        0   264122   0.666E-02   0.601E+02   0.572E-01   0.120E+04
  OPTIMIZATION STUFF
      264122  -8.6659968411179644        113.06232043805224     
   6.1613975028223669       -14.827394343940330     
        0   265205   0.206E-02   0.565E+02   0.344E-01   0.115E+04
  OPTIMIZATION STUFF
      265205  -8.6226064928204256        111.95260660895912     
   6.1321500209086661       -14.754756513729092     
        0   263961  -0.746E-02   0.598E+02  -0.562E-01   0.113E+04
  OPTIMIZATION STUFF
      263961  -8.7159900830618593        114.63124060037663     
   6.2179383618964863       -14.933928444958346     
        0   264015  -0.523E-02   0.672E+02  -0.227E+00   0.126E+04
  OPTIMIZATION STUFF
      264015  -8.6433464447721740        112.96734289566176     
   6.1854591689951350       -14.828805613767308     
        0   265840   0.368E-02   0.593E+02   0.145E+00   0.116E+04
  OPTIMIZATION STUFF
      265840  -8.6093663850536135        111.56006391772907     
   6.1187314343446992       -14.728097819398313     
        0   264609   0.352E-02   0.598E+02   0.289E-01   0.115E+04
  OPTIMIZATION STUFF
      264609  -8.6501492821582691        112.70559534558424     
   6.1547146759180498       -14.804863958076318     
        0   264720   0.511E-02   0.640E+02   0.140E+00   0.125E+04
  OPTIMIZATION STUFF
      264720  -8.6299733524824340        112.50626200246977     
   6.1668324071530334       -14.796805759635468     
        0   264484   0.970E-02   0.667E+02   0.733E-01   0.129E+04
  OPTIMIZATION STUFF
      264484  -8.6896387110310656        114.00277448108963     
   6.2042689781182112       -14.893907689149277     
        0   264489  -0.243E-01   0.612E+02  -0.383E+00   0.110E+04
  OPTIMIZATION STUFF
      264489  -8.5737387449500790        110.60537032264652     
   6.0906792934769083       -14.664418038426987     
        0   264364   0.907E-02   0.583E+02   0.173E+00   0.110E+04
  OPTIMIZATION STUFF
      264364  -8.6931028620478425        113.90088847095767     
   6.1911914120638585       -14.884294274111701     
        0   264241   0.250E-02   0.599E+02   0.897E-03   0.110E+04
  OPTIMIZATION STUFF
      264241  -8.7021876857575045        114.13035564372173     
   6.1969577314656732       -14.899145417223178     
        0   264148   0.722E-02   0.638E+02   0.256E+00   0.121E+04
  OPTIMIZATION STUFF
      264148  -8.6221428184999827        111.89200071279646     
   6.1278588373252880       -14.750001655825271     
        0   263991   0.192E-02   0.622E+02  -0.942E-01   0.117E+04
  OPTIMIZATION STUFF
      263991  -8.7214211988479917        114.81288394458642     
   6.2249253984984652       -14.946346597346457     
        0   263979  -0.102E-02   0.728E+02   0.454E-01   0.135E+04
  OPTIMIZATION STUFF
      263979  -8.6830631783250691        113.92226094681993     
   6.2069859664764246       -14.890049144801495     
        0   264347  -0.495E-02   0.640E+02  -0.162E+00   0.120E+04
  OPTIMIZATION STUFF
      264347  -8.5739607414359398        110.58132381495000     
   6.0883923181136463       -14.662353059549586     
        0   264537  -0.105E-01   0.587E+02  -0.189E+00   0.107E+04
  OPTIMIZATION STUFF
      264537  -8.6417009823308373        112.63079696233278     
   6.1605033150153421       -14.802204297346179     
        0   265448   0.102E-01   0.611E+02   0.145E+00   0.112E+04
  OPTIMIZATION STUFF
      265448  -8.5627885466358435        110.29953869045005     
   6.0809695769714276       -14.643758123607270     
        0   265794  -0.114E-01   0.711E+02  -0.213E+00   0.124E+04
  OPTIMIZATION STUFF
      265794  -8.6133111433605158        111.99200079968639     
   6.1484040162751139       -14.761715159635630     
        0   265873   0.355E-02   0.594E+02   0.111E+00   0.108E+04
  OPTIMIZATION STUFF
      265873  -8.7237313865700905        114.78845085722986     
   6.2197235913022491       -14.943454977872339     
        0   265455   0.100E-01   0.562E+02   0.176E+00   0.981E+03
  OPTIMIZATION STUFF
      265455  -8.6847390143097272        113.48732279708567     
   6.1694919604787701       -14.854230974788496     
        0   264931   0.211E-02   0.554E+02   0.930E-01   0.975E+03
  OPTIMIZATION STUFF
      264931  -8.6187283409640205        111.64564776905119     
   6.1125419878897178       -14.731270328853739     
        0   265151   0.937E-03   0.590E+02  -0.108E-01   0.106E+04
  OPTIMIZATION STUFF
      265151  -8.6122375790353942        111.72348510184885     
   6.1280379391857087       -14.740275518221104     
        0   265152  -0.553E-02   0.680E+02  -0.182E+00   0.122E+04
  OPTIMIZATION STUFF
      265152  -8.7382039171212416        115.25971851605145     
   6.2372678969929165       -14.975471814114158     
        0   265128   0.377E-02   0.693E+02   0.557E-01   0.120E+04
  OPTIMIZATION STUFF
      265128  -8.7322675924306434        115.03247028207007     
   6.2273568210160875       -14.959624413446731     
        0   264825  -0.340E-02   0.592E+02  -0.617E-01   0.102E+04
  OPTIMIZATION STUFF
      264825  -8.6248134160079690        111.77419784261052     
   6.1144739251761848       -14.739287341184154     
        0   264669   0.257E-02   0.727E+02   0.357E-01   0.125E+04
  OPTIMIZATION STUFF
      264669  -8.7494573989466495        115.51029429251153     
   6.2415774862232754       -14.991034885169924     
        0   265441  -0.352E-02   0.630E+02  -0.929E-01   0.107E+04
  OPTIMIZATION STUFF
      265441  -8.5793505459008497        110.61320762227740     
   6.0834161318150999       -14.662766677715950     
        0   264822   0.122E-01   0.639E+02   0.227E+00   0.109E+04
  OPTIMIZATION STUFF
      264822  -8.6366588441066430        112.29426349325104     
   6.1402269912247993       -14.776885835331441     
        0   265286  -0.232E-01   0.630E+02  -0.408E+00   0.106E+04
  OPTIMIZATION STUFF
      265286  -8.6177011346025481        111.80819109802853     
   6.1272684168965936       -14.744969551499143     
        0   265811   0.140E-01   0.460E+07   0.286E+00   0.771E+08
  OPTIMIZATION STUFF
      265811  -5865.1375571749195        6695553409.8971882     
   81615.890433987210       -87481.027991162133     
        0   264793  -0.800E-02   0.527E+02  -0.203E+00   0.891E+03
  OPTIMIZATION STUFF
      264793  -8.7131363819719816        113.97116541191065     
   6.1686643449831866       -14.881800726955168     
        0   265330   0.374E-03   0.642E+02  -0.457E-02   0.102E+04
  OPTIMIZATION STUFF
      265330  -8.7680316933340468        115.89567182089871     
   6.2463823166364385       -15.014414009970485     
        0   265757   0.850E-02   0.631E+02   0.176E+00   0.101E+04
  OPTIMIZATION STUFF
      265757  -8.5803814045741831        110.60745659592742     
   6.0814892541190098       -14.661870658693193     
        0   264473  -0.743E-02   0.793E+02  -0.108E+00   0.131E+04
  OPTIMIZATION STUFF
      264473  -8.6207651748915541        112.14312914476645     
   6.1502469010718128       -14.771012075963366     
        0   264865  -0.884E-02   0.591E+02  -0.177E+00   0.973E+03
  OPTIMIZATION STUFF
      264865  -8.6505663831562742        112.51350838897744     
   6.1385022309667701       -14.789068614123044     
        0   265615   0.752E-02   0.684E+02   0.121E+00   0.112E+04
  OPTIMIZATION STUFF
      265615  -8.6735345150994743        113.54770104533621     
   6.1901130894931429       -14.863647604592618     
        0   264372   0.881E-02   0.638E+02   0.142E+00   0.107E+04
  OPTIMIZATION STUFF
      264372  -8.6573303187031989        112.83409463971199     
   6.1550569771996724       -14.812387295902871     
        0   264993   0.455E-02   0.602E+02  -0.151E-01   0.974E+03
  OPTIMIZATION STUFF
      264993  -8.7144607103335829        114.40356415500135     
   6.2017528718140369       -14.916213582147620     
        0   264697  -0.117E-01   0.690E+02  -0.165E+00   0.111E+04
  OPTIMIZATION STUFF
      264697  -8.7350887298861579        115.19645280307530     
   6.2365597635307832       -14.971648493416941     
        0   265118  -0.360E-02   0.682E+02  -0.399E-01   0.105E+04
  OPTIMIZATION STUFF
      265118  -8.6144802202170823        111.71019352760356     
   6.1237998059286864       -14.738280026145770     
        0   264736   0.645E-02   0.631E+02   0.790E-01   0.963E+03
  OPTIMIZATION STUFF
      264736  -8.6521964727799663        112.54763027004697     
   6.1389841559056721       -14.791180628685638     
        0   265195   0.700E-02   0.693E+02   0.104E+00   0.105E+04
  OPTIMIZATION STUFF
      265195  -8.6986806842403386        114.06398491128714     
   6.1965263870099969       -14.895207071250336     
        0   258801  -0.108E-01   0.669E+02  -0.181E+00   0.101E+04
  OPTIMIZATION STUFF
      258801  -8.5983386290696568        111.11774013299576     
   6.0980581296708136       -14.696396758740470     
        0   265364   0.256E-02   0.635E+02   0.370E-01   0.100E+04
  OPTIMIZATION STUFF
      265364  -8.7071835915479685        114.08295172578765     
   6.1861058533511599       -14.893289444899128     
        0   265405  -0.847E-02   0.697E+02  -0.157E+00   0.106E+04
  OPTIMIZATION STUFF
      265405  -8.7395869408159257        115.21673648457214     
   6.2318822668991318       -14.971469207715057     
        0   264988   0.101E-01   0.696E+02   0.238E+00   0.106E+04
  OPTIMIZATION STUFF
      264988  -8.5709549117982391        110.28294361484369     
   6.0680866436435572       -14.639041555441796     
        0   264212   0.285E-02   0.707E+02  -0.205E-01   0.111E+04
  OPTIMIZATION STUFF
      264212  -8.6842342627874718        113.39335985350586     
   6.1625834779363426       -14.846817740723814     
        0   264186   0.366E-02   0.685E+02   0.216E-01   0.106E+04
  OPTIMIZATION STUFF
      264186  -8.5897669151069618        110.89948381892803     
   6.0922399955239674       -14.682006910630928     
        0   264196  -0.274E-02   0.667E+02   0.414E-01   0.984E+03
  OPTIMIZATION STUFF
      264196  -8.6380263693267541        112.32188910837604     
   6.1405528701568635       -14.778579239483618     
