tried moves    experiment_1   _      experiment_2    _                                                                                                                                                                                                                                                                                                                                                                                                                                                                          
        0    44334   0.190E+01   0.779E+03   0.251E+01   0.108E+04
  OPTIMIZATION STUFF
       44334  0.15758377299459081       0.15491774627098545     
  0.36067312175954380      -0.20308934876495299     
        0    50461   0.829E+01   0.283E+04   0.145E+02   0.423E+04
  OPTIMIZATION STUFF
       50461   2.8243308307271677        41.156402706341240     
   5.7601699684076362       -2.9358391376804684     
        0    49310   0.162E+02   0.502E+04   0.349E+02   0.957E+04
  OPTIMIZATION STUFF
       49310   5.3147417581230334        149.23784726049027     
   10.999607597771547       -5.6848658396485137     
        0    50251   0.162E+02   0.105E+05   0.466E+02   0.225E+05
  OPTIMIZATION STUFF
       50251   8.5103395210092305        582.75930960081041     
   22.590560657893349       -14.080221136884118     
        0    49733   0.253E+01   0.121E+05   0.213E+02   0.302E+05
  OPTIMIZATION STUFF
       49733   10.745520364968625        1277.0216243691737     
   34.081599382294520       -23.336079017325893     
        0    49409   0.159E+02   0.164E+05   0.673E+02   0.461E+05
  OPTIMIZATION STUFF
       49409   11.267867448230042        1898.8032994944640     
   42.093211598351367       -30.825344150121325     
        0    50186  -0.450E+01   0.142E+05   0.174E+02   0.469E+05
  OPTIMIZATION STUFF
       50186   11.207071465494524        2636.9389626132352     
   50.113276801467826       -38.906205335973304     
        0    50262   0.164E+02   0.366E+05   0.117E+03   0.152E+06
  OPTIMIZATION STUFF
       50262   9.4444556169662395        3490.0640427767989     
   58.316946944056951       -48.872491327090714     
        0    50959   0.185E+02   0.170E+05   0.107E+03   0.776E+05
  OPTIMIZATION STUFF
       50959   5.9843765766482475        6662.5341659672595     
   81.404676787983888       -75.420300211335643     
        0    50876  -0.268E+02   0.180E+05  -0.119E+03   0.880E+05
  OPTIMIZATION STUFF
       50876   3.3581729584065045        8522.5076175127379     
   92.256329278235242       -88.898156319828743     
        0    51003  -0.849E+01   0.244E+05   0.821E+02   0.140E+06
  OPTIMIZATION STUFF
       51003  -2.6968202623497315        17219.320317931037     
   131.19469302682793       -133.89151328917765     
        0    50939   0.407E+01   0.309E+05   0.151E+02   0.215E+06
  OPTIMIZATION STUFF
       50939  -6.4157538602105255        37941.421571483224     
   194.67989026576015       -201.09564412597067     
        0    51068   0.164E+02   0.260E+05   0.215E+03   0.218E+06
  OPTIMIZATION STUFF
       51068  -10.386006669453641        45251.808333657813     
   212.47103143515795       -222.85703810461160     
        0    50673   0.354E+02   0.306E+05   0.379E+03   0.261E+06
  OPTIMIZATION STUFF
       50673  -13.073950963737547        85227.030620302467     
   291.64379373904092       -304.71774470277848     
        0    50267   0.278E+02   0.353E+05   0.576E+03   0.432E+06
  OPTIMIZATION STUFF
       50267  -19.128969567501851        26248.271982533264     
   160.87993817073294       -180.00890773823480     
        0    49175   0.390E+02   0.497E+05   0.490E+03   0.581E+06
  OPTIMIZATION STUFF
       49175  -34.997456998372357        785255.28761480073     
   885.45494838441550       -920.45240538278790     
        0    51217   0.560E+02   0.823E+05   0.830E+03   0.975E+06
  OPTIMIZATION STUFF
       51217  -31.851033139609111        73252.247179096797     
   268.77082964309261       -300.62186278270173     
        0    50098  -0.694E+02   0.955E+05  -0.877E+03   0.124E+07
  OPTIMIZATION STUFF
       50098  -52.685797825317948        807394.23251902708     
   897.00526153782221       -949.69105936314020     
        0    51114   0.258E+02   0.721E+05   0.298E+03   0.817E+06
  OPTIMIZATION STUFF
       51114  -58.157172679169093        822840.51733640837     
   905.23933885043550       -963.39651152960460     
        0    51147   0.150E+03   0.819E+05   0.159E+04   0.112E+07
  OPTIMIZATION STUFF
       51147  -73.282018564738934        1296260.5324141986     
   1136.1735246736196       -1209.4555432383586     
        0    50745   0.162E+02   0.187E+06  -0.476E+03   0.169E+07
  OPTIMIZATION STUFF
       50745  -74.429538387521490        412267.37894001737     
   637.75200725316256       -712.18154564068402     
        0    51290   0.309E+03   0.132E+06   0.248E+04   0.120E+07
  OPTIMIZATION STUFF
       51290  -78.588312318926754        181293.64549677609     
   418.47045614193473       -497.05876846086147     
        0    50252  -0.318E+03   0.162E+06  -0.300E+04   0.145E+07
  OPTIMIZATION STUFF
       50252  -96.073719047491210        271681.73835973331     
   512.30028193249802       -608.37400097998921     
        0    51551  -0.506E+02   0.152E+06  -0.563E+02   0.147E+07
  OPTIMIZATION STUFF
       51551  -93.360994675497054        132880.84784136052     
   352.36993701869960       -445.73093169419667     
        0    52576   0.111E+03   0.109E+06   0.237E+03   0.675E+06
  OPTIMIZATION STUFF
       52576  -87.244961231443028        95946.212258200976     
   297.21125314820262       -384.45621437964564     
        0    50812  -0.654E+02   0.162E+06  -0.321E+03   0.121E+07
  OPTIMIZATION STUFF
       50812  -93.657658433559988        150371.27181320539     
   376.29710978155015       -469.95476821511011     
        0    50360   0.101E+03   0.125E+06   0.838E+03   0.918E+06
  OPTIMIZATION STUFF
       50360  -96.368107113856126        106604.26835810365     
   311.95745910203209       -408.32556621588822     
        0    51010  -0.115E+03   0.152E+06  -0.149E+04   0.912E+06
  OPTIMIZATION STUFF
       51010  -94.148063980471775        103033.06420481732     
   306.87001524024191       -401.01807922071367     
        0    49896   0.131E+03   0.197E+06   0.956E+03   0.121E+07
  OPTIMIZATION STUFF
       49896  -103.48626128973758        85027.228292750835     
   272.61295276824796       -376.09921405798553     
        0    50523   0.630E+02   0.141E+06   0.219E+01   0.915E+06
  OPTIMIZATION STUFF
       50523  -94.372379666590533        65238.468384328975     
   237.34431179279159       -331.71669145938210     
        0    50065  -0.445E+02   0.173E+06  -0.279E+03   0.105E+07
  OPTIMIZATION STUFF
       50065  -103.71394975115197        74725.113943440418     
   252.92000824461465       -356.63395799576665     
        0    49709  -0.802E+01   0.218E+06  -0.176E+03   0.126E+07
  OPTIMIZATION STUFF
       49709  -117.23474466028757        92711.553802188311     
   281.01168738439600       -398.24643204468356     
        0    49395   0.902E+02   0.230E+06   0.469E+03   0.127E+07
  OPTIMIZATION STUFF
       49395  -119.51690677139429        85931.939730117578     
   267.67078422180373       -387.18769099319803     
        0    51011  -0.135E+03   0.253E+06  -0.939E+03   0.982E+06
  OPTIMIZATION STUFF
       51011  -132.47428263128825        98853.611569655084     
   285.13887144859899       -417.61315407988724     
        0    51932   0.107E+03   0.298E+06   0.130E+03   0.130E+07
  OPTIMIZATION STUFF
       51932  -150.06937235913816        156099.45017154195     
   365.48410861660767       -515.55348097574586     
        0    49862  -0.139E+02   0.284E+06   0.194E+03   0.127E+07
  OPTIMIZATION STUFF
       49862  -152.84629888667723        137990.12064634328     
   338.56776214369228       -491.41406103036951     
        0    51711   0.125E+03   0.210E+06   0.428E+03   0.106E+07
  OPTIMIZATION STUFF
       51711  -139.77771256079245        97163.692985849630     
   278.61422084509991       -418.39193340589236     
        0    49374   0.228E+03   0.196E+06   0.111E+04   0.885E+06
  OPTIMIZATION STUFF
       49374  -138.43399187067399        91719.566527218296     
   269.36146053577983       -407.79545240645382     
        0    50626   0.232E+02   0.258E+06   0.293E+02   0.118E+07
  OPTIMIZATION STUFF
       50626  -149.31325087815904        109318.49848822228     
   294.99839253870215       -444.31164341686122     
        0    49792   0.431E+03   0.319E+06   0.162E+04   0.135E+07
  OPTIMIZATION STUFF
       49792  -174.97007168798228        175157.84652991930     
   380.18853289311824       -555.15860458110046     
        0    48880  -0.647E+03   0.309E+06  -0.300E+04   0.142E+07
  OPTIMIZATION STUFF
       48880  -167.50272274857306        137347.39426282147     
   330.59073207613693       -498.09345482470997     
        0    48838  -0.132E+03   0.234E+06  -0.235E+03   0.122E+07
  OPTIMIZATION STUFF
       48838  -173.84710080561584        136006.04375639174     
   325.24333859108287       -499.09043939669868     
        0    50375   0.442E+03   0.200E+06   0.204E+04   0.859E+06
  OPTIMIZATION STUFF
       50375  -162.20530507520513        110617.81513750147     
   290.35711484818330       -452.56241992338846     
        0    48789  -0.289E+03   0.219E+06  -0.138E+04   0.944E+06
  OPTIMIZATION STUFF
       48789  -188.25087449628995        144276.97963108309     
   329.90693821510507       -518.15781271139508     
        0    50045   0.691E+02   0.499E+06   0.236E+03   0.243E+07
  OPTIMIZATION STUFF
       50045  -202.36361761189968        184488.17486656408     
   378.86295824953504       -581.22657586143475     
        0    50272   0.122E+02   0.260E+06   0.109E+03   0.127E+07
  OPTIMIZATION STUFF
       50272  -194.20337163612993        157197.52937982595     
   345.66252302641249       -539.86589466254236     
        0    50517   0.775E+03   0.335E+06   0.353E+04   0.149E+07
  OPTIMIZATION STUFF
       50517  -205.27689735349725        170142.04299438308     
   357.77568168798848       -563.05257904148573     
        0    49766  -0.872E+03   0.453E+06  -0.384E+04   0.194E+07
  OPTIMIZATION STUFF
       49766  -214.38520897020894        199540.44639241518     
   391.89211342819215       -606.27732239840111     
        0    50378  -0.898E+02   0.227E+06  -0.587E+03   0.101E+07
  OPTIMIZATION STUFF
       50378  -209.96543156762505        170172.42596547547     
   355.08723366532968       -565.05266523295472     
        0    52259   0.324E+03   0.259E+06   0.129E+04   0.112E+07
  OPTIMIZATION STUFF
       52259  -200.39411870167967        151262.85790453790     
   333.32424918435657       -533.71836788603628     
        0    50633  -0.112E+03   0.196E+06  -0.410E+03   0.833E+06
  OPTIMIZATION STUFF
       50633  -212.03496658919647        172779.71860740220     
   357.52047710714493       -569.55544369634140     
        0    49739  -0.261E+03   0.250E+06  -0.107E+04   0.113E+07
  OPTIMIZATION STUFF
       49739  -252.83106475925234        231284.97464807052     
   409.09831011722997       -661.92937487648237     
        0    50793   0.326E+02   0.388E+06   0.178E+03   0.176E+07
  OPTIMIZATION STUFF
       50793  -250.18037931264587        235669.79011562245     
   416.02832586568320       -666.20870517832907     
        0    51023   0.225E+03   0.273E+06   0.888E+03   0.122E+07
  OPTIMIZATION STUFF
       51023  -218.76119992290617        181590.79649042943     
   365.69705207824649       -584.45825200115269     
        0    50096  -0.134E+03   0.261E+06  -0.536E+03   0.115E+07
  OPTIMIZATION STUFF
       50096  -230.98862635664636        189693.86477849062     
   369.23992101662060       -600.22854737326702     
        0    51382   0.960E+02   0.284E+06   0.604E+03   0.129E+07
  OPTIMIZATION STUFF
       51382  -226.92052396734624        192750.08473207080     
   375.84193557193140       -602.76245953927764     
        0    50075  -0.230E+03   0.271E+06  -0.881E+03   0.119E+07
  OPTIMIZATION STUFF
       50075  -255.68483610094427        225520.71519549290     
   400.18243312710035       -655.86726922804462     
        0    51159  -0.390E+02   0.331E+06  -0.252E+03   0.153E+07
  OPTIMIZATION STUFF
       51159  -250.95331095323607        237646.28738675357     
   417.93387408579599       -668.88718503903203     
        0    50608   0.292E+03   0.307E+06   0.159E+04   0.135E+07
  OPTIMIZATION STUFF
       50608  -266.48759870132761        250822.14749547106     
   424.03597398554672       -690.52357268687433     
        0    50149  -0.213E+03   0.351E+06  -0.124E+04   0.180E+07
  OPTIMIZATION STUFF
       50149   1333.2247520310755        73038423985.715408     
   270252.93059923698       -268919.70584720589     
        0    50216  -0.579E+02   0.179E+06  -0.234E+03   0.769E+06
  OPTIMIZATION STUFF
       50216  -266.29164672705753        239290.74237185373     
   410.34071362130970       -676.63236034836723     
        0    51152  -0.766E+02   0.308E+06  -0.338E+03   0.150E+07
  OPTIMIZATION STUFF
       51152  -382.42730701794750        311183564.03356647     
   17636.249980889177       -18018.677287907125     
        0    50096   0.833E+02   0.247E+06   0.653E+03   0.124E+07
  OPTIMIZATION STUFF
       50096  -277.47632901893326        255217.31323716950     
   422.16608114739176       -699.64241016632502     
        0    50726   0.652E+02   0.264E+06   0.116E+03   0.131E+07
  OPTIMIZATION STUFF
       50726  -289.73563495358820        280661.83407057449     
   443.52575563163811       -733.26139058522631     
        0    51243  -0.759E+02   0.354E+06  -0.110E+03   0.173E+07
  OPTIMIZATION STUFF
       51243  -312.34782084136725        324116.76825383154     
   475.97857837247329       -788.32639921384055     
        0    50943   0.821E+02   0.214E+06   0.206E+03   0.106E+07
  OPTIMIZATION STUFF
       50943  -247.97876922433034        201539.44613276652     
   374.22717184452659       -622.20594106885687     
        0    51736  -0.153E+03   0.259E+06  -0.634E+03   0.124E+07
  OPTIMIZATION STUFF
       51736  -280.58927921118806        313492.91463917505     
   484.52303457206347       -765.11231378325147     
        0    51673  -0.951E+02   0.368E+06  -0.387E+03   0.196E+07
  OPTIMIZATION STUFF
       51673  -305.83336589002164        435056.37921275315     
   584.39912005506415       -890.23248594508573     
        0    50348   0.713E+03   0.348E+06   0.372E+04   0.183E+07
  OPTIMIZATION STUFF
       50348  -329.91269902398602        357361.87884867989     
   498.51729144673476       -828.42999047072078     
        0    50885  -0.529E+03   0.374E+06  -0.267E+04   0.202E+07
  OPTIMIZATION STUFF
       50885  -364.89616919293246        490218.28137440741     
   597.55256428428970       -962.44873347722216     
        0    50417  -0.111E+03   0.251E+06  -0.887E+03   0.135E+07
  OPTIMIZATION STUFF
       50417  -3046.5168220158926        378362402656.24548     
   615104.15491321357       -618150.67173522944     
        0    50094   0.287E+03   0.299E+06   0.194E+04   0.159E+07
  OPTIMIZATION STUFF
       50094  -1363.8438954180647        79145884848.635468     
   281325.47836707643       -282689.32226249448     
        0    51145  -0.556E+03   0.240E+06  -0.312E+04   0.132E+07
  OPTIMIZATION STUFF
       51145  -196.81034561789784        686625386.52286017     
   26202.798556847280       -26399.608902465177     
        0    51790   0.475E+03   0.264E+06   0.236E+04   0.136E+07
  OPTIMIZATION STUFF
       51790  -316.09612038968555        378655.46212176734     
   527.95710507233139       -844.05322546201694     
        0    50931  -0.139E+03   0.300E+06  -0.409E+03   0.167E+07
  OPTIMIZATION STUFF
       50931  -3607.2170570165135        313527484442.04706     
   559923.63088831201       -563530.84794532857     
        0    51148   0.108E+03   0.270E+06   0.634E+03   0.158E+07
  OPTIMIZATION STUFF
       51148  -327.86918533328372        339293.63335403107     
   481.45137933432068       -809.32056466760446     
        0    51038  -0.126E+03   0.194E+06  -0.707E+03   0.114E+07
  OPTIMIZATION STUFF
       51038  -285.10134806269946        24559372.730855495     
   4947.5337242092983       -5232.6350722719981     
        0    50232  -0.330E+03   0.258E+06  -0.191E+04   0.146E+07
  OPTIMIZATION STUFF
       50232  -232.16364376301942        203995.91720935827     
   387.42219828507001       -619.58584204808949     
        0    51690   0.239E+02   0.257E+06   0.982E+02   0.147E+07
  OPTIMIZATION STUFF
       51690  -274.50426864383599        241443.26549051309     
   407.54223337811976       -682.04650202195580     
        0    51343   0.278E+03   0.294E+06   0.159E+04   0.176E+07
  OPTIMIZATION STUFF
       51343  -279.30487368627684        260527.23664585414     
   427.21894173941666       -706.52381542569356     
        0    51271   0.231E+03   0.212E+06   0.205E+04   0.126E+07
  OPTIMIZATION STUFF
       51271  -237.49021523943426        403953.62866685662     
   589.53543263520965       -827.02564787464394     
        0    51193  -0.238E+03   0.326E+06  -0.196E+04   0.194E+07
  OPTIMIZATION STUFF
       51193  -1379.7513270999668        86419858686.086823     
   293969.30957561231       -295349.06090271228     
        0    49275  -0.342E+03   0.172E+06  -0.195E+04   0.982E+06
  OPTIMIZATION STUFF
       49275  -1679.9704794813883        53368838901.424225     
   231010.85818768843       -232690.82866716982     
        0    49237   0.627E+03   0.242E+06   0.352E+04   0.138E+07
  OPTIMIZATION STUFF
       49237  -205.35972629821873        155507141.48938495     
   12468.559213966932       -12673.918940265150     
        0    50202  -0.651E+03   0.202E+06  -0.372E+04   0.122E+07
  OPTIMIZATION STUFF
       50202  -208.82207332238366        898032.81951454398     
   924.35175188230426       -1133.1738252046880     
        0    50141   0.270E+03   0.128E+06   0.167E+04   0.794E+06
  OPTIMIZATION STUFF
       50141  -189.12912091802374        481501.45755069761     
   667.63136023667516       -856.76048115469894     
        0    50220  -0.177E+03   0.166E+06  -0.107E+04   0.105E+07
  OPTIMIZATION STUFF
       50220  -177.33232912661194        1478127.5419278878     
   1202.7804400531375       -1380.1127691797494     
        0    49990  -0.777E+02   0.255E+06  -0.455E+03   0.176E+07
  OPTIMIZATION STUFF
       49990  -230.06592340957062        15816248.099051101     
   3970.3044933527203       -4200.3704167622909     
        0    50551   0.325E+03   0.314E+06   0.216E+04   0.196E+07
  OPTIMIZATION STUFF
       50551  -201.74735016512309        261263.94135094952     
   469.64023257414897       -671.38758273927203     
        0    50913  -0.370E+03   0.301E+06  -0.244E+04   0.193E+07
  OPTIMIZATION STUFF
       50913  -1076.9680095952961        39555665811.621521     
   198883.14647432504       -199960.11448392033     
        0    51545  -0.133E+02   0.659E+08  -0.789E+02   0.439E+09
  OPTIMIZATION STUFF
       51545  -6727.3012909897116        3023496480.6254673     
   54573.252587377596       -61300.553878367311     
        0    51236   0.856E+02   0.101E+06   0.589E+03   0.656E+06
  OPTIMIZATION STUFF
       51236  -149.46519202323606        133154.01764702695     
   332.88762971982618       -482.35282174306224     
        0    50786   0.199E+03   0.149E+06   0.128E+04   0.100E+07
  OPTIMIZATION STUFF
       50786  -160.71696797254268        303489.53456848272     
   526.93414272961604       -687.65111070215869     
        0    49839  -0.287E+02   0.171E+06   0.751E+02   0.113E+07
  OPTIMIZATION STUFF
       49839  -199.84169548095255        237947.74144035080     
   444.98431229387069       -644.82600777482321     
        0    50505  -0.216E+03   0.153E+06  -0.175E+04   0.105E+07
  OPTIMIZATION STUFF
       50505  -5741.7709560322628        301920718321.48407     
   549443.12752802041       -555184.89848405262     
        0    50677  -0.205E+02   0.120E+06  -0.307E+02   0.833E+06
  OPTIMIZATION STUFF
       50677  -139.75162093429526        140045.09414193244     
   347.15209719684754       -486.90371813114280     
        0    49545   0.359E+02   0.535E+05   0.340E+03   0.410E+06
  OPTIMIZATION STUFF
       49545  -120.48586867238451        178513.25019007755     
   404.96469678274235       -525.45056545512682     
        0    51027  -0.533E+02   0.957E+05  -0.489E+03   0.731E+06
  OPTIMIZATION STUFF
       51027  -115.13968602913938        114763.08825280584     
   318.59997010972404       -433.73965613886344     
        0    49675   0.517E+02   0.596E+05   0.323E+03   0.414E+06
  OPTIMIZATION STUFF
       49675  -95.068608439085708        70909.951735691357     
   248.74065093013479       -343.80925936922051     
        0    51340  -0.701E+02   0.420E+05  -0.430E+03   0.299E+06
  OPTIMIZATION STUFF
       51340  -85.789746882611823        37559.510218565512     
   173.78040611180222       -259.57015299441406     
        0    50493  -0.108E+02   0.781E+05  -0.111E+03   0.659E+06
  OPTIMIZATION STUFF
       50493  -128.64162150010139        138274.47594713053     
   348.89226011041745       -477.53388161051885     
        0    52538   0.189E+03   0.106E+06   0.163E+04   0.769E+06
  OPTIMIZATION STUFF
       52538  -110.41392969451883        98981.326386129047     
   294.60157928216017       -405.01550897667903     
        0    52267  -0.163E+03   0.682E+05  -0.141E+04   0.558E+06
  OPTIMIZATION STUFF
       52267  -113.30712210722814        96733.523758809839     
   289.64637031833752       -402.95349242556563     
        0    51662  -0.171E+02   0.763E+05  -0.136E+03   0.610E+06
  OPTIMIZATION STUFF
       51662  -111.79997589325218        81927.989837517380     
   263.49336847022471       -375.29334436347688     
        0    51538  -0.282E+01   0.410E+05   0.438E+02   0.330E+06
  OPTIMIZATION STUFF
       51538  -93.373951628375863        63587.284043919317     
   234.24045167566817       -327.61440330404400     
        0    49772  -0.988E+01   0.542E+05  -0.132E+03   0.398E+06
  OPTIMIZATION STUFF
       49772  -95.916956576910010        51161.312759424924     
   204.84445367265400       -300.76141024956399     
        0    50564   0.246E+02   0.458E+05   0.162E+03   0.393E+06
  OPTIMIZATION STUFF
       50564  -103.46723094616510        74983.254206698650     
   253.53064179114835       -356.99787273731346     
        0    50799  -0.149E+01   0.490E+05   0.336E+02   0.385E+06
  OPTIMIZATION STUFF
       50799  -96.290846023044026        58916.248672564099     
   222.81005732401428       -319.10090334705831     
        0    51238   0.420E+01   0.459E+05   0.418E+02   0.411E+06
  OPTIMIZATION STUFF
       51238  -90.772311406989530        66046.888716741640     
   240.43143762531173       -331.20374903230129     
        0    51724  -0.144E+02   0.612E+05  -0.170E+03   0.519E+06
  OPTIMIZATION STUFF
       51724  -82.319073036410160        48013.144043310494     
   203.06825024542036       -285.38732328183050     
        0    48989   0.574E+01   0.370E+05   0.111E+03   0.298E+06
  OPTIMIZATION STUFF
       48989  -93.980252426217007        50650.315814875736     
   204.49456708866441       -298.47481951488140     
        0    50980  -0.407E+02   0.414E+05  -0.302E+03   0.339E+06
  OPTIMIZATION STUFF
       50980  -90.120699122407927        53505.336694822203     
   213.03426082325495       -303.15495994566288     
        0    51437   0.581E+02   0.350E+05   0.572E+03   0.315E+06
  OPTIMIZATION STUFF
       51437  -94.372055975178768        54933.404741961247     
   214.53978603741305       -308.91184201259182     
        0    50700  -0.303E+02   0.428E+05  -0.285E+03   0.408E+06
  OPTIMIZATION STUFF
       50700  -93.186824191859856        52158.208050413872     
   208.50521299825880       -301.69203719011864     
        0    49788  -0.139E+02   0.457E+05  -0.179E+03   0.432E+06
  OPTIMIZATION STUFF
       49788  -88.937829616413850        48980.434110742390     
   202.65857142954533       -291.59640104595917     
        0    51377  -0.140E+02   0.180E+05  -0.109E+03   0.170E+06
  OPTIMIZATION STUFF
       51377  -72.293857588310374        28254.001603808203     
   151.74847530966926       -224.04233289797963     
        0    49414   0.248E+02   0.655E+05   0.234E+03   0.655E+06
  OPTIMIZATION STUFF
       49414  -107.22527233795422        75857.589549778990     
   253.69337894756052       -360.91865128551473     
        0    50381  -0.248E+02   0.334E+05  -0.238E+03   0.279E+06
  OPTIMIZATION STUFF
       50381  -84.142035914814258        40248.147090059807     
   182.12156621929736       -266.26360213411164     
        0    50776  -0.653E+01   0.504E+05  -0.586E+02   0.504E+06
  OPTIMIZATION STUFF
       50776  -98.393346785885711        62906.735084548593     
   230.70648970677229       -329.09983649265803     
        0    49775   0.775E+01   0.228E+05   0.120E+03   0.222E+06
  OPTIMIZATION STUFF
       49775  -76.108267449091400        28627.844153210273     
   151.11378421278400       -227.22205166187541     
        0    50719  -0.195E+01   0.380E+05  -0.386E+02   0.433E+06
  OPTIMIZATION STUFF
       50719  -81.471246155866993        39161.506921727036     
   180.34395740234038       -261.81520355820737     
        0    51502   0.187E+02   0.221E+05   0.190E+03   0.201E+06
