   195490.38847230526     
   1345363.1580162379     
   3861632.6053381972     
   7015856.5106677758     
   8198627.2965589361     
   12307464.613690224     
   12955516.423698589     
   19638037.778410997     
   26045652.815949790     
   18612079.430969592     
   22367038.795527641     
   23342124.693218764     
   35145637.883972809     
   56159138.500472002     
   86528034.522048548     
   112520518.15007500     
   157926197.85812795     
   110507944.16993155     
   127042879.96177715     
   216000315.77543050     
   192665170.44050115     
   335977120.94192475     
   169008370.51737255     
   163497790.90069002     
   181831878.82381082     
   162187070.01680481     
   209508412.23412675     
   127438160.32407108     
   181697744.23494905     
   184990296.86148560     
   168783248.46522635     
   159632044.03932881     
   187241811.72992373     
   132424220.39255944     
   144721228.00430149     
   153693444.87003514     
   182283569.51961213     
   248589964.42069229     
   251244466.31706971     
   353541659.87003726     
   175191818.49059421     
   157247811.36842725     
   282110377.21418059     
   200583584.05087677     
   215858759.86014950     
   221975048.52474725     
   439418386.11742449     
   204949249.88850120     
   170840292.99168611     
   255267786.63491696     
   228828824.94699368     
   162538985.78289926     
   173242030.15858138     
   230000219.60084617     
   196471445.42997131     
   232460915.93176037     
   176851710.92646539     
   161968787.39110768     
   257100786.23863187     
   184149502.30584997     
   169489048.48208287     
   148307195.20617667     
   185167970.38380986     
   194379966.34151870     
   184838286.86106136     
   199502431.45001587     
   158766117.11281192     
   133836663.04150820     
   357091468.08827192     
   194405376.06169218     
   144065284.74839798     
   255445929.00272942     
   67282931.343867734     
   214013606.01319686     
   186072838.46313962     
   224013521.56003296     
   181471888.08253047     
   69038049.956656620     
   75349727.636917263     
   171017621.48299339     
   288057054.80635154     
   175719674.22948441     
   62700944.217148006     
   266895645.11758280     
   47597890.712503910     
   144742644.07612833     
   82215030.531893805     
   55581811.364520304     
   181349260.34721985     
   38138939.591192693     
   33384996.147647951     
   67926336.747683257     
   143038233.89650902     
   145350934.11633059     
   46227359.439120293     
   43629884.606727548     
   62252173.528813638     
   34599160.018336497     
   53224141.854373880     
   27528456.948735960     
   21404354.430474039     
   117208939.76254405     
   35177593.805872701     
   27275487.663338903     
   29390135.751440465     
   22351892.203296870     
   31809034.488520052     
   33440045.275777109     
   35796945.617245615     
   26258767.401062485     
   31968172.163177300     
   14480882.897361824     
   46877128.566609934     
   30892190.359232564     
   21282640.662796393     
   14945774.981357379     
   27711418.603376504     
   14456052.933793433     
   11149668.821667310     
   17528451.116927091     
   15470140.034882808     
   26217246.767522044     
