7.67388 4.99628 2.38244
5.10079 7.72696 2.38254
-0.32976 4.93653 5.06168
2.38521 2.46929 -0.07269
7.62316 -0.08891 7.47635
-0.05051 7.68568 7.54534
2.73653 7.88680 4.97072
-0.01663 5.14689 4.85635
2.66548 2.42350 -0.33674
5.28836 0.31159 5.38240
-0.01899 2.28809 2.57309
2.62606 7.52532 5.21680
7.46105 7.84276 0.10954
2.41200 0.01643 2.16202
7.77665 2.55399 5.49811
2.78786 -0.12330 2.18501
5.34955 4.90552 -0.11704
7.95631 2.41888 5.58814
0.15636 5.41454 5.29370
7.83270 7.37245 0.45634
0.15061 2.88087 2.42597
2.86927 0.07320 2.85572
7.62593 -0.45306 7.79800
0.12207 7.70427 8.04049
2.64269 7.71197 5.56155
7.71330 7.99327 -0.11632
2.60265 2.29086 0.33428
7.70673 5.48681 2.44311
4.93715 7.75509 2.68222
2.53253 2.67329 -0.21642
5.17492 0.28869 5.09956
-0.04856 2.55686 2.84771
2.31324 4.94125 7.73517
7.66546 7.70704 0.16642
2.38141 -0.29434 2.60378
7.76535 0.11889 7.49627
4.89988 0.32463 5.12328
0.04456 5.15798 4.94115
2.64249 2.63828 -0.01427
2.63746 7.64287 4.85861
7.56197 5.27276 2.71918
5.17872 7.56187 2.47484
2.58623 2.82718 0.16467
-0.15040 7.47399 7.49863
0.05564 -0.19886 -0.22555
5.46690 2.53243 7.55602
7.79923 7.63466 -0.18295
7.62409 0.16621 7.53425
8.01945 2.57586 5.34575
-0.01129 5.41433 4.89639
-0.08603 -0.38253 0.16765
7.82705 2.21314 5.26167
5.18857 7.35931 2.40235
0.21098 4.89351 5.28148
0.02392 2.83324 2.35800
4.92760 5.20654 -0.21488
-0.13459 2.64824 2.84771
2.51837 5.22060 8.05548
5.03724 2.72277 7.80467
2.75819 0.28428 2.50574
-0.12484 2.58037 2.75028
2.39681 7.73517 5.32121
5.26393 2.52976 7.86925
7.68486 7.70191 0.28151
5.25161 0.05811 5.26105
0.09794 7.65406 7.93290
-0.27103 2.39958 2.62288
2.82040 -0.03008 2.76938
0.07238 2.43089 2.71702
7.79995 5.06465 2.53222
7.59411 7.67090 0.10523
7.60017 -0.00534 7.85559
7.74780 0.16159 7.51526
0.18449 2.79731 2.43603
7.95877 2.53633 5.18929
2.65891 7.86822 4.91908
-0.02351 5.23436 5.05244
4.87801 -0.03059 5.04114
0.04712 2.48869 2.34907
7.81648 4.95511 2.86301
5.29965 2.40369 7.96442
2.67914 2.70727 -0.08850
0.21241 2.37977 2.27402
5.43589 5.18878 0.02977
7.96719 2.77575 5.39482
2.49311 7.44658 5.19186
2.37227 2.76425 0.11180
2.08296 -0.10544 2.76322
2.32515 5.25561 7.65304
0.36590 2.52781 2.74864
7.51875 2.67267 5.36947
2.55409 7.39360 5.10192
2.26961 5.03468 7.73199
4.72073 7.65355 2.41796
5.02965 2.73181 7.87777
-0.01561 5.43486 5.35150
5.28415 0.10195 5.39944
7.62871 2.41396 4.98150
2.50153 5.14484 7.82079
7.53076 5.00644 2.37905
2.19477 -0.12505 2.63376
-0.03419 2.61056 2.78396
2.63119 5.20787 7.81319
0.07423 5.12554 5.20500
2.46210 2.56775 0.03614
7.88116 0.21180 7.73671
-0.10882 -0.01140 0.03203
7.71823 7.49637 -0.16375
5.17492 -0.04148 5.02030
-0.05585 -0.23089 0.07987
2.36447 5.11588 7.95846
7.57070 5.00470 2.56323
5.24216 2.37556 7.74585
0.09414 7.54247 7.71258
-0.07649 2.36437 2.54537
2.75757 7.64657 4.98098
7.66474 7.67039 -0.05133
2.70388 4.91856 7.46434
7.70458 5.07071 2.28696
5.13139 7.81638 2.37741
7.91288 7.71115 -0.02608
2.62308 7.67532 4.79229
7.97623 4.97051 2.68715
5.00973 0.11221 4.81282
5.24391 4.90286 -0.19270
2.59772 2.52340 -0.36343
7.42605 0.04866 7.63189
-0.18295 7.38878 7.74112
2.16828 5.35427 7.68825
7.52122 -0.21159 7.63148
4.93776 0.24711 5.36095
2.61662 7.62491 5.53065
7.44442 2.40892 4.88099
2.34342 7.51731 4.95152
7.71525 4.92657 2.36991
2.41005 -0.06550 2.36878
-0.14435 2.29856 2.70419
7.42666 2.64485 5.34442
4.94639 0.02690 5.07256
5.01630 4.99607 0.20944
-0.27463 0.08408 0.09538
7.70499 2.44352 5.34883
2.54547 7.81381 5.23128
5.13488 7.66638 2.68437
7.46752 7.65365 -0.04497
-0.27535 7.88660 7.55633
2.73961 7.57963 5.04381
5.13375 7.60499 2.47935
2.53510 2.77318 -0.16498
4.81005 5.00634 -0.01478
2.89258 7.56434 4.98386
7.59298 4.87698 2.58253
7.78465 7.75067 -0.18808
2.71723 0.06879 2.50101
7.64729 0.19968 7.65961
5.10870 4.87945 -0.03357
4.88027 5.22389 -0.22155
2.57586 0.31077 2.52042
4.83890 5.17081 -0.21888
7.53271 2.85695 5.19904
7.38211 5.19145 2.54023
2.83837 7.46958 5.15931
4.91692 7.53703 2.33572
0.17987 7.52768 8.01134
7.61372 2.37084 5.34462
2.54793 4.79454 7.80601
7.43693 4.99341 2.57771
-0.16827 2.74874 2.71517
7.63066 2.56723 5.39339
4.96281 2.29661 7.71905
4.91405 5.17913 0.05041
0.32812 5.11424 4.93140
0.14825 -0.00431 -0.12494
2.51426 5.07677 7.76196
7.72367 5.24771 2.78642
5.09823 2.52350 7.67860
7.90200 -0.12813 7.61536
-0.13223 2.51878 2.51662
5.12708 5.00480 0.28479
0.12505 -0.13593 -0.02844
7.80283 2.70172 5.12769
5.09782 7.46188 2.50368
-0.02741 5.24504 4.95696
2.53582 2.34322 -0.01355
2.59064 7.50551 4.97934
7.82644 7.73383 -0.08706
2.77225 0.04682 2.48233
2.26160 5.21619 7.54935
5.30027 2.73468 7.49298
0.12669 4.79988 5.25048
7.46301 7.48456 -0.26662
7.61803 -0.40255 7.65725
2.64187 7.66792 4.76590
5.49831 7.99717 2.55224
2.35677 2.99062 0.06889
5.29647 0.23931 5.32820
4.84341 7.71843 2.44609
7.83126 0.24219 7.87048
5.22214 0.27915 5.49667
8.02325 2.29794 5.09710
7.43364 4.91261 2.50923
4.96589 7.43806 2.37166
4.70030 2.57237 7.45715
7.61762 7.56495 -0.35419
2.90839 4.91836 7.86894
5.06312 7.33231 2.45133
7.29884 7.48939 -0.03008
2.55625 -0.27268 2.57001
0.14311 7.74184 7.97417
5.41577 2.50132 7.74390
0.33931 2.80264 2.73273
7.55633 2.39465 5.19032
2.57740 7.45305 5.07800
-0.25748 2.42053 2.52319
0.35871 2.52750 2.72277
7.65725 4.98612 2.49629
5.33641 2.54383 7.71371
0.28736 5.12317 4.93653
0.18685 2.68591 2.34414
0.11375 0.12032 -0.08942
2.62852 7.60263 4.96764
5.09094 -0.44988 5.04104
2.86804 7.40212 4.92349
4.93294 7.43097 2.28224
4.86035 2.72431 7.52460
5.05696 -0.43910 5.01774
2.52442 7.18129 5.06661
4.87801 7.69020 2.37032
4.90378 2.51467 7.40182
0.19270 7.90385 7.19813
-0.36631 2.49927 2.73304
4.76939 7.57111 2.44814
5.17522 2.08379 7.55006
7.50479 7.91052 0.03737
0.24167 8.26985 7.88167
-0.33756 0.15451 -0.15995
7.51146 2.40020 5.39339
7.58199 4.85943 2.90592
5.35725 7.85467 2.65553
2.61538 -0.41446 2.65091
7.92561 -0.32237 7.97746
-0.42318 2.60625 2.68930
0.03059 -0.38848 -0.22915
7.37615 2.47022 5.29062
7.59534 5.01435 2.70039
2.45050 0.15564 2.63961
-0.02567 7.98085 7.97037
7.47543 7.37995 -0.04148
0.22679 7.88260 7.95477
5.31577 5.06106 0.21365
-0.32124 0.01478 0.34998
7.73240 5.58424 2.53233
0.12689 5.11619 4.89628
7.53805 2.71014 4.85717
7.98762 5.36444 2.81671
5.39729 7.59996 2.72452
5.13857 4.97472 -0.02484
2.42956 0.35594 2.51200
7.83085 0.17391 7.35274
-0.12012 7.44052 7.31014
0.32155 2.46015 2.52853
5.06578 4.72555 0.07464
7.57429 2.78016 4.68418
2.62586 7.45346 4.77760
0.06355 5.07656 4.65184
7.45859 -0.28397 7.49976
-0.14353 4.94218 4.77719
7.49555 7.76443 -0.25163
7.52286 0.23603 7.48282
0.02567 7.96555 7.25172
7.55992 2.00094 5.04073
2.39075 5.43979 7.28447
5.01681 7.77603 2.28070
7.35367 5.27040 2.77061
5.04997 -0.05872 4.75379
0.35707 7.90765 7.79625
-0.17299 0.09846 0.23017
2.54814 8.02992 5.26023
-0.16426 5.37450 5.15274
0.16755 7.40212 7.86021
5.06825 4.74475 -0.06971
7.62819 5.29914 2.83899
-0.06940 5.33877 5.37337
5.29524 0.15051 5.34380
0.33417 7.81443 7.74061
7.82223 4.97790 2.58602
2.33768 -0.29711 2.93857
0.06642 7.74554 7.35849
7.81905 4.70410 2.89617
5.32820 2.23327 7.55879
2.31560 0.24794 2.52257
-0.19917 7.70837 7.34504
-0.30112 -0.16580 -0.23828
7.59462 2.79987 4.95563
-0.18028 4.96332 4.93283
2.41960 2.51046 -0.32483
7.32318 -0.19527 7.42666
4.90501 0.06109 5.54287
7.29936 2.71949 5.09710
2.40492 7.88588 4.92544
7.71494 5.35366 2.17105
-0.01509 -0.52688 -0.26641
2.49475 5.59358 7.66474
4.72761 2.53222 7.80098
7.63825 7.87428 -0.25615
2.75542 0.25327 2.35410
-0.22946 7.69554 7.74995
4.97903 5.46340 -0.02649
2.35585 5.12697 7.88249
5.54020 2.65604 7.72501
-0.11170 5.55303 5.02441
0.08542 2.82307 2.50440
5.17995 5.42634 -0.26375
2.53849 7.71854 5.12944
2.72534 5.25058 7.76751
2.70255 0.14291 2.69587
0.23705 7.76453 7.80724
2.38890 8.13987 5.11968
2.26509 5.29380 7.66721
4.94248 2.45287 7.37738
7.86822 7.70365 0.15328
2.64639 2.78037 0.20543
7.54493 -0.07556 7.53169
2.33080 7.46455 4.88961
7.34628 5.15900 2.74392
2.74115 7.92828 5.00788
2.42586 2.41806 -0.22874
7.28006 2.28645 5.11383
2.87482 7.49442 5.17666
7.62717 4.80717 2.57853
0.43396 4.97441 5.30941
7.87633 5.39626 2.80952
5.00819 7.95272 2.56107
7.63600 2.28850 5.15746
7.51547 7.49904 0.39177
4.96055 -0.24660 5.13970
0.11047 2.81691 2.37330
7.34042 2.44434 5.31300
4.99495 7.74215 2.75675
-0.16139 2.73273 2.66312
5.19432 5.40170 0.14927
-0.16970 0.30132 -0.36128
4.96363 7.53282 2.67298
-0.11252 5.21732 5.32512
4.82760 2.46847 7.73363
7.75888 7.67357 0.22658
2.31139 2.69762 -0.06078
5.31454 4.93961 0.03850
-0.05113 -0.02392 0.29126
2.50019 2.79166 0.16868
4.93253 5.02513 -0.12156
7.61772 2.52914 4.75266
7.48960 5.38887 2.48449
4.99967 5.08652 -0.08963
0.31826 -0.15934 0.24229
4.76179 7.71741 2.51806
2.66538 5.16475 7.19844
0.00257 5.51381 5.13036
0.12012 7.63743 7.99347
-0.11468 2.50009 2.03533
2.75090 5.57161 7.76125
7.39289 5.42737 2.52514
7.46496 0.11437 7.27462
5.50273 -0.09846 5.18416
2.55994 2.93498 -0.26949
4.85594 7.54216 2.37751
5.16013 2.91845 7.50931
-0.16714 5.25972 5.37830
4.93858 0.06345 5.19401
5.26259 5.30191 0.10924
0.10164 -0.08521 0.09804
7.74800 5.11599 2.58202
-0.01868 5.00049 5.08488
4.99289 -0.20892 5.10942
2.73170 4.99269 7.66259
4.92862 0.08326 5.01373
2.62093 5.08971 7.52481
7.46085 7.83989 0.07402
5.16352 -0.17802 4.92708
5.32758 4.96476 0.18839
2.43356 0.25440 2.58428
7.61361 0.09589 7.20727
2.68448 0.04538 2.49598
4.98304 -0.09568 4.75409
4.89279 8.01678 2.55502
7.60253 8.01431 -0.01057
0.03491 7.53230 7.94430
0.32791 2.58951 2.75347
-0.20892 0.03491 -0.31467
7.73435 2.28614 5.45293
7.70047 0.30101 7.57871
0.05749 7.65673 8.04532
5.03868 7.68055 2.68694
0.24824 5.18652 5.24863
5.02113 -0.07669 5.33969
2.40215 0.00955 2.87502
-0.00657 7.77459 7.62470
-0.03419 -0.00760 -0.12915
0.06796 5.15623 4.95439
7.83701 7.65324 0.29280
2.52760 5.16876 7.57450
5.13159 2.37309 7.57511
2.69372 2.80203 -0.08932
7.51033 0.14856 7.47974
0.09250 7.79790 7.47758
4.87698 5.03026 -0.08398
-0.02197 0.06817 -0.27186
2.43387 -0.18192 2.37125
-0.01427 2.38962 2.32084
0.12443 0.07536 -0.35707
5.16906 2.83221 7.92582
2.76866 2.61569 -0.02094
2.46067 0.15800 2.34137
-0.35984 -0.27699 0.20759
2.50173 5.42860 7.82798
5.26875 2.39311 7.52614
-0.38366 5.15336 5.32060
-0.24496 -0.28038 0.01181
5.03108 7.54298 2.24774
5.12595 2.27361 7.63168
2.69002 0.04969 2.20698
5.17820 2.89176 7.64298
7.63579 8.00682 0.04158
2.64433 2.37207 0.39926
2.20390 -0.17124 2.73334
4.95326 8.02807 2.49537
4.89690 2.53243 7.48929
7.83753 -0.11683 8.00415
5.16003 -0.17494 5.14176
7.57399 2.40153 5.20808
2.40235 7.63343 5.39277
4.79783 7.68794 2.69023
7.43056 7.47132 0.09702
7.45633 -0.13151 7.68004
5.06147 0.04404 4.91014
-0.32319 2.72873 2.46570
7.73075 2.94678 5.36659
8.00651 -0.05883 7.62193
-0.02977 2.58068 2.81804
7.34812 2.64218 5.20797
4.93396 7.74123 2.59218
2.67657 0.08798 2.45523
7.37861 -0.06365 7.71351
0.00154 7.47522 7.82305
2.65080 7.76094 5.02657
2.25390 4.88848 7.59893
0.25440 7.70201 7.57224
7.84954 2.55830 4.92236
7.61721 5.40304 2.58150
5.34842 0.12320 5.33959
-0.16878 7.54955 7.42954
2.41868 0.11601 2.34445
2.63756 4.85388 7.81576
7.77008 4.82996 2.53038
2.66199 -0.04240 2.19056
4.98468 0.27555 5.13857
-0.04117 4.96764 4.79341
7.65396 2.79905 5.41012
2.27176 7.48272 5.14812
2.50255 4.77216 7.49155
7.49873 4.99792 2.37484
2.63150 2.29065 -0.04035
2.38644 7.56444 5.26732
8.01329 5.14401 2.81702
7.64565 7.41198 0.28448
0.24824 2.40133 2.80726
-0.09045 0.10893 -0.03193
7.81001 5.02195 2.77071
-0.17114 -0.23952 0.07002
2.45143 2.49896 -0.02649
5.51484 0.15615 5.02071
-0.08614 7.85303 7.93208
0.20615 -0.08285 -0.13603
5.04289 2.72092 8.07376
7.67008 7.89995 0.13695
5.11465 0.15913 5.00172
0.06601 -0.11427 -0.14568
7.86104 2.45954 4.97544
2.55789 7.57614 4.89577
0.01643 5.15777 4.89875
2.53633 2.53418 -0.06437
0.20441 7.72449 7.47882
2.74813 0.24927 2.72585
0.03265 0.26138 0.21334
2.71497 7.99871 5.10962
5.36557 7.56249 2.30770
7.88403 7.57912 -0.12094
7.89040 5.03786 2.86753
-0.17802 2.91516 2.69823
-0.09784 -0.16919 -0.26590
2.35123 7.53600 5.47162
0.14691 5.32922 4.71611
7.92767 7.60407 -0.19373
4.76765 2.56395 7.76166
7.73928 7.31353 0.14712
7.53097 -0.30851 7.96031
4.95655 4.86097 -0.18090
-0.16252 -0.12905 0.21888
7.27954 7.55468 -0.09445
4.92657 0.09876 5.05880
-0.32658 7.92356 7.69903
5.35437 7.53241 2.45748
4.90891 2.50040 7.44278
0.16180 5.11640 4.97698
-0.07813 7.58507 7.89707
2.48520 5.12944 7.74544
7.71915 7.61187 0.16714
7.86976 0.06940 7.65981
0.12484 -0.29290 -0.14024
5.26475 7.65612 2.42484
7.78989 7.81946 0.09466
-0.02556 2.69433 2.48408
7.51259 5.12769 2.65614
5.14381 7.74153 2.30215
2.49783 -0.35994 2.64300
0.29208 -0.33130 -0.03778
0.19753 4.81898 5.09628
-0.12648 2.32751 2.82348
7.63682 2.36581 5.19206
-0.27637 4.98334 4.95912
5.30972 2.68212 8.09460
-0.19486 5.01178 4.78274
-0.27175 7.94543 7.83301
2.77431 4.89331 7.94019
7.62727 7.12411 0.05934
2.17362 2.53726 0.00513
7.54370 7.47892 0.26857
2.23583 2.40492 -0.04055
0.03203 5.08888 5.41998
4.94023 7.71494 2.51621
7.56567 7.91011 -0.01099
2.60491 2.59310 0.05595
7.79574 2.33880 5.24463
2.82646 5.19997 7.57963
5.00439 7.60058 2.21427
2.16674 -0.04907 2.66261
2.39260 7.60735 4.69742
2.62729 2.75614 0.27473
2.61200 -0.24527 2.32741
7.94697 2.39260 5.04371
0.13983 4.91158 5.29226
0.03152 2.88796 2.49496
5.22697 2.16540 7.66659
7.58384 2.47145 4.61385
5.24678 2.20206 7.35911
7.64215 8.13217 0.08295
2.35636 0.43263 2.82800
-0.05277 7.86545 7.35274
5.00737 5.41813 -0.05739
7.42748 2.35061 5.05921
0.00513 5.53681 5.21588
0.41815 2.76302 2.77215
7.59688 4.75173 2.57647
5.03704 7.26794 2.50379
8.08341 5.29524 2.43387
-0.21241 2.82656 2.72544
2.77082 7.35449 5.03663
2.75850 4.99104 7.84584
7.57563 7.71412 0.15369
0.07597 7.81094 7.43683
-0.11273 -0.10605 0.24085
2.65152 5.47429 7.84943
4.90234 2.50984 7.56300
7.69913 0.15944 7.69821
5.24853 2.49424 7.48734
7.43816 7.69462 -0.09496
2.37227 2.52196 -0.11478
7.96924 7.50233 0.02197
2.47566 2.68694 -0.19886
7.67244 -0.01540 7.31599
7.46085 2.47371 4.80912
2.62616 7.36475 5.01199
4.75635 0.13059 5.24031
-0.33068 0.28839 0.16437
7.48251 4.92626 2.55974
5.31608 8.09706 2.55214
-0.02146 4.81210 4.79824
4.88992 2.37474 7.77326
-0.34711 7.64534 7.82695
-0.02700 5.67746 5.22984
5.17635 -0.40532 4.99269
2.58366 7.24607 4.94844
7.48446 8.09306 0.20071
-0.16508 8.01606 7.70899
4.90327 5.12143 -0.23356
2.56487 7.59863 5.32204
7.29771 5.18816 2.66713
5.02605 7.76494 2.74987
5.15192 2.97574 7.74359
-0.27915 5.07164 5.19412
2.17937 2.58428 0.03706
5.37060 2.82780 7.80796
7.81535 5.39236 2.76312
7.81042 7.71371 0.16498
7.61474 2.72790 4.87596
7.77695 5.16804 2.28850
0.37329 5.22563 5.20079
2.44537 -0.15759 2.50728
4.83664 -0.22607 5.32676
7.63271 2.70450 4.84485
2.70655 0.09384 2.29866
5.02082 -0.34208 5.22789
7.56002 4.74927 2.73047
5.45529 7.75426 2.14610
4.79691 2.26571 7.55818
2.37556 0.23736 2.40595
4.94721 0.04969 4.74342
0.24414 -0.22494 -0.41723
2.74854 7.25685 4.94084
-0.42924 2.63633 2.44455
4.94392 4.89362 -0.36467
7.51968 2.83673 4.94567
2.20678 7.65673 5.27686
2.04611 5.11773 7.44637
5.07656 8.00312 2.36714
5.12092 2.39958 8.08331
7.48703 7.38139 0.12166
2.40934 2.72606 -0.30502
4.92595 7.90826 2.75532
5.10808 2.77061 8.06072
7.50664 -0.06078 7.56249
-0.15975 -0.07402 0.25132
2.54578 7.85467 5.52973
7.63363 0.35594 7.81114
5.35006 0.04178 5.41597
-0.08470 2.85490 2.75757
0.02228 0.20215 0.29896
7.64780 2.64834 5.41053
7.44863 5.26475 2.42925
-0.27535 5.08796 5.19678
2.24487 0.12453 2.86096
2.20955 4.81970 7.61361
0.17453 -0.39731 -0.11386
2.32063 7.56937 5.02030
2.55122 5.44133 7.81258
2.42432 5.37932 7.57840
5.01024 7.53703 2.29928
2.55399 2.73365 0.27802
2.61579 0.11981 2.92512
7.52943 -0.21015 7.58918
-0.05523 7.68189 7.41752
-0.34115 -0.01109 0.03870
4.77001 7.70755 2.50759
5.00419 0.25759 5.29965
2.90562 7.87890 4.98601
2.88426 5.23107 7.76042
0.09230 -0.09445 0.29886
8.04922 2.81702 4.77760
5.24853 7.44021 2.83981
2.33963 2.27834 0.24475
-0.06026 -0.34855 -0.40121
-0.14353 2.62319 2.33203
0.08870 5.48004 5.31054
-0.14866 7.84163 7.27626
5.23549 2.72544 7.83486
-0.16231 4.88633 5.03303
4.96938 0.35481 4.85994
5.30191 7.78804 2.60450
5.09525 -0.33715 5.21711
2.35821 7.66084 5.27851
-0.25553 5.01394 5.15161
-0.08265 7.81135 8.03444
2.16315 5.06383 7.63292
5.07954 7.97479 2.49342
4.94916 -0.16991 4.88992
4.93478 5.23580 -0.12299
-0.26364 -0.01211 -0.17586
2.55019 7.93424 5.03232
5.43897 7.66577 2.72534
4.89936 2.74916 7.82007
7.40141 7.80139 0.11067
2.22187 -0.07217 2.49403
2.52340 7.82028 4.88581
5.05429 2.39229 7.30747
0.01222 -0.37832 -0.01530
0.24681 7.83527 7.84091
-0.30594 -0.11930 -0.13326
7.38211 5.15911 2.19312
0.04651 7.85724 7.51608
7.49072 2.48633 5.42254
5.28117 2.71795 8.08197
5.28867 0.26323 5.49256
5.09217 5.15921 0.60921
-0.01181 0.42503 0.02146
7.67265 2.79515 5.58650
2.46785 7.79092 5.27994
4.93663 7.88988 2.63089
5.44913 2.72000 7.92746
2.47052 5.12882 8.05076
2.28367 2.48767 0.00708
-0.18295 -0.01047 -0.23787
2.39681 5.28241 7.84030
7.64647 4.76919 2.57144
7.64339 7.32615 0.02618
7.49319 2.59269 5.18446
-0.28510 7.75960 7.90313
2.68561 5.10818 7.47779
7.81155 5.47059 2.76948
5.04310 7.82161 2.81322
4.87082 2.86085 7.88383
-0.20451 -0.09907 -0.21601
7.83404 2.53726 4.69506
5.23128 2.70111 7.73363
7.79656 7.86545 -0.17658
2.68129 2.82030 -0.00421
7.87366 0.08018 7.37174
-0.15800 0.01735 -0.36220
7.81874 2.34692 4.81734
2.37412 7.94327 5.07554
7.66135 7.61752 -0.43222
2.67185 2.38901 -0.35809
0.02741 3.03764 2.57801
2.83324 5.24812 7.89420
7.60982 2.52627 5.50252
2.87543 4.80009 7.92397
7.67460 5.35704 2.27484
4.88561 2.38470 7.97961
-0.08521 7.37800 7.86093
7.86114 2.57545 5.38138
2.70593 7.48508 5.32327
0.36097 4.80009 5.48219
-0.02218 7.61218 7.96452
7.73271 2.34897 5.35437
4.90357 2.59126 7.57943
7.82387 2.60029 5.45057
2.28254 2.78776 0.13583
7.77685 5.23652 2.22916
4.77997 2.56867 7.61115
7.58887 7.58405 -0.29034
2.68725 2.68694 0.25184
2.39435 0.17176 2.59516
4.88622 -0.07638 5.32193
-0.25225 5.31331 4.98868
7.58127 7.80046 -0.26272
7.71227 0.14465 7.44576
2.72924 7.88106 5.04741
4.95131 0.23685 5.47193
0.01581 0.14702 -0.32760
2.76692 7.58097 5.22029
5.10100 7.34710 2.50810
2.37227 7.49678 4.99515
8.05097 5.35602 2.22259
0.21457 7.38652 7.35356
5.20489 2.37535 7.98752
5.23015 2.64916 7.88947
5.32676 5.08211 0.41641
-0.19373 -0.05595 0.08922
2.44116 7.42841 5.19822
2.48603 5.15408 7.98926
-0.14404 4.91959 5.06188
4.95532 5.06938 -0.29249
7.59021 4.83263 2.70604
7.40212 8.01668 0.19014
2.46755 2.53838 -0.29598
7.42163 -0.05667 7.74923
0.05256 2.52381 2.54352
2.57072 -0.10369 2.42781
7.84872 0.13624 7.82172
-0.14989 7.83537 7.92335
2.21663 5.08775 7.67265
4.89495 2.40184 7.66094
-0.09178 5.24873 4.90173
4.81929 5.15356 -0.00031
2.66507 7.83783 5.12851
2.55183 5.17379 7.59277
0.32237 2.37258 2.49516
-0.21539 0.15369 -0.07392
7.93187 7.66792 -0.19106
-0.14897 2.80080 2.92050
7.86422 2.53335 4.68644
0.37134 5.09535 4.83161
-0.01273 2.52011 2.26119
0.09753 -0.30912 -0.14907
5.16445 7.43498 2.44722
7.57655 7.33457 0.10195
-0.18695 7.34966 7.66012
0.14835 -0.14157 0.07813
2.64300 4.80430 7.74728
-0.36364 5.22717 5.22122
2.52442 0.33530 2.41981
5.19976 -0.05996 5.45139
2.31540 7.25182 5.09299
7.82921 5.15572 2.83622
-0.38622 5.20561 4.99957
5.11034 -0.20738 5.12266
7.63384 2.25554 5.09289
2.40420 7.62830 5.32327
2.39414 2.50656 0.09948
0.07002 7.89964 7.78168
5.16270 7.97428 2.68499
0.03809 5.05192 5.17687
0.23336 0.04990 -0.16488
2.96280 7.76504 5.29360
2.36919 4.95193 7.65909
7.56598 5.38456 2.76281
-0.14137 5.29041 5.26844
7.73907 7.53220 -0.32165
2.38613 2.50584 -0.11540
7.41208 5.11404 2.51498
5.39431 7.64308 2.48592
5.14709 2.62154 7.44052
5.10254 4.88735 -0.16816
7.84399 2.58541 5.44349
7.48652 7.76700 -0.37452
2.47987 -0.28643 2.56169
-0.11796 7.57984 7.37779
2.83314 8.02171 4.97688
7.52183 5.46330 2.51580
4.62823 2.67370 7.64349
5.32850 -0.06868 4.74763
0.47010 7.85467 7.59975
5.30694 5.46731 0.14650
0.21529 0.23685 0.20184
7.31476 2.71610 4.99885
5.19422 -0.38797 5.07441
5.17163 4.79793 -0.21683
7.64513 2.26304 5.32183
2.32864 7.50807 5.33343
7.76946 4.95419 2.76815
0.27832 2.55255 2.92635
0.00852 -0.31200 0.00903
2.74176 -0.18377 2.71815
7.65181 -0.08470 7.95087
7.73928 2.95633 5.47490
4.93571 7.81689 2.78427
-0.15112 7.59051 7.72121
-0.06899 2.79289 2.55019
7.42102 2.58304 5.12441
2.67760 5.19237 7.52224
-0.26046 5.26588 5.19134
4.89557 5.01086 0.05051
2.53695 7.53333 5.35294
2.44167 2.32577 -0.10574
-0.05626 2.53541 2.11982
5.01825 2.68181 7.35921
-0.32391 5.04926 4.88684
-0.30327 2.70450 2.71795
0.02115 0.30399 0.22976
8.24818 2.52668 4.95121
2.70101 0.17782 2.27454
5.49965 2.78129 7.48138
2.58849 -0.13973 2.34620
-0.16016 7.20224 7.81668
2.95572 8.13946 5.28169
4.73869 7.77839 2.59167
7.49185 7.77931 -0.29290
5.41998 -0.17474 5.33928
-0.07525 -0.04456 -0.30307
2.08635 7.58302 5.22029
4.91805 8.08669 2.76024
7.46988 7.61094 0.27648
5.35212 5.00449 0.02680
7.58569 2.42997 5.28005
2.73314 4.92678 7.82490
5.41762 2.81219 7.68117
5.04618 -0.16046 5.09905
-0.13849 -0.08839 0.10954
0.04014 5.55950 5.22717
2.77102 7.33858 5.09083
4.83756 7.67172 2.51344
5.08426 2.44845 8.04737
2.57925 -0.29639 2.46724
7.94040 -0.13110 7.69133
-0.07464 7.73127 7.88208
2.66600 -0.08737 2.35780
0.17761 7.60663 7.88290
7.34823 2.48716 5.10223
7.43354 4.77196 2.55491
5.17820 8.04080 2.62514
7.47594 7.45346 0.01376
-0.17699 2.51138 2.48531
5.20243 5.02811 0.25091
0.01797 -0.20410 -0.31682
2.62473 7.13417 5.16691
5.18395 7.44381 2.34301
0.07679 5.47583 5.10613
-0.28582 2.47104 2.38275
5.14935 4.93078 -0.45973
4.70369 7.39874 2.53274
7.55017 7.40582 -0.27401
2.11654 2.44948 0.12422
7.85590 0.37565 7.46557
2.94483 5.34719 7.89153
7.40254 4.71734 2.45482
-0.47616 2.44547 2.66651
4.85563 5.04371 -0.32955
5.25397 7.35428 2.73160
-0.16786 2.69300 2.78119
7.50684 -0.13757 7.42153
5.02821 -0.30799 4.91528
0.12556 3.06341 2.67175
5.06034 2.45348 7.81145
-0.09055 4.78808 5.30438
4.79054 5.06948 -0.19024
2.79310 2.73129 0.07638
0.01365 -0.00791 -0.32781
2.41539 7.41537 5.12307
2.44486 5.15705 7.43611
7.76710 5.27460 2.28891
-0.11899 5.39328 5.00655
7.60838 7.45110 -0.27966
2.28429 2.62647 -0.05256
7.48877 0.24003 7.61259
-0.10369 2.25996 2.80644
2.28049 5.39216 7.39381
7.21897 4.92749 2.62462
7.14639 -0.13408 7.48231
-0.24383 -0.35029 -0.07074
4.82699 -0.30717 4.94916
0.23325 7.87490 8.13505
4.76025 5.48137 0.17874
7.68918 5.63095 2.44547
-0.12505 3.04278 2.47853
-0.07751 0.29804 -0.21200
7.76679 4.82678 2.59269
5.11188 2.93046 7.86186
0.16283 2.91085 2.49917
4.81888 7.56834 2.58376
7.63446 7.27451 -0.20492
2.17475 -0.14486 2.54845
5.28148 0.39906 4.88684
-0.14127 2.92697 2.37751
5.53835 5.19627 0.04579
7.44997 5.10747 2.66959
5.16722 2.59033 7.51444
4.86733 5.11024 0.06776
2.70573 5.20643 7.43837
2.65265 5.30181 7.41003
5.29586 7.32369 2.41929
7.34012 7.54750 0.01879
4.96148 -0.10554 4.90470
2.37053 7.41198 4.93386
2.38275 4.99977 7.34699
7.33149 7.73856 0.00667
7.58199 -0.15492 8.01011
2.70480 5.61638 7.44771
2.69721 0.39126 2.73632
5.14709 0.35543 4.99484
2.36960 4.71816 7.59924
-0.34639 7.86945 7.78383
-0.02669 -0.18459 0.21662
7.46845 5.53845 2.30842
4.98088 7.98967 2.70583
-0.14250 5.38250 4.89516
2.53510 -0.18172 2.89135
-0.51476 2.51385 2.74577
5.58845 5.35530 0.26375
5.06312 7.64103 2.50348
7.56095 0.15307 7.96493
5.26454 -0.25759 5.05696
-0.24732 2.49783 2.50717
7.86750 5.25027 2.32515
5.27101 7.97140 2.67000
4.87144 2.53869 7.74236
4.80635 -0.13018 5.14925
7.41270 2.65152 5.26382
2.55358 5.11075 7.34556
0.18983 5.17019 4.84300
4.94967 5.02605 0.17422
2.32053 2.29969 0.24219
5.05706 0.40789 4.92513
-0.00216 8.05671 7.46188
5.02133 4.89464 0.25481
-0.10092 0.01047 -0.41980
0.15225 2.43069 2.78232
7.51341 2.27064 5.36803
7.61002 5.39606 2.38808
5.33230 7.41752 2.91352
2.77318 2.21776 -0.21857
0.29126 5.27389 5.21311
2.51395 2.04642 -0.17997
-0.02351 7.76309 8.10240
0.08942 2.81825 2.89699
2.47473 7.58559 5.53619
5.00727 7.89563 2.71661
7.26024 7.48621 -0.15687
5.45006 0.21652 5.26270
-0.12525 2.76630 2.80613
5.35797 4.92257 0.09076
-0.18182 2.68119 2.27146
4.85029 7.46352 2.72051
0.08336 5.11578 5.12656
7.54822 4.96332 2.21171
4.94751 2.44568 7.86679
7.31178 2.59783 5.31906
7.70529 5.46166 2.28655
-0.07864 5.06342 5.47490
7.40674 7.53682 0.20389
-0.26364 2.70727 2.81055
2.41478 5.43014 7.66597
7.89184 7.60006 -0.41559
7.84492 2.15442 5.25489
2.67770 4.77237 8.16297
7.57511 5.44564 2.70891
7.51249 7.77808 0.22401
2.60152 0.32801 2.84063
5.26290 -0.07525 5.49153
2.79525 5.03694 7.92808
4.96456 7.98126 2.56415
0.18664 5.32378 5.33785
2.54424 3.10612 0.18398
2.32382 0.37195 2.59054
0.25348 4.89670 5.05326
0.03624 2.82266 2.65686
5.24391 7.80652 2.83817
-0.07310 2.31499 2.37114
2.35133 4.88150 7.95189
2.22557 5.08621 7.56957
7.50992 0.16919 7.49524
0.01540 7.67254 7.96462
5.30551 5.32450 0.29352
5.30848 2.53212 7.38837
2.55953 2.22474 0.23038
2.43664 -0.02187 2.29938
7.53364 0.06417 7.98536
-0.43468 0.09353 0.14753
-0.12607 -0.05195 -0.48458
7.96339 5.15551 2.33614
7.39381 7.73928 0.18788
4.95819 4.84824 0.24660
5.33815 2.24086 7.80950
2.33521 2.83385 0.38622
2.60183 -0.22699 2.92276
5.45283 7.50243 2.67513
-0.12114 5.28066 5.30848
2.57863 2.12732 0.06119
5.17625 2.70193 8.00867
-0.02156 5.15531 5.41700
2.61169 2.69680 0.35758
2.36755 -0.04897 2.93128
-0.13993 -0.05102 0.44803
5.06599 8.06000 2.42176
0.01211 2.71333 2.82092
2.40030 5.25027 7.58292
5.11352 2.31653 7.88003
7.98998 7.85303 0.24763
-0.38273 0.04189 0.19065
2.49177 5.40078 7.58507
4.85717 -0.23685 5.16044
4.87904 7.56372 2.82975
2.38552 2.75306 0.25461
7.45315 7.81258 -0.04497
2.75182 0.00431 2.23747
5.02790 0.24989 5.06045
7.45633 2.62421 5.34739
0.05585 5.06168 5.50529
7.95929 7.87233 0.29321
5.05613 5.06568 -0.28243
2.69587 7.84564 5.42624
7.44350 7.75601 0.14209
7.97407 0.37544 7.95077
4.88089 7.57091 2.57647
4.81929 2.38921 7.60838
5.59810 -0.13839 5.08272
2.32043 2.49065 -0.15502
7.34617 -0.12443 7.65612
0.08983 2.95880 2.51867
5.21588 5.12574 0.21488
7.65376 7.74923 -0.31610
2.43849 -0.11211 2.20442
2.53582 2.80429 -0.05965
5.14268 4.85891 0.08254
2.29538 7.67172 4.99464
7.55222 7.71700 -0.27299
2.70234 0.12802 2.93549
4.89413 5.07123 0.26292
7.47923 5.29452 2.45944
5.28230 2.56374 7.46126
0.19055 5.25664 5.33959
7.83712 7.84471 -0.26210
5.02349 0.01827 4.77802
2.29712 2.56313 0.24024
5.05880 0.18993 5.29021
7.90878 2.49937 4.79916
2.67246 7.78137 5.54389
-0.30112 5.35294 4.99618
7.49688 8.18022 -0.02156
7.36753 0.10102 7.76658
0.22648 7.90179 8.08772
5.03006 4.92811 -0.21406
5.43065 2.80850 7.68681
2.32074 -0.17124 2.57401
5.47634 5.19165 -0.10174
2.25647 5.01661 7.49668
7.42317 4.93181 2.54280
2.28624 2.30913 0.27381
2.20123 -0.03604 2.35790
-0.29680 2.45061 2.32823
2.69803 7.49606 5.33590
2.40010 5.03129 7.80724
4.88078 2.52052 7.82480
2.70378 -0.11776 2.96342
7.65684 0.03388 7.45038
7.59226 2.32094 5.08734
7.33508 5.04782 2.60286
2.23758 2.66784 0.03275
0.00359 2.42710 2.78314
4.86004 4.88509 0.06160
-0.27350 2.52545 2.58417
5.35386 7.67870 2.40574
-0.36395 5.33240 5.06168
2.33460 0.07320 2.45697
7.76823 -0.01612 7.43426
0.28808 2.45831 2.56836
-0.01376 0.22555 -0.03737
0.23787 -0.01376 -0.12412
7.98013 5.05090 2.32258
2.55994 2.54167 -0.20749
7.59924 -0.28582 7.46629
0.10451 7.61834 7.44155
-0.12258 2.31920 2.56580
0.36692 -0.12402 0.16796
5.43127 2.95551 7.54154
-0.15985 7.40469 7.89974
4.75348 5.18005 0.20163
7.33724 2.45348 5.03940
7.87069 -0.05256 7.47153
7.76884 2.20082 5.19237
2.47576 -0.13849 2.21858
5.15202 -0.21950 5.10336
2.31745 2.35102 -0.35543
7.43272 0.06796 7.43939
-0.36579 7.66946 7.69113
5.20346 5.04125 -0.19198
2.35133 7.78075 4.83807
8.00199 5.32994 2.65070
-0.37596 0.10677 -0.04990
4.85296 7.82048 2.60707
0.04066 5.41074 5.18426
2.26478 2.51539 0.17248
2.20113 -0.20030 2.37607
7.93321 0.12166 7.79482
5.38846 4.95131 0.23972
2.58736 7.68671 5.32358
2.42299 2.56682 -0.39105
-0.21601 2.48171 2.56292
7.60376 5.13734 2.76384
7.87233 7.56896 0.18244
2.62801 2.31848 -0.15821
4.86241 2.42186 7.75745
7.36958 7.78085 -0.10503
4.94269 -0.24403 5.17102
2.79330 7.64534 4.86538
7.34124 5.16475 2.36498
7.32923 4.94443 2.50563
5.46956 7.33796 2.46252
0.15359 7.52584 8.11092
0.31908 2.41272 2.71035
4.83869 5.16434 -0.25276
2.43901 4.63665 7.51064
7.53857 4.95912 2.22197
0.34988 5.14360 5.44318
0.28233 7.56351 8.11852
2.26930 2.45985 0.22689
8.08751 -0.14034 7.52933
7.56043 2.08543 4.93365
5.19730 7.56567 2.94812
5.07759 4.84721 -0.15554
4.93335 7.99666 2.49598
0.02125 7.99234 8.12653
2.34969 7.47830 5.15726
7.78804 4.92842 2.79967
4.97328 7.52132 2.90931
2.01798 0.11642 2.60347
5.00028 5.22995 0.40101
5.06979 2.72226 7.97890
2.23789 4.87647 7.67891
4.85871 7.92335 2.37063
2.36837 -0.17309 2.53068
7.44904 -0.01653 7.82449
2.29671 2.77020 0.07484
7.88444 0.17166 7.40890
5.22060 7.56916 2.27577
2.61867 2.48685 -0.22258
7.34689 0.00400 7.56793
7.79800 2.97235 5.07235
4.93027 2.85439 7.99183
7.17637 7.48518 0.13757
2.45369 2.96783 -0.11119
2.74700 -0.19014 2.07691
4.79064 0.20974 5.10305
0.40840 5.10500 5.17902
2.43531 2.68150 -0.55182
0.18562 2.42391 2.10093
5.10849 4.85717 -0.39885
2.97584 2.61980 -0.02187
0.08111 2.77441 2.82236
-0.20903 7.74348 7.83968
2.72287 -0.13870 2.81969
8.00333 2.38788 5.33856
7.70006 7.23632 -0.01786
4.75348 5.00295 0.14517
5.29822 7.79092 2.70953
5.21054 2.73057 7.40438
7.42461 7.51885 0.21077
2.36519 2.60460 -0.12340
5.34780 4.89290 0.17843
-0.40378 -0.16632 0.39423
7.65684 2.61795 4.81261
2.87933 7.76494 4.95706
2.37566 4.90624 7.87141
4.92144 7.95805 2.37330
7.78568 8.02550 0.08049
2.38162 -0.19763 2.79484
4.86271 2.67811 7.73075
-0.36292 7.29494 7.71207
5.03344 2.89309 7.43313
4.71364 -0.05564 5.20120
-0.23418 7.64985 8.11934
-0.21590 2.87153 2.72873
2.79084 7.66741 5.54318
5.07903 0.39392 4.94269
-0.03891 2.95808 2.60142
2.70244 7.67490 5.53332
7.41927 7.69287 0.01099
2.35379 3.11680 -0.17905
-0.40635 2.82872 2.76640
0.18151 0.38694 0.28438
7.90241 5.54410 2.30431
4.94238 8.09932 2.53079
5.12923 5.62099 0.17915
0.21488 0.19722 0.28910
2.40728 8.07458 5.11198
4.78048 7.16897 2.61292
7.43898 7.64944 0.13644
2.48171 0.17987 2.99329
7.41321 2.47247 4.97339
4.75348 7.91052 2.49219
2.31653 -0.02628 2.86537
-0.40624 7.58928 7.71125
2.39116 2.30667 0.07094
0.12279 2.44937 2.24949
7.81761 2.37607 4.85296
4.82206 0.06273 5.09545
-0.22093 7.70601 7.28632
-0.09065 2.88190 2.89011
5.15859 4.81990 -0.13767
7.45951 5.16147 2.33593
2.17690 7.71926 5.38333
7.78270 7.93834 -0.34454
2.38665 0.08542 2.31663
4.83602 -0.12166 5.33004
5.35201 4.95244 -0.28377
2.42771 5.63527 7.56711
4.83623 2.91445 8.00425
0.17217 7.43005 7.98588
7.57553 5.27779 2.94863
-0.10790 7.84399 7.30429
0.25399 0.32380 0.18264
7.27195 2.30010 5.20182
5.02472 8.02191 2.64392
7.61177 7.98095 0.13131
0.15841 0.12669 0.30984
7.40397 5.29247 2.32115
5.13436 2.44075 7.42512
0.14999 5.31875 5.38363
5.33590 5.10398 0.25728
2.67513 7.62316 5.35417
4.91908 2.28029 7.77644
2.44157 2.47576 -0.32329
0.09825 2.25821 2.77328
7.48097 2.13235 5.11938
4.83048 7.60140 2.44989
5.00388 2.47268 7.48806
2.27187 2.35307 -0.06899
2.29610 -0.17966 2.40677
4.96661 0.09568 4.74444
2.75028 2.37915 0.22052
5.46741 5.26444 0.06067
7.75375 2.56980 4.68726
2.30482 7.96432 5.28744
8.18905 7.66905 0.07361
7.73127 0.42852 7.49370
0.11827 5.46659 5.49708
2.17854 0.23459 2.34507
8.04573 2.87061 5.17646
2.96947 5.11547 7.75847
0.15502 5.46946 5.17040
-0.31580 2.69998 2.73827
5.31834 5.34934 0.19219
5.13734 2.60440 7.97325
-0.05133 4.93735 4.86015
2.71055 2.80726 -0.49525
2.47145 0.26878 2.85192
-0.31713 2.42309 2.29671
7.90775 7.60253 0.28859
2.88662 7.99029 5.26619
-0.21477 7.96616 7.86381
5.30571 4.74506 0.14507
7.24525 7.59524 -0.07474
-0.38448 7.76361 8.07591
-0.41579 -0.02885 0.15543
5.44749 5.22604 0.02957
7.54165 2.61959 4.83315
2.59506 2.43726 -0.36857
7.88896 -0.06571 7.39422
-0.16919 7.48138 8.05148
2.88467 7.71505 5.44482
5.00018 2.84792 8.05333
2.35082 2.76897 0.06273
2.52853 0.00370 2.96886
7.83321 0.11098 7.90138
7.61772 5.55170 2.85901
5.28590 7.93085 2.61179
0.21211 5.32142 5.34380
7.51013 0.24588 7.56998
7.69934 8.04224 0.02864
5.20028 0.31179 5.30612
0.03018 2.86044 2.55799
4.96004 0.06899 5.42686
4.76528 5.44226 0.12597
8.10035 2.74412 5.00932
2.67729 7.58056 5.45098
7.30593 -0.00760 7.75344
5.02934 5.18826 -0.24824
2.25400 7.85857 5.19637
5.19976 8.08248 2.86301
3.11403 0.07556 2.59269
-0.04979 2.37309 3.04288
7.71423 5.48784 2.56487
2.55389 0.32442 2.65039
4.95891 -0.02762 5.44934
0.09373 5.40242 5.14217
2.30143 0.14086 2.62493
5.04946 7.97951 2.53202
0.12946 7.66905 7.93762
0.16786 0.31364 -0.22720
7.49237 2.83262 5.14227
7.41373 0.06663 7.54134
0.09045 2.73160 2.72205
7.83773 2.37484 5.41135
5.00008 2.31499 7.40100
0.21673 5.01147 5.37984
-0.02341 2.86147 2.45348
2.43818 7.94132 5.18097
2.45810 2.26283 -0.05739
-0.22555 7.80519 7.48251
-0.35871 2.40718 2.32484
7.65807 7.77644 -0.27309
-0.00267 5.42645 5.21968
2.46580 7.65427 5.53106
4.96702 2.84556 7.78137
-0.18028 5.20048 5.48117
2.78478 0.42452 2.61559
7.60314 2.87923 5.42357
2.50738 5.38589 7.88455
5.16383 2.78827 7.94912
-0.09763 5.40181 5.35027
2.56497 0.16098 2.88016
7.66289 0.33191 7.84779
7.80426 5.01815 2.19220
2.49917 0.23592 2.64505
5.50663 -0.24342 5.01527
7.60807 7.44925 -0.37842
7.75026 0.25872 7.94481
0.15656 7.51783 7.64257
7.96596 0.11591 7.89040
2.21540 7.56454 5.26341
7.98577 5.40376 2.54003
5.14946 7.86422 2.62319
5.34236 -0.05020 5.24391
4.98160 4.77637 -0.04702
4.81426 7.72706 2.57832
5.57736 -0.08993 5.15675
2.45091 5.08621 7.40274
0.04189 5.21598 4.90676
2.66692 -0.11232 2.21520
5.32306 4.96055 0.09137
2.63027 4.96682 7.49370
2.55666 2.43048 -0.32155
2.48325 0.13069 2.86907
-0.35820 2.47309 2.57729
2.41170 7.32800 5.10757
7.93639 4.98961 2.29332
7.39484 7.78496 0.24321
4.72925 0.00154 5.28200
-0.20245 2.69947 2.93631
7.93383 5.25777 2.36930
5.40273 7.32328 2.51046
5.10213 0.15338 5.38938
5.46104 2.62596 7.43929
7.76084 2.98508 4.84382
7.67737 5.11188 2.81466
5.36844 2.56477 7.98783
0.00924 2.29076 2.87471
2.68499 7.63158 5.44749
5.37686 7.91370 2.57771
0.20625 4.90984 5.31937
7.69739 -0.21334 7.90631
5.32070 -0.31682 5.26937
-0.01992 2.44845 2.95366
-0.05441 -0.01602 0.14014
2.64926 4.85922 7.82983
2.65635 2.37104 0.19989
2.74864 -0.16775 2.66097
7.91843 -0.01519 7.67111
-0.08449 7.72028 7.39709
5.25150 4.92832 0.19034
2.63920 5.02143 7.91658
-0.13121 5.39873 5.06948
2.47124 2.47073 0.32678
-0.23726 8.03023 7.62131
5.12194 5.54677 -0.24424
-0.20112 -0.26744 0.16714
7.64575 5.35869 2.56939
5.18067 2.86332 7.99224
0.14455 5.19412 5.45098
0.17730 2.83580 2.30143
2.34958 7.91555 5.33199
4.86651 0.28787 5.07451
5.00398 7.44473 2.48141
-0.13644 5.37337 4.85163
7.54278 2.35585 5.23333
2.62914 2.31355 0.11694
2.89566 0.24003 2.66682
2.81917 8.00261 5.08272
2.84710 5.38846 7.52419
7.46116 4.78418 2.35431
5.10285 2.70470 8.01144
7.33108 7.66751 0.22268
2.49013 -0.11694 2.04416
5.06322 -0.26179 4.82976
2.62688 7.30326 4.85491
7.71874 4.80707 2.46919
5.01147 4.80604 -0.00637
0.09979 2.43110 2.92964
7.74092 7.31240 0.06088
-0.25173 2.53346 2.36837
2.66918 5.51741 7.66679
2.40821 2.44332 0.20779
4.81929 -0.12720 4.88797
-0.40378 7.61197 7.70591
-0.33222 -0.04887 -0.17699
2.48202 7.42861 5.20407
2.53151 5.15777 7.70427
-0.18603 4.78264 5.29781
5.10767 -0.32370 5.22071
7.77264 2.32864 5.05634
2.43397 -0.08511 2.75932
4.93735 -0.09979 5.43866
5.09864 5.03119 -0.24804
4.82462 -0.17104 5.34123
5.43456 4.93160 0.24065
2.75080 -0.17196 2.26889
7.91606 -0.27607 7.66402
2.78601 2.33367 0.39731
2.58807 -0.33561 2.34466
4.89125 -0.33171 5.27327
-0.08162 7.89276 7.18540
2.69290 7.82613 5.62028
2.55461 4.59507 7.87993
4.91836 7.44206 2.70470
7.30695 2.57052 5.13580
-0.12422 5.45632 5.31659
2.77636 2.40400 0.24783
2.18142 0.19660 2.44989
-0.27699 7.31558 7.92879
0.11324 2.89853 2.70963
5.34667 5.42686 0.21991
7.37687 2.30082 5.01230
2.19169 5.12954 7.66248
-0.01129 5.31752 5.33733
7.98464 4.89331 2.72452
5.00347 7.28683 2.26981
-0.21098 8.05117 7.65684
7.81124 5.19514 2.27259
0.01899 7.31414 8.14111
0.22504 0.22114 -0.40594
7.25008 5.07882 2.79392
5.30376 7.42800 2.22464
2.19446 -0.09394 2.59793
5.10110 -0.17412 5.46720
7.62285 2.35174 4.60349
7.25901 4.98868 2.43695
7.46721 7.83434 -0.44598
7.40572 0.02988 7.86001
2.53284 4.62936 7.81371
8.05692 7.74667 -0.24393
2.91167 2.52083 0.06961
2.81240 7.09351 4.93571
5.18097 -0.46281 5.27738
5.11075 4.70471 0.23603
0.20451 0.31148 -0.44248
5.03704 2.88098 8.05117
8.05168 5.16927 2.64054
0.39588 5.33702 5.29596
5.43558 4.98879 0.13213
-0.06776 7.31722 7.67234
-0.24136 0.03583 0.18048
7.64626 2.75665 4.88674
2.22259 5.31362 7.78301
2.68715 0.17494 2.81969
2.29004 8.09275 5.33271
4.87606 2.41704 7.53015
4.81015 -0.10903 5.02554
-0.14147 2.31458 2.90746
2.27187 7.90313 4.81189
0.09897 5.05696 4.78972
7.97417 7.72809 -0.28962
2.30308 -0.12104 2.50163
4.90440 -0.31292 5.02595
7.92869 2.24538 5.07266
2.88560 5.03724 7.45756
4.71601 0.02526 5.22491
7.71433 2.56949 4.65779
2.07444 7.38457 5.16773
7.71977 7.56967 -0.35317
2.57781 -0.39865 2.35256
5.46987 7.99327 2.72544
5.27584 4.74044 -0.19055
4.92277 2.76353 8.09583
8.26235 7.81853 0.01571
2.63776 2.53120 -0.38941
-0.31559 7.92294 7.76474
0.34752 2.63099 2.66641
8.17108 0.19167 7.61464
0.20923 7.46732 7.34525
5.39472 5.35437 0.29557
-0.36446 0.36672 0.04805
2.73858 4.67032 7.60140
7.88023 8.14583 0.03234
-0.18305 7.96822 7.80293
7.88270 2.33162 4.94300
7.57183 0.40091 7.89132
5.02667 0.35686 4.92924
0.29701 7.63846 7.58148
7.66217 2.98600 4.90665
7.81751 5.19124 2.30667
5.22409 7.56290 2.30297
7.95980 7.81196 -0.10030
7.45448 -0.04148 7.24217
-0.02413 -0.26724 -0.36395
2.56456 5.38784 7.32780
5.00716 7.42245 2.02219
5.30212 2.69166 7.42297
-0.46096 4.98386 5.24350
2.77677 2.32638 -0.36672
5.57767 7.82592 2.58931
-0.12135 2.64351 2.07465
2.78817 4.89895 7.27379
0.33038 5.11014 4.68264
8.16954 7.76874 -0.27514
2.76969 0.52985 2.79073
7.98896 -0.24701 7.86709
7.89574 3.02717 5.14319
2.27289 5.32850 7.89912
7.57019 4.65122 2.28193
5.21506 2.74833 8.11472
0.00554 5.47398 5.22204
2.25185 2.87276 0.15574
2.37884 -0.18285 2.10822
0.00708 8.04203 7.80652
-0.32483 2.58961 2.80531
5.31177 5.29965 0.41548
-0.15554 5.56402 5.10439
4.84834 5.20993 -0.21231
5.39421 2.60091 7.93691
7.94050 7.95939 -0.28797
2.68756 -0.22853 2.94073
-0.24188 0.21231 -0.03162
7.47307 5.40170 2.48028
7.47132 2.77020 5.05429
5.52531 2.26478 7.85015
5.05151 8.02407 2.78345
2.84977 7.98485 5.34000
0.02248 7.59801 7.21168
7.77942 7.71505 0.34095
-0.37503 7.60499 7.88660
7.80981 0.06920 7.28088
2.55943 7.98464 5.23693
8.17375 5.14956 2.48151
5.01486 7.66084 3.02029
7.22554 7.56054 0.23798
5.07780 5.27296 0.60398
5.47069 2.46313 7.91422
7.67121 7.94758 -0.27073
5.20418 7.40962 2.89576
2.58807 0.26949 2.60388
7.77110 -0.37421 7.91278
0.03922 7.42872 7.85529
0.08398 0.34167 0.09743
2.44722 8.01360 5.08447
5.23970 8.06534 2.49516
4.72104 -0.29680 5.24134
0.25964 2.77667 2.78950
3.04411 2.71394 -0.07597
2.48325 0.34752 2.40543
5.08416 0.08788 4.89074
5.40304 5.21321 0.16683
2.81537 5.27984 7.44473
-0.25420 0.17124 0.13038
4.75019 2.39989 8.06606
7.18068 -0.11878 7.60283
2.20000 4.95244 7.43179
-0.05051 5.19062 5.64933
7.22441 7.72275 0.02834
5.20069 7.91781 2.89422
0.12022 5.41669 5.02872
0.14661 7.70088 8.00025
2.53674 5.37511 7.97766
0.09466 5.41864 4.93509
7.79738 2.82246 4.88099
2.79689 2.49752 -0.32432
5.22820 -0.13685 4.81272
-0.10523 0.34290 0.15605
4.99217 2.60553 7.32903
7.88157 -0.26621 7.66649
4.99176 5.25161 0.25728
5.18713 8.02058 2.60789
0.25163 4.85727 5.23693
8.23104 0.02998 7.53631
0.13295 -0.14969 0.29506
8.05025 2.51878 5.28980
5.44226 2.47617 7.48415
7.53477 0.25666 7.52347
2.74053 7.85980 4.76806
5.31588 2.19271 7.70612
2.46909 2.20842 0.09989
0.39670 7.97633 7.77172
7.71453 4.67289 2.47422
2.55502 2.64937 0.31456
-0.30348 2.51795 2.50451
-0.21878 0.41589 -0.06016
7.62398 2.61559 5.49800
7.51947 -0.17145 8.01832
-0.10020 7.79081 7.54216
-0.39372 2.86681 2.81466
7.96616 5.19709 3.01732
4.98293 2.55296 8.07057
2.87122 2.41457 0.19486
2.53900 0.26754 3.03005
4.96343 7.94727 2.65470
4.95922 2.50676 8.08443
0.04415 5.18118 5.47706
5.41094 0.24178 5.27635
-0.16550 7.53200 7.94245
5.10931 5.34791 0.42308
0.20615 5.10151 5.35756
7.67994 2.22526 4.94710
5.24473 7.39658 2.60152
2.79802 2.23583 0.12813
7.47204 2.59300 5.05500
4.74116 0.12505 5.12944
-0.00996 8.02242 7.65304
2.37484 0.19003 2.44773
0.14661 7.91853 7.61495
-0.04671 2.72760 2.23409
4.96189 7.92674 2.78273
7.63487 7.84317 0.05883
5.05552 -0.00719 5.50591
-0.35984 7.71597 7.93146
2.69813 2.87153 0.10462
2.79423 0.09199 2.95613
-0.03337 -0.04404 0.40286
2.61436 5.49359 7.87428
7.67347 5.06188 2.81455
5.02318 2.30369 7.91114
2.60142 2.68273 0.30214
2.47217 -0.09466 2.85264
0.28479 0.05934 0.03696
2.43880 7.73260 5.60303
4.83582 7.71679 2.71990
7.96781 7.79821 0.11919
2.60522 2.62175 0.35974
2.35564 0.03809 2.94781
8.04080 -0.08562 7.72860
0.21549 7.85221 7.87510
2.79741 5.09699 7.92849
5.27830 7.72090 2.54732
0.14548 2.51210 2.38428
0.16539 -0.05811 0.31200
7.63322 2.79073 5.10500
2.72647 4.95316 7.38857
5.17861 2.23727 7.66505
5.38292 4.83941 0.12741
7.81761 4.94320 2.54773
2.75562 2.68992 -0.04877
7.53620 0.01868 7.51690
5.00008 -0.05934 4.90809
2.80531 7.71453 5.35273
7.59873 5.03735 2.92748
7.31096 0.09733 7.50777
8.00785 2.81383 5.16927
2.42720 7.87520 4.80307
-0.05318 5.48096 5.06589
2.28337 -0.16888 2.44085
4.63480 -0.13767 5.36557
0.05215 2.98795 2.68889
5.11147 -0.01499 5.49595
-0.19383 -0.23110 0.21303
7.53015 2.56693 5.58845
2.37361 5.20654 7.95179
-0.09753 2.74258 2.78796
4.92770 7.48641 2.63920
5.31351 2.49085 8.18566
5.11763 4.87637 -0.18069
2.67708 4.85573 7.86525
7.78897 2.52535 5.55960
2.71076 4.80142 7.78897
4.84475 7.46444 2.67103
5.24617 2.50122 7.53446
5.22676 5.09381 0.29947
8.00456 7.77295 0.15235
5.44297 5.24237 0.16991
7.47994 7.60099 0.16416
2.62688 0.33705 2.60676
2.79741 7.88804 5.38702
7.87315 5.36125 2.71641
4.82863 2.33624 7.81586
7.95692 7.92890 0.17884
2.81014 0.19352 2.65604
5.42675 -0.23284 5.16794
-0.25368 2.79556 2.89453
2.77318 7.72737 4.73900
4.80553 2.70029 8.07201
7.45715 5.10788 2.80254
-0.25245 2.34609 2.71784
7.45633 2.53756 5.38179
2.81774 0.10903 2.65563
5.02297 7.82130 2.14107
7.83989 2.45009 5.10993
5.41341 2.39394 7.94101
8.11144 0.02341 7.69749
5.49071 0.04045 5.18200
7.93701 5.00922 2.70234
4.87175 5.41710 -0.24065
8.08762 2.51436 5.29596
2.28860 7.49411 5.29072
2.82164 -0.29937 2.54146
0.16385 7.48569 7.92469
4.72945 4.92021 -0.17278
0.37791 -0.16909 -0.19393
7.57973 5.50006 2.39014
5.19329 2.68858 7.25685
5.30787 5.25849 0.31559
7.69739 0.33212 7.82480
0.09332 7.77038 7.93557
5.29216 7.48795 2.88344
5.03796 2.37515 8.01339
7.88917 7.99091 0.21775
0.16683 7.79708 8.03002
0.00575 2.71723 2.11448
2.29425 7.54298 5.48794
7.45181 5.07626 2.78909
5.24411 -0.23048 5.36711
4.99300 7.32656 2.62503
5.14894 2.25513 7.62747
2.32248 2.33347 0.26159
8.12150 7.79831 0.12700
7.67183 2.11931 5.31680
7.84759 7.74143 0.45111
8.17334 5.25233 2.29856
5.37142 7.43837 2.58479
5.22194 5.11137 0.17299
2.33018 7.18078 5.08796
0.32216 4.91846 5.19874
2.93672 -0.14671 2.79063
8.06749 0.13921 7.78599
0.28736 7.83794 7.89717
0.07946 0.46723 -0.15194
5.28169 7.88609 2.97081
2.47997 0.27843 2.57545
5.26116 0.20133 5.33138
-0.54669 2.56426 2.60892
-0.21385 -0.21344 -0.25512
7.89830 2.93447 5.27101
2.53027 5.56607 7.74195
7.58302 5.51658 2.70213
7.25316 7.83568 0.01653
2.66343 -0.37729 2.57185
7.69842 -0.12412 8.07396
-0.08460 7.58076 8.15979
7.55345 2.17803 5.04156
5.00891 7.26897 2.69002
2.41088 2.20000 -0.07813
0.06950 -0.18747 0.19055
2.88385 5.01651 7.98618
7.99029 -0.26221 7.69318
0.23284 -0.15051 -0.20174
2.57812 8.04275 4.89978
7.86504 4.90594 2.10771
5.15952 0.40409 5.46802
0.46271 2.53654 2.23470
7.99881 2.47822 5.40499
-0.17237 5.75620 5.18251
7.98115 7.45520 0.29311
0.40481 7.85477 7.38282
7.51167 5.54246 2.55615
5.52901 2.64536 7.41855
7.99347 7.74174 0.20851
2.30236 2.32710 0.24948
3.05448 -0.10800 2.79751
0.51445 2.54146 2.59783
0.27216 -0.00452 0.21200
2.61774 7.76854 5.52264
5.32450 0.12782 5.31444
2.43798 5.56124 7.69996
0.37863 7.74410 7.94758
7.38323 2.24856 4.91076
4.88017 7.54740 2.25790
7.83455 -0.39824 7.80211
3.01588 2.40892 0.12145
2.76158 7.35346 4.96661
7.30275 4.79937 2.79115
4.71436 0.01448 5.38877
0.13121 2.22587 2.27176
7.65191 2.28788 4.83725
2.58387 4.79639 7.84204
7.81730 5.22235 2.25873
2.49804 -0.25307 2.94350
-0.50552 2.65932 2.62165
2.88149 5.00696 7.27225
2.74916 2.15945 0.19126
4.69537 0.10000 5.01784
2.97717 7.62193 4.99844
0.13911 5.15274 4.72309
2.52884 2.18183 -0.16560
5.16311 5.63691 -0.16734
-0.20482 4.94916 4.81210
5.31228 5.15736 -0.37668
-0.14291 7.34545 7.90046
-0.12279 0.33807 0.18398
2.30339 7.96616 5.06096
2.60645 5.08190 7.30192
2.95223 2.36160 -0.38376
7.88362 7.34761 -0.14537
7.40459 0.17812 7.45510
2.51292 5.39801 7.28919
7.81217 4.86107 2.15945
4.96651 2.83745 7.85046
7.87962 7.88044 -0.25081
7.86288 -0.20266 7.35326
2.65973 7.93280 5.50971
2.62801 -0.44454 2.35461
5.20643 -0.36569 4.99967
5.29380 2.41498 8.08864
7.59893 8.10271 0.03532
2.13717 2.47884 0.24270
0.33725 7.63774 7.40880
5.47685 7.56023 2.60276
5.26567 2.75747 8.05076
5.52049 5.12482 -0.09260
7.96339 2.75357 4.80994
7.75529 8.09101 -0.16960
2.23183 0.33304 2.26756
5.51587 0.36200 5.36351
-0.23798 2.98929 2.60122
4.99495 7.88352 2.87790
-0.05051 4.97749 5.45766
5.47963 5.15038 -0.16632
-0.06447 3.06516 2.54116
7.44617 4.88828 2.79135
7.84523 7.96524 0.08839
2.79843 0.36754 2.28901
0.37257 2.39034 2.46806
7.89533 2.92728 5.27194
4.83150 7.79225 2.35667
-0.13634 5.71740 5.28569
-0.34177 2.52237 2.40831
4.81959 -0.33849 5.35725
-0.19681 7.56300 7.51834
-0.34146 2.63355 2.48223
0.00092 0.13162 -0.37544
7.93280 2.87666 5.08888
2.90243 5.27378 7.48436
5.26454 7.68620 2.28491
2.52535 -0.08377 2.18994
0.20451 2.57565 2.22095
5.67140 7.54257 2.82903
5.26578 2.20893 7.46906
2.33162 0.20841 2.34219
7.46937 0.00431 8.25876
2.80593 7.96370 4.78017
0.57502 -0.25132 0.27442
2.97194 7.86555 4.82935
-0.11806 4.75502 5.38138
2.17444 0.11755 2.76681
-0.09363 0.07556 0.43181
2.67216 5.08252 7.36280
2.85326 7.54832 4.75317
2.39989 -0.35152 2.34322
7.67480 -0.05441 7.34586
7.88660 2.38695 4.72473
4.97955 2.41057 7.47235
0.17628 5.39349 5.31095
2.69197 0.34423 2.42843
4.85306 -0.04538 5.09576
7.84235 5.20643 2.45625
8.00928 7.66115 -0.16519
2.32751 2.61631 -0.19126
8.11924 -0.02125 7.57553
5.34062 5.01250 0.09137
7.68610 2.92050 5.18775
2.70758 8.01062 5.26331
5.20623 2.81938 7.70981
0.24116 7.89635 7.61033
7.36937 5.42942 2.43387
0.23007 7.42348 7.44576
2.77575 7.68825 5.39852
8.13967 7.75139 -0.05174
4.90460 0.26795 5.00624
5.12287 5.54636 0.08265
7.46845 4.98396 2.86363
5.09073 2.55317 8.11647
7.89163 7.56577 0.37524
7.70067 2.86465 5.00562
0.03881 5.30397 5.44431
7.82716 7.59791 0.18192
5.11732 0.34013 5.24268
-0.38499 7.59195 7.54411
7.52933 7.97130 0.14014
-0.33284 7.78301 7.72480
5.24627 5.21249 0.14825
7.75221 7.73681 0.25194
3.03210 7.60407 5.10993
2.38428 5.08365 7.35469
7.48344 5.27204 2.55255
5.26434 7.39391 2.40903
5.50344 2.61641 7.65283
7.73558 7.85529 -0.09722
5.03930 -0.16457 5.10757
-0.10862 7.62039 7.37749
5.07667 7.75806 2.43469
4.91353 2.58951 7.48610
2.58961 0.29208 2.59772
5.25130 0.19629 5.25664
2.58171 5.29041 7.45264
8.00682 7.68856 -0.31231
0.13028 7.79523 7.51311
0.15646 2.78827 2.59968
2.61128 5.43651 7.87798
7.73178 7.92305 -0.10133
2.78909 2.26725 -0.10790
7.74256 0.31836 7.62265
-0.00493 7.86617 7.61854
2.48941 7.46978 5.51638
7.99111 5.32974 2.46406
4.94238 8.03906 2.67719
5.36690 5.35171 0.11498
-0.09835 0.43807 -0.14712
5.54810 7.79359 2.70255
2.35338 5.14884 8.00076
4.96178 7.88054 2.68448
5.13324 2.75480 7.99748
5.14792 0.11232 5.42788
0.07238 0.01150 0.26067
2.75080 0.25687 2.76127
-0.12967 2.62421 2.70121
7.43354 -0.13100 7.58795
2.33367 5.03180 7.65478
-0.10708 5.05490 4.75245
2.83960 2.65891 -0.00996
2.70265 5.33076 7.75519
2.69762 2.77831 -0.15431
3.14452 4.89926 7.64061
5.55406 2.43213 7.83917
7.76084 7.52522 -0.38705
5.44729 0.00205 4.85974
5.24391 5.44123 -0.06766
7.78229 5.19678 2.77677
5.39020 2.86260 7.81227
0.34300 2.61395 2.77575
2.64382 0.28962 2.39157
7.58405 0.28880 7.69852
0.10728 2.86486 2.55892
8.01657 2.63951 5.22676
2.91927 7.79102 4.96189
-0.18336 5.24606 5.57736
5.41628 0.00370 5.24042
7.95128 2.53140 5.29801
2.50543 4.93899 7.98218
7.39894 5.36043 2.24384
0.19558 7.51773 7.48138
0.20666 2.60070 2.90284
5.19463 5.46032 -0.09455
-0.00339 0.07269 0.34341
7.54000 2.58222 5.48620
2.38531 4.93099 8.03403
4.98725 5.37830 0.19445
0.01191 0.11540 -0.24937
0.18644 0.10112 0.22196
7.49945 5.08139 2.69875
5.08488 7.73537 2.54198
2.56980 2.31458 -0.25943
2.56210 0.03614 2.88149
5.46577 5.17451 -0.18254
7.84307 2.37402 5.03180
8.00189 5.27532 2.73181
7.68148 0.06355 7.59678
2.16623 7.76946 5.03868
5.44996 5.28046 0.01427
7.43313 2.69762 4.78058
2.78180 0.12987 2.92902
0.37185 2.55389 2.56025
4.67443 5.03386 0.03367
0.28048 0.23048 0.25256
2.34866 5.33898 7.89543
4.67925 7.60448 2.78683
7.38806 7.55602 -0.07659
2.38860 -0.35840 2.28747
5.48999 5.02903 0.06560
4.86723 2.66692 8.02951
-0.27617 5.02636 5.31711
-0.18788 7.47245 7.79430
2.21530 7.86073 5.07718
7.62429 0.10605 8.07879
5.01281 -0.00637 5.28805
2.89617 5.12820 7.62932
4.88746 7.36527 2.69649
5.02687 2.49845 7.88650
7.98608 7.39391 -0.14825
2.43192 2.75039 -0.21683
5.35674 5.22953 0.03850
2.73027 2.33316 0.00606
5.35417 5.08714 -0.15543
2.32094 7.49986 5.28210
5.30099 7.69770 2.78180
0.13059 5.28046 5.19586
5.28816 0.10995 5.04361
7.58333 2.20390 5.02677
5.37542 7.41906 2.75162
5.43168 2.42319 7.67675
2.49054 8.01565 5.33856
7.72367 4.76364 2.48982
-0.07854 4.79116 5.17461
7.79708 7.35983 -0.18572
0.18675 7.61895 7.84564
-0.34619 2.50245 2.38264
0.06704 4.55492 5.23559
2.37659 2.20626 -0.11858
5.26228 0.26375 5.22204
-0.13151 8.05507 7.91247
7.75149 4.74013 2.57637
-0.09866 4.88869 5.12451
5.12430 -0.27586 5.11383
7.45079 2.78006 5.35150
2.29959 0.23366 2.58746
5.36413 5.02944 -0.16221
8.00374 2.34045 5.16270
2.31817 5.07287 7.96678
4.93715 7.42081 2.68181
5.07831 2.29045 7.49709
2.18655 0.21385 2.75193
0.20892 7.63990 8.13607
2.72369 7.67562 4.68110
0.39403 5.12595 4.95080
7.85796 -0.02977 7.38991
-0.43581 7.61803 7.82541
0.31549 2.64608 2.36365
5.09730 4.93478 -0.21847
5.36105 2.47956 7.51803
0.24732 4.90881 5.24976
2.27043 2.49393 0.24670
-0.34660 2.50091 2.84135
4.87698 5.18950 0.29670
0.30142 0.24321 0.03686
7.97212 2.36981 5.01076
5.40684 2.30955 7.50859
0.29239 -0.12207 0.18623
2.78016 5.28549 7.87911
5.09453 7.38015 2.63099
2.77225 -0.10102 2.49373
5.09299 2.30842 7.71669
2.70932 2.46036 0.24804
7.56742 2.25996 5.08139
7.56321 7.77028 0.33715
-0.10564 2.39558 2.88796
-0.09188 -0.27761 -0.14537
7.93629 2.17803 5.04217
0.12484 4.81446 4.99371
7.80940 7.41465 0.06098
2.31642 2.50522 0.49731
7.49391 -0.35584 7.64328
-0.16755 7.26692 7.51824
2.37597 2.77092 -0.55891
4.83417 -0.08285 5.24042
5.10664 0.05072 4.72658
7.41403 2.38726 5.13344
2.47268 -0.38366 2.71363
7.91801 -0.43817 7.48323
-0.22443 2.58037 2.78129
5.54738 7.88434 2.35195
5.52890 2.60974 7.75355
0.47647 4.92770 5.07420
5.13324 -0.36456 5.21177
-0.10800 -0.14106 0.34095
5.48681 2.83242 7.78311
0.00996 2.72513 2.20585
5.68434 2.56323 7.86976
2.42176 0.42626 2.78324
8.10055 -0.11837 7.88393
7.51177 2.76178 5.49030
2.76148 7.35541 5.28497
7.61125 5.52408 2.41940
5.20192 -0.06139 5.44913
-0.31826 2.67021 2.67596
2.45184 4.82288 7.17092
7.88506 4.82894 2.34219
8.03074 7.47296 0.13788
0.07495 2.63930 2.10155
4.97185 5.17348 -0.40101
4.95306 2.56035 8.14131
4.82976 0.25389 4.99844
2.79115 5.22584 7.69369
5.20489 7.44453 3.01536
7.92746 7.96709 0.32699
7.71104 0.34003 7.29587
7.82736 7.47307 0.16786
2.68632 0.45891 2.77841
0.06694 0.16858 -0.34311
2.86291 4.86128 8.00282
-0.05051 5.34298 5.52264
0.40553 0.04753 0.04507
4.93540 2.63746 7.29638
8.06544 -0.22032 7.67306
5.52675 -0.04178 4.90778
5.53044 5.08642 0.13110
5.55190 7.60715 2.61857
0.07495 -0.18398 0.26724
7.55694 5.55375 2.67062
0.03265 4.63387 5.03735
2.52175 2.40595 -0.30296
-0.19732 3.08240 2.66415
5.17512 4.85460 0.03665
5.01897 7.59123 2.30636
2.67626 2.70881 0.34023
-0.17083 8.14696 7.53918
2.49855 4.79064 7.87808
5.02749 0.00595 5.03889
-0.12309 2.59690 2.42966
7.63158 2.92779 5.22810
4.99731 7.90580 2.29004
7.63096 7.89841 -0.35286
2.54085 2.80336 0.31580
7.78794 -0.45686 7.72285
5.15849 -0.36631 4.90265
0.16560 -0.29198 -0.16960
2.63181 7.67131 5.57685
-0.13716 7.55202 7.99039
5.20582 4.70050 0.03367
2.76599 8.12180 4.91651
-0.22155 5.46587 4.84023
8.12355 7.74153 -0.22022
2.56775 2.44167 0.40542
-0.24393 2.35112 2.72010
8.01729 2.41406 5.06486
8.12016 5.22799 2.25852
5.48753 7.71587 2.63561
2.59516 -0.27617 2.81691
2.98867 7.68302 5.09433
4.89690 2.48366 7.56259
0.04528 5.15028 5.55170
7.71207 7.65345 0.44125
2.91670 -0.31939 2.60686
5.48363 -0.21590 5.08580
0.01489 7.71248 8.09018
2.27300 2.28275 0.16108
5.11547 0.46959 5.23292
5.43435 4.95213 0.10872
2.80470 8.03259 4.93047
5.02790 8.23833 2.60214
0.17586 5.67602 4.87606
7.68404 -0.36970 8.03854
2.74967 7.34956 5.05644
5.41721 5.31115 0.33417
2.59670 4.65389 8.12324
8.00733 5.10120 2.25123
8.11780 7.86494 -0.06519
2.70162 2.07537 -0.17915
2.54270 -0.48417 2.41457
0.24054 3.20170 2.48633
5.51546 5.03560 -0.03973
2.82153 7.51639 5.36854
7.23458 7.48754 0.09661
4.93632 -0.22217 4.95573
-0.09558 5.18231 5.53773
2.06890 2.59167 -0.23654
5.62366 -0.16396 5.26526
5.01712 4.76241 0.18860
4.98324 7.25655 2.77236
0.04024 7.46896 8.09706
2.81630 0.09137 2.45861
-0.24619 7.64082 8.24644
0.23592 5.18344 4.85953
5.21249 5.49143 0.26754
2.81178 5.30920 7.63394
4.79280 2.74258 7.71145
2.62052 -0.32966 2.84484
3.00849 7.61813 4.93776
4.91723 8.02838 2.57473
5.38589 0.05924 5.00614
5.42070 5.38179 0.18007
2.54598 5.37142 7.29782
4.87011 7.66905 2.82975
2.88128 2.71990 -0.19291
5.53178 5.32748 0.09127
-0.08265 0.25214 0.19188
7.91617 2.77626 5.06404
2.33552 5.40509 7.62634
7.94276 7.83013 -0.06314
5.16393 2.22012 7.45705
7.50972 -0.46035 7.54668
2.91506 4.97647 7.85970
5.40037 -0.00329 4.72268
5.31002 5.38179 0.27165
5.19463 2.21201 8.10476
2.70737 -0.22812 2.22249
0.11550 7.80293 7.33108
8.06965 2.32125 5.10131
5.32286 2.65902 8.10784
2.53099 2.08389 0.08932
4.97903 8.10979 2.44629
0.14229 8.00117 7.89615
4.83777 5.24052 0.09989
2.48531 5.03889 7.49052
7.26753 5.32029 2.64824
5.32932 7.51619 2.48459
5.09638 5.36731 0.24681
2.61456 7.60283 4.77853
2.84905 4.80378 7.81802
5.23713 7.44925 2.27946
7.97982 7.66649 -0.20256
-0.28223 2.36837 2.34260
5.04566 7.42800 2.40133
5.42429 2.55019 7.55746
2.72257 2.39856 -0.18459
2.44948 0.33181 2.51436
0.18767 2.39938 2.32720
2.74957 7.86442 4.96302
2.38675 5.24411 7.45120
5.18005 8.03300 2.82472
2.77041 -0.35840 2.92173
5.05829 2.43541 8.08628
4.88397 4.79259 -0.07679
7.57511 2.30390 4.80656
7.99799 5.33713 2.64156
7.89697 7.46526 0.30830
0.12412 -0.18500 0.39639
5.13087 0.02289 5.66802
2.55584 5.02071 7.32338
2.50266 0.37288 2.59875
-0.22997 7.64729 7.90795
2.62893 0.12289 2.37525
5.41875 0.14640 5.34288
0.14681 2.32289 2.78037
7.63661 5.14453 2.84042
5.37244 2.49876 7.66618
7.77357 0.13295 7.67994
0.02577 7.88691 7.57881
0.10431 2.55728 2.82318
5.15911 5.26988 0.05924
7.97602 2.66764 5.01989
4.96384 7.66053 2.30944
0.08952 5.39534 5.13714
2.37925 0.12238 2.32905
5.18754 7.75611 2.32351
2.86619 -0.01304 2.42987
-0.05677 2.67400 2.18737
2.63684 5.31649 7.48949
2.77687 0.21601 2.45369
2.89402 5.22964 7.89625
7.53662 5.46505 2.56631
0.02803 5.22122 4.75204
-0.31015 2.40492 2.31386
7.16251 2.72113 5.17317
2.83324 5.45776 7.68712
7.48785 7.93506 0.13788
-0.24711 2.78139 2.69834
2.30421 7.52563 5.37552
4.89557 8.03557 2.61189
4.80029 2.64321 7.80806
-0.11529 2.51765 2.93939
0.03624 5.22769 5.42470
2.81835 2.59618 0.13808
0.06991 7.80293 8.02540
-0.15184 2.73345 2.77133
2.58140 2.58992 0.20779
5.30889 -0.12843 5.18600
7.79584 0.11406 7.87325
0.19640 7.73661 7.70170
-0.05410 2.59074 2.52966
7.78486 5.12903 2.52093
7.97222 -0.04486 7.63517
0.04517 7.58928 7.64606
5.29113 4.98950 -0.06858
0.32493 2.53972 2.65142
4.86117 5.12862 -0.13357
0.00524 0.26919 -0.16765
2.65984 2.84997 -0.02998
0.09866 0.27832 -0.13808
2.76199 8.05066 5.29206
2.94915 5.26331 7.80016
5.45560 7.85888 2.37576
3.04965 7.57162 5.15870
0.07587 2.25246 2.59916
0.22812 0.26662 0.21611
2.13727 7.68558 5.09884
7.46968 2.69905 5.58588
7.82829 -0.06016 8.13115
5.37871 -0.18972 5.45878
4.91251 7.66187 2.42617
2.55019 2.53726 0.31302
0.40635 0.23387 -0.10462
0.05985 4.98591 5.01805
-0.00821 7.67408 7.91452
7.62932 4.91774 2.61230
5.18980 7.74636 2.47946
5.22430 2.58376 7.54216
2.67780 0.11078 2.79607
2.58428 4.90173 7.68959
-0.04610 5.09669 5.01805
0.22781 7.63928 7.64287
5.27337 5.18416 -0.04764
7.66587 2.12454 5.14104
2.71066 7.42543 5.31998
0.02135 4.96733 5.28641
2.68027 2.73304 -0.17320
-0.17638 0.00380 -0.09373
5.00377 7.37677 2.52822
4.95501 2.61179 7.50530
2.37453 0.27935 2.85285
5.50930 0.02638 5.15531
7.81463 2.09939 5.27409
2.44999 5.51361 7.64318
-0.27155 4.79352 5.02082
7.89748 7.35161 -0.02936
2.36242 0.03388 2.29065
-0.43355 7.80683 7.95497
0.20061 2.05627 2.58633
5.32881 5.56905 -0.07895
7.42194 5.36865 2.45122
5.00377 0.28787 4.97924
0.25194 7.61320 7.40736
-0.20553 0.04599 0.33612
4.74013 2.61518 7.91196
0.02721 8.12160 7.67788
7.63425 2.34856 5.05388
4.84208 2.73725 7.81432
0.24444 7.54011 7.65694
4.87996 7.66669 2.43716
0.17320 5.40150 5.28528
7.43641 7.54575 0.02207
2.46056 2.37084 0.16005
2.39435 -0.19280 2.72400
5.13724 4.85204 0.25368
2.63509 7.56105 5.30130
7.67029 7.60047 0.17915
2.76938 0.08911 2.66343
5.36125 5.05942 0.07566
2.68786 5.00562 7.90508
7.64061 2.70953 4.73141
5.40632 7.64636 2.70059
7.54637 7.75488 0.45316
2.77965 -0.05667 2.66322
-0.07330 -0.33120 -0.14373
2.18686 5.21906 7.62460
2.58612 2.15103 -0.11334
-0.15379 0.22391 -0.22792
7.42594 2.44424 4.97339
5.24483 2.92327 7.70334
7.47009 0.22155 8.02222
0.15451 5.47069 5.09422
2.59690 0.18090 2.93026
-0.01715 7.88732 7.47820
-0.44885 0.21714 0.14065
8.04624 2.88046 5.03848
2.73057 7.81514 4.91097
2.95223 5.32224 7.57778
5.24432 7.38477 2.77133
-0.03645 5.01681 4.73808
2.50030 2.09138 0.01047
7.89122 -0.02033 7.94830
-0.25102 2.80819 2.96516
2.65214 7.50715 5.37378
7.89995 5.22615 2.79628
-0.40635 5.08047 5.32214
-0.05564 2.33182 2.37823
5.26834 4.88181 -0.17658
7.88301 7.53990 -0.20245
0.33479 -0.11776 -0.09917
7.85898 4.94659 2.84895
7.59750 -0.16313 8.02201
0.09548 -0.11478 0.13316
5.29247 2.47566 7.85970
2.52186 7.69400 5.44031
5.28025 7.40777 2.67955
0.08223 5.01486 5.23261
7.63661 7.67193 0.29537
0.29157 7.56495 7.85344
5.52675 7.66392 2.49886
5.42429 0.00472 5.11280
2.62185 8.17375 5.29185
7.48847 7.52193 0.25769
7.62008 4.75748 2.37587
5.31536 2.08574 7.74307
0.11406 7.73568 7.33200
-0.27648 0.28541 0.04856
2.31263 5.13354 8.31605
7.42861 5.34893 2.31067
5.41382 2.82831 7.73958
0.03809 2.87122 2.60029
7.98793 2.44126 5.25120
7.54965 4.72217 2.74207
7.80108 7.61741 0.40789
7.38365 2.34794 5.32696
7.94461 7.30233 -0.24609
7.70447 2.31909 5.37357
7.54062 5.45365 2.79628
2.76373 0.12587 2.21458
7.40859 0.00708 7.94235
4.88961 0.11098 5.51330
5.25407 2.32084 7.80036
2.86794 2.50194 0.10010
2.87266 -0.06827 2.34620
0.52759 7.63661 7.78435
5.41413 5.17584 -0.31960
7.78198 2.59454 4.77945
5.19473 7.44042 2.55656
-0.08542 5.11753 5.39678
2.41621 7.98054 5.38569
5.36187 8.04142 2.40461
7.55828 7.66166 -0.08336
4.63233 0.07412 4.87431
7.96319 2.93026 5.14946
2.43387 7.57224 4.93561
7.83712 7.73938 -0.28921
5.23908 -0.21046 4.92164
0.02218 -0.38119 0.27956
-0.26149 -0.32637 -0.05934
7.74174 5.28518 2.05997
2.73222 2.94678 -0.28910
5.07656 5.00696 -0.41292
7.60417 7.77131 -0.37195
4.97554 0.01386 5.48281
0.15923 -0.35204 0.10564
5.21403 2.69854 8.08587
5.35201 0.03244 5.41700
-0.13449 5.47798 4.96897
5.33415 5.29370 0.16519
0.15564 -0.04723 -0.34403
7.52686 2.63776 5.51289
2.77041 2.18337 0.03953
-0.22514 7.98855 7.86617
0.09568 0.01961 0.33623
7.57357 2.52504 5.33230
2.42350 5.11742 7.95754
2.71384 0.16673 2.78026
-0.10646 2.45553 2.08399
7.82829 2.72452 4.84167
5.19781 8.14100 2.77431
-0.38099 5.21906 4.97626
7.68712 2.02845 5.16588
2.87974 0.16221 2.72852
0.19558 -0.07741 0.23336
-0.00791 5.13611 5.51658
5.17625 4.93694 -0.33664
5.35160 3.01732 7.57686
7.82305 7.47491 -0.10328
5.51402 -0.09260 5.22851
5.50755 4.95645 -0.11673
7.49617 5.32573 2.37484
7.83332 2.36077 5.35345
2.73273 7.81874 4.89947
7.94923 2.72103 5.18180
0.24270 5.05080 4.67525
7.52029 -0.37832 7.42543
0.59854 7.57501 7.80919
0.10061 2.39558 3.03734
4.70718 7.57450 2.47504
0.37688 5.20325 5.23888
7.84769 7.83732 0.37935
7.51362 0.11899 7.95282
5.18221 -0.51764 5.25962
-0.18757 7.48888 7.91648
5.32204 7.99902 2.37340
2.22474 2.60953 -0.03881
2.68047 0.00267 2.88981
5.33949 -0.33807 5.27132
8.04316 2.51795 5.11599
2.85993 7.85118 5.27163
3.00407 5.28887 7.84759
2.64875 7.63312 4.87021
0.24290 5.45540 5.34442
5.08550 -0.11026 4.84988
2.46416 7.58990 4.70358
4.86805 4.85101 0.36887
5.21218 2.72924 7.21322
2.58304 2.81671 -0.22730
-0.17012 2.30564 2.08112
5.08714 5.65395 0.07238
5.43261 -0.05955 4.98324
5.20017 4.81641 -0.12402
7.83414 2.17074 5.15510
2.49927 5.06014 8.06164
2.92471 2.52473 0.02567
7.34740 5.40468 2.46765
4.95142 2.97204 7.57881
0.00606 5.50919 5.24411
7.97345 7.60253 -0.36436
2.67801 -0.01006 2.91373
4.72381 0.10677 5.10644
0.21796 7.85375 7.83558
0.19835 2.66220 2.77533
0.36343 0.02957 -0.02710
7.91504 4.92062 2.82123
-0.29691 0.27145 -0.24681
5.26865 2.31386 8.01637
7.90056 7.87705 0.22176
5.57582 0.00441 4.99279
5.47768 5.12184 -0.12730
7.99111 4.88592 2.60984
2.87636 2.60573 -0.16878
2.96095 -0.00637 2.41816
8.18474 0.12043 7.60232
5.18785 -0.26570 4.67535
7.60848 5.30202 2.30421
0.20215 5.39790 5.50827
2.22700 0.24136 2.51118
7.93608 7.66176 -0.23736
7.70293 0.38397 7.61382
5.24514 0.05113 4.73325
7.54811 2.13091 5.08950
3.01352 0.00041 2.54875
5.09371 2.81353 8.19542
7.60171 7.26024 0.06478
7.80211 7.53087 0.09846
2.82153 -0.15749 2.88888
8.04706 -0.17094 7.64482
0.07022 7.83486 7.84235
0.12720 2.35410 3.03076
5.18446 4.92062 0.28181
5.51412 2.44691 7.75796
0.43119 5.14987 5.17430
0.14260 7.93567 7.50263
5.01897 5.14258 0.40707
2.52648 5.20407 7.38734
7.56742 5.19637 2.49465
7.62480 0.08583 7.99029
5.18334 0.26529 5.06794
0.28428 0.19363 0.10256
5.18498 8.00271 2.39979
7.51834 7.54791 -0.34054
-0.20759 -0.12340 -0.26272
2.59639 0.29280 2.57196
-0.18172 7.87982 7.55664
5.33836 5.16855 -0.11119
2.82461 7.68538 4.99002
2.45800 5.23929 7.51187
0.08737 7.71926 7.47707
7.74307 5.07728 2.86866
5.32553 7.81145 2.65840
7.76433 0.23490 7.89450
4.97072 -0.23993 5.09566
5.15171 7.60006 2.32474
4.80430 2.44701 7.55253
0.35122 -0.23705 0.10852
2.93570 7.54473 5.23323
8.03618 7.66474 0.01314
2.68571 -0.04096 2.85880
7.90354 4.81087 2.73109
4.98848 7.90816 2.14046
4.81395 -0.30594 4.90686
5.18241 4.73397 -0.06663
7.98259 7.73301 0.03901
4.79968 5.10613 0.42883
-0.12761 2.73509 2.56159
5.41300 5.32481 0.09589
5.10295 2.72164 7.86545
2.47617 2.50204 0.30532
0.04743 7.97438 7.53364
-0.07392 5.18067 5.05542
5.00121 0.11889 5.24945
8.00374 2.64516 5.23179
7.55807 4.95090 2.30451
7.58364 8.01924 0.05718
2.57329 0.42175 2.71240
7.87110 0.08357 7.62316
0.07474 2.50974 2.53079
7.59667 5.21393 2.42381
2.57945 2.84761 0.04723
7.81956 0.20461 7.81627
-0.30728 5.27245 5.01137
2.60840 2.64156 -0.12895
2.75265 0.20974 2.52196
7.88691 0.37288 7.99922
0.10236 7.89635 7.56290
2.78201 7.79954 4.91364
2.94196 5.27676 7.48929
-0.24188 5.46505 5.21896
5.19319 2.89371 7.55273
0.16611 7.84687 7.15511
5.03817 4.77535 0.10728
4.96127 2.48972 8.08834
5.27204 -0.03532 5.64933
0.14548 8.05836 7.76566
2.37402 7.44021 5.05244
4.91261 0.26221 5.02944
4.88325 4.93550 -0.27555
4.91836 5.36546 0.18993
-0.06755 5.43846 5.12040
2.63212 2.46919 0.19558
-0.08049 2.63304 2.77092
7.74020 2.63653 5.26988
5.12759 7.65181 2.64054
2.59957 2.64403 0.03511
2.82020 0.08593 2.32032
0.10728 7.72880 7.86473
5.12512 5.12348 0.15667
2.49999 5.10377 7.72603
5.15551 2.72472 7.48764
7.54822 7.86596 -0.01345
2.71107 2.60080 0.02505
7.72644 0.14835 7.64359
0.15482 2.61744 2.56590
2.64598 7.75498 4.96579
7.87325 0.09260 7.55510
5.07667 0.18541 5.12759
5.29432 7.61546 2.30308
7.77182 7.57799 -0.32514
2.53767 0.18716 2.43757
4.92123 -0.02361 5.13426
0.03665 0.42503 0.10266
5.04689 2.11274 7.83044
8.02119 -0.04261 7.31270
-0.23397 8.11493 7.65006
0.15297 2.41005 2.70901
0.10841 -0.25286 -0.32617
7.95046 5.03817 2.72698
5.31772 0.16036 4.87052
-0.15790 0.43181 0.17782
7.76658 5.67633 2.42853
-0.36138 7.61700 7.70950
-0.35019 2.78283 2.61846
-0.16683 0.23387 -0.23295
7.82531 2.26150 4.88540
2.30749 5.21516 7.57655
4.90368 2.38747 7.73815
7.84892 7.25809 0.09804
-0.08685 7.46506 7.74030
0.28069 2.29137 2.62904
7.39093 7.49165 -0.05123
5.09556 0.22525 5.25274
0.15738 7.48559 7.93341
4.83869 5.21229 -0.20225
2.44773 5.03170 7.84861
5.02544 7.85067 2.44455
5.17399 2.68181 7.89789
2.74905 2.37484 0.07392
-0.18192 0.07987 0.20523
7.90518 2.52206 5.19986
2.76897 7.66803 5.17676
5.19771 2.61538 7.79174
0.26529 5.09248 4.99638
7.42810 7.71782 -0.14147
-0.05647 2.64824 2.54188
7.77644 7.56023 -0.04004
-0.01889 7.55140 7.55119
5.04125 7.44617 2.55420
0.01437 2.33685 2.50974
-0.29660 -0.26857 0.01283
0.18870 2.51210 2.38880
0.18890 4.84393 5.13765
2.70573 -0.14301 2.64228
7.86247 -0.04466 7.89563
0.31836 7.40993 7.61690
2.76137 -0.35717 2.58212
0.37062 2.72482 2.63982
-0.12617 0.40327 0.16786
7.79102 2.32279 4.91220
5.01671 7.42841 2.28942
5.07615 2.59300 8.00590
2.26509 -0.18408 2.81168
0.21426 7.76084 7.92274
-0.10739 5.27697 5.45098
0.34311 -0.18387 -0.10770
5.27009 7.50345 2.63089
7.73137 -0.23500 7.62275
2.65080 7.78691 5.29842
7.86781 7.53107 0.18675
0.40665 7.60150 7.66300
2.68324 7.92520 5.04638
0.11611 -0.13131 0.02721
2.44989 7.49534 5.03242
7.78927 5.07010 2.44896
2.31221 2.70532 -0.22391
0.05811 4.86179 5.43784
7.62265 7.89030 -0.33684
-0.13028 0.32750 0.04815
0.07525 5.40694 5.32152
-0.18449 -0.21416 -0.42195
2.45831 5.22522 8.13320
4.79033 -0.08131 4.77196
2.62770 2.76538 0.25143
-0.28274 0.06981 0.20831
2.47196 -0.21477 2.80613
-0.04148 7.58651 7.87253
0.00452 2.53890 2.82585
5.10110 7.41147 2.36160
-0.09127 4.95624 5.00049
7.87880 -0.14753 7.40633
-0.03850 2.36611 2.60296
-0.23336 0.00606 0.13038
7.61136 5.04443 2.76404
7.52501 7.65786 0.36590
7.76207 5.51043 2.66045
0.12895 2.29815 2.55933
2.51539 4.83212 7.78147
7.75365 7.93321 -0.29701
0.27894 7.80673 7.60797
2.90931 7.73845 5.04515
0.00287 4.82699 5.28097
5.29781 4.82175 0.20666
2.40697 4.61991 7.91103
7.64595 5.15254 2.26550
0.02022 5.19915 5.44575
7.30973 -0.20358 7.96144
5.11198 -0.22730 5.15859
4.92965 4.96261 -0.22750
5.28210 7.35192 2.43387
2.41149 2.89237 -0.12833
4.93140 7.76279 3.02368
0.01786 5.27471 5.49338
7.38827 7.79338 0.51517
2.62021 0.22956 2.81537
7.61002 -0.39177 7.76053
7.33190 2.58849 5.30407
2.47381 4.73141 7.80847
2.39835 2.25359 0.23192
-0.07269 7.26271 7.90539
2.28634 7.49031 4.81703
2.22998 5.13406 7.79882
7.40839 5.09843 2.39352
7.46978 7.91001 -0.21354
2.80552 2.22988 -0.11190
7.65057 -0.22412 7.42594
8.11133 2.63006 5.29647
7.70499 2.26478 5.24442
2.29784 7.55602 5.27419
7.68846 4.85214 2.78047
2.62955 2.57001 -0.31231
2.81096 -0.24044 2.64269
-0.17371 2.61395 2.71846
0.12125 4.93458 5.34359
0.08665 5.63342 5.26927
7.66659 7.66464 -0.35851
2.28829 2.56025 0.23767
7.60181 2.88786 5.21321
2.50933 8.20845 5.21116
5.07934 3.08579 7.59667
4.88232 5.09463 -0.21344
0.03727 5.46690 5.22358
7.96883 7.65489 -0.08891
2.54567 0.04753 3.05623
2.61087 7.65047 4.77442
2.86732 4.84855 7.80816
2.77954 2.79669 -0.25389
0.00565 2.63294 2.26119
2.88087 5.54215 7.97284
7.91483 4.68746 2.51436
5.59276 2.63633 7.85611
3.06362 2.62822 0.03419
2.70778 0.31600 2.84689
-0.02782 7.33067 7.50417
2.86363 7.92058 5.25325
-0.40830 5.16588 5.37306
7.60786 0.30214 8.03300
4.69239 0.09948 5.25366
7.76340 4.73305 2.43521
2.30852 2.43551 0.27247
-0.04877 0.06386 0.28387
7.56146 -0.03378 7.88044
4.86497 5.24678 0.39649
-0.35830 -0.08542 -0.08634
5.56340 7.59308 2.63982
4.82904 2.44065 8.09408
7.52101 7.40818 0.22237
0.29003 7.67603 7.54329
5.47275 5.30171 0.42750
-0.23377 -0.40542 -0.05256
4.74301 2.64885 7.28694
7.80827 7.78609 -0.20584
2.67462 2.55019 -0.32401
5.34678 0.38417 5.09925
7.77973 7.78640 -0.37360
7.54216 0.26734 7.78260
5.28959 0.43674 5.08734
0.13223 2.42330 2.31334
7.57748 2.89473 5.17553
5.38292 7.90528 2.44845
5.21496 -0.16621 4.75235
5.03776 8.23874 2.39753
-0.08316 5.48004 5.09443
-0.21416 2.32484 2.33295
-0.01160 0.37339 -0.17330
7.78517 1.98810 5.07174
0.42503 5.03735 5.27091
4.96815 5.56135 0.00164
-0.14322 -0.50542 -0.37144
7.69267 2.69053 4.58244
-0.27227 4.77740 5.03406
2.83622 0.24065 2.78950
7.83629 2.89556 4.85050
2.41837 -0.16067 2.86476
-0.33869 7.80837 7.96534
5.45612 2.50430 7.58148
7.85118 2.74957 4.81282
4.92955 7.70088 2.76846
2.76815 7.65766 5.00182
5.47572 8.02509 2.57144
7.81617 -0.00144 7.42317
2.67883 7.96945 5.25438
7.84389 5.04268 2.78765
2.45523 5.23138 7.45921
5.24031 7.47902 2.25534
7.51588 7.98321 0.30183
2.61076 2.53459 -0.40758
2.35728 -0.27627 2.63181
7.84615 0.29290 7.83681
7.69492 5.45252 2.54095
0.22997 8.15271 7.62604
-0.29660 2.69402 2.28994
5.46638 5.38415 -0.11724
7.92233 7.52933 -0.20461
5.26536 -0.10985 4.81734
0.03429 7.81001 7.28540
0.37401 0.18028 0.09804
7.73774 2.15308 5.13580
2.60892 4.83530 8.08988
2.06798 2.33562 -0.08993
-0.36816 7.81504 7.59164
0.17710 -0.43017 0.25122
7.62018 -0.46507 7.82952
4.84259 -0.25461 5.24442
7.59873 2.85603 5.02564
2.57042 7.43457 4.89772
7.77582 5.50981 2.53459
5.18672 8.03772 2.56764
0.09958 5.32019 4.75512
0.20523 5.31916 4.94844
2.47956 -0.05554 2.28398
0.02967 5.42316 5.14761
7.87202 7.95621 0.14578
7.96832 -0.01232 7.60735
0.14055 7.93567 7.63589
2.57812 5.33528 7.67429
5.49574 2.58807 7.69328
7.85149 7.53446 -0.20461
2.71148 0.03604 2.57740
2.63232 7.46136 5.03694
2.89627 4.92760 7.51577
5.08447 2.52175 7.50818
0.15513 5.44174 5.00439
2.57360 5.30007 7.63661
7.41034 5.35653 2.34774
-0.05380 4.99833 5.27235
2.58397 -0.13377 2.39291
8.12088 0.08152 7.38519
7.94327 0.20389 7.95426
2.30020 7.39863 4.95378
7.36629 5.12102 2.81537
3.04504 2.38059 0.24711
7.50992 2.78252 4.83407
0.28274 5.21496 5.07277
7.81432 8.02099 -0.18469
0.07166 0.39403 -0.20697
7.79256 4.87442 2.80511
7.77747 -0.17371 7.95703
-0.25882 5.24524 5.07061
2.41806 2.47330 -0.26077
-0.32986 2.67637 2.50995
-0.08398 5.34688 5.50036
0.07536 2.52966 2.46108
5.35253 4.92288 0.31138
7.70540 2.98364 5.26454
7.49473 2.67698 5.18056
2.59352 7.82551 4.93745
7.74698 5.34637 2.54311
7.64595 7.87449 0.14784
7.80621 0.22340 7.65961
0.04640 7.61957 7.58374
0.20666 2.43798 2.65234
4.98766 5.08663 -0.07536
0.24794 5.21372 4.83920
7.56813 7.72059 -0.09507
5.08426 0.41435 5.24555
-0.04877 7.26784 7.80652
2.56518 5.30828 7.35305
4.76528 2.70696 7.75919
4.89988 -0.20133 4.96209
0.05339 2.44917 2.15822
2.22618 2.55543 0.21395
2.51672 0.21960 2.31016
8.03895 0.21375 7.76135
7.91586 4.93047 2.82256
2.46898 4.92801 7.91196
0.26949 5.19093 5.35828
2.52781 0.01314 3.04770
7.63620 2.76260 4.89238
7.68466 -0.16673 8.11862
5.26906 5.35776 0.23346
2.44948 7.49730 5.35971
5.07728 7.57583 2.82215
-0.10010 5.30551 4.94618
-0.18202 2.51785 2.75244
0.11416 0.35460 -0.14897
5.06445 5.40037 0.03183
0.07433 0.19968 0.12802
-0.01304 5.42593 5.17461
7.55427 7.87110 0.02310
7.92736 0.10390 7.72347
-0.06673 7.96062 7.54052
0.18931 0.13500 0.07536
7.80960 5.11907 2.65316
7.64513 0.08634 7.89153
-0.01294 7.58620 7.56485
-0.03922 2.48716 2.36067
5.31803 7.62593 2.60666
-0.14424 5.23128 4.86415
2.43213 2.63602 -0.19701
2.49475 0.05667 2.44363
5.01476 5.04926 -0.19999
7.31948 2.56025 5.03991
0.04024 5.43589 5.31516
2.34568 0.15574 3.00099
7.81617 2.80490 4.96959
5.29996 2.67708 7.85272
2.85480 0.34885 2.74813
4.85050 7.85806 2.40379
2.81004 0.21621 2.46210
-0.03018 3.05879 2.79833
2.56795 4.79947 7.81689
2.32761 2.34866 0.30943
0.00021 0.29896 -0.06180
7.63261 4.91025 2.61590
7.49576 7.64616 0.28746
2.51179 2.37104 0.27565
2.48274 -0.04363 2.85367
5.05521 0.25584 5.17872
-0.11078 2.56272 2.68622
2.61148 7.66166 5.23333
5.02677 2.69341 7.67172
0.18757 5.12862 5.06661
7.60088 8.00651 0.19876
7.65437 0.12874 7.88444
5.14915 5.05377 0.09938
7.60817 2.50759 5.01394
2.66476 7.59370 5.20253
7.68106 4.92595 2.47360
7.51465 -0.01961 7.74133
5.28651 2.51888 7.46516
7.62552 -0.19486 7.83681
-0.17782 7.82952 7.72542
5.12133 2.51395 7.45993
-0.12689 5.00942 4.90296
-0.05164 0.23510 -0.07269
-0.02875 5.39349 5.25007
-0.42401 -0.02187 -0.02084
2.40112 7.79687 4.88551
7.29412 -0.12689 7.63907
0.17864 2.78889 2.43716
7.94307 -0.04312 7.91103
-0.43479 2.58879 2.37371
4.99546 5.36690 0.33766
5.28179 7.95025 2.16109
2.41652 5.09833 7.64657
5.13272 5.03221 0.32771
7.59709 4.99238 2.64095
7.60643 7.78116 0.10862
5.18919 0.03224 5.21537
5.21619 2.57421 7.67840
0.04004 2.55532 2.54793
2.65861 7.52686 4.98273
7.44124 5.02708 2.59146
0.04589 7.51947 7.57624
5.11835 7.61012 2.42217
4.98109 -0.05133 5.10562
4.72802 5.13365 0.01283
2.68273 7.70981 4.93129
7.79328 5.18549 2.55112
5.25233 2.35934 7.61444
0.11519 5.04474 4.79126
2.55286 2.68314 -0.27370
2.47001 7.78517 4.89228
5.38446 7.57060 2.25113
5.09207 2.16366 7.59883
7.73691 7.82028 -0.27227
2.62719 2.24230 -0.12617
5.17605 4.98119 -0.28161
2.45502 4.76508 7.51916
5.27943 4.88817 -0.28746
2.36221 5.27604 7.67388
-0.19239 5.35407 4.94361
0.01263 7.57132 7.96504
-0.22412 2.34076 2.71753
7.48025 2.31817 4.97010
4.93961 0.37904 5.29154
-0.10400 2.54105 2.96639
5.05542 5.01065 0.09117
5.25479 2.49681 7.56115
0.07741 0.27155 -0.13470
5.34103 7.80714 2.59321
2.69259 2.40441 -0.07166
2.77965 0.14476 2.73232
7.47656 -0.07361 7.69646
4.78869 0.11601 5.18929
-0.09825 7.65068 7.43837
4.83325 2.33511 7.46403
5.07656 -0.16057 4.98950
0.15677 2.38500 2.75388
7.93075 5.09864 2.37720
0.13429 5.01692 5.00819
7.62357 7.78239 -0.00103
7.78732 0.16704 7.52409
2.70788 7.78044 4.99258
7.66946 5.06106 2.69413
4.90327 2.15473 7.46670
0.09209 -0.04579 -0.24373
5.13837 7.27646 2.52750
0.13151 4.87739 4.98109
2.68283 4.66324 7.58733
5.14145 7.27893 2.38285
7.59195 -0.07854 7.69996
7.34905 2.53561 5.55878
2.40061 7.48775 5.44369
2.53161 5.19514 7.36291
-0.24054 7.35716 7.62717
-0.09496 0.04784 -0.43807
-0.26867 7.90549 7.91966
2.68622 7.42512 4.99772
7.46978 5.02133 2.71333
-0.27473 5.38322 5.25561
4.95871 0.11201 5.13970
-0.37832 7.91832 7.56967
0.22956 2.39886 2.61241
-0.27001 -0.02844 -0.00975
7.50910 2.87410 5.26054
2.41950 5.00881 7.94974
2.40913 0.28674 2.82482
2.69762 7.81443 4.96137
7.85118 5.03232 2.76024
7.84533 -0.18531 7.36691
5.05203 -0.08039 5.03960
-0.17658 2.49876 2.43336
7.80149 4.99166 2.70860
7.39042 7.92725 0.01571
2.65594 2.64700 0.27165
-0.13233 2.76651 2.26376
7.78640 2.49681 5.37049
2.79279 7.66710 5.03529
2.70203 5.18036 7.48272
7.61680 5.20469 2.96588
5.36259 7.57121 2.68099
0.19178 5.15356 4.87698
7.43077 7.47943 0.15780
2.29753 2.61528 -0.03686
2.35821 0.21590 2.50368
7.62696 -0.07320 7.60355
5.41300 2.48017 7.68024
7.63107 -0.18644 7.54154
0.37904 7.72121 7.73825
5.27389 4.91908 -0.31087
5.57551 7.90087 2.56446
2.64598 2.81732 -0.19701
2.69341 -0.35799 2.63602
0.08716 7.33077 7.85518
-0.26837 0.01889 -0.35142
2.87759 8.03936 4.97636
5.26916 7.45479 2.24733
0.06026 7.44997 7.24649
5.41731 5.33559 -0.07946
2.34281 -0.20584 2.32125
5.13837 -0.23613 5.58445
-0.20266 -0.23941 -0.15420
2.45831 5.03303 8.25270
2.33860 -0.37986 2.50235
5.60046 4.94936 -0.14291
2.49249 7.49124 4.81867
7.53169 -0.15112 7.84974
5.22502 0.16529 5.44226
5.10829 5.27912 0.30142
7.63774 2.32371 5.12533
0.10646 5.22625 5.44205
2.83909 -0.04158 2.72257
2.82954 -0.05318 2.57822
0.10821 7.86073 7.95692
2.78755 -0.11026 2.81938
2.74905 4.86672 7.60181
2.44157 -0.13839 2.35102
5.23764 -0.13429 5.30735
2.77277 7.97664 5.20962
5.01394 5.09751 0.15061
7.73661 2.82061 5.49677
2.73263 4.81610 7.89738
5.25797 7.84933 2.11428
-0.13778 5.45006 5.14206
7.54021 7.91514 0.30214
0.30399 0.17361 -0.01776
4.80255 7.61772 2.51446
7.84245 0.52492 7.67275
-0.29321 5.14679 4.91179
7.51680 7.52204 -0.39002
2.68119 2.92985 -0.16806
7.62326 -0.33448 7.63856
4.90511 -0.22196 4.81662
4.71395 5.24986 -0.00842
2.87892 2.56959 -0.14589
2.73273 -0.01951 2.94997
7.48097 2.94442 4.76374
2.69762 4.77340 7.82531
-0.38314 5.02000 5.03581
2.56621 -0.21426 2.86660
2.55532 0.01273 2.77267
0.38448 2.83786 2.59259
2.87102 4.97246 7.58702
2.25051 2.46139 0.17658
7.83106 2.67400 4.95634
8.08187 5.03365 2.35954
5.21629 0.07926 4.89618
5.25879 5.02113 -0.28633
2.77421 7.51906 5.20007
7.53005 4.94546 2.57421
7.81607 -0.06550 7.65540
7.71936 7.67244 -0.20553
5.08334 3.02676 7.97048
2.54239 -0.18521 2.11695
4.76847 0.15338 5.02174
2.31899 -0.37668 2.43777
5.08242 0.29372 4.68141
2.28408 7.53990 5.38569
2.68140 5.23313 8.11606
-0.16611 5.35253 4.82308
7.50849 7.37605 0.27822
4.96332 2.73252 7.90292
2.69967 2.96290 -0.41035
7.69944 2.23255 5.10305
7.31065 5.33651 2.71558
2.54721 0.39372 2.29815
0.17381 7.39627 7.93670
2.56713 8.05476 5.24350
2.71425 2.38100 -0.08501
7.56392 2.55984 4.77750
2.71404 4.97102 7.86956
7.60509 5.06661 2.34435
5.12328 2.93580 7.55099
5.11209 5.41187 -0.32576
2.67216 5.26465 7.41208
7.65345 4.90542 2.54146
5.05049 2.70460 7.44956
0.13233 0.15246 -0.36723
7.67706 2.38038 4.74444
2.68119 7.31773 5.20130
7.86566 5.41053 2.69762
5.33487 8.07417 2.57935
-0.02977 8.03711 7.72480
0.45172 2.64649 2.69248
2.36591 5.39934 7.45972
4.98232 8.01329 2.43285
7.68127 7.69996 -0.24065
7.71505 0.31077 7.95590
-0.24927 0.28500 -0.14383
4.73469 2.56066 7.86196
2.45276 3.04545 -0.06180
2.33932 0.37380 2.66651
2.22310 7.76392 5.19617
-0.40871 0.08860 0.17422
7.81350 3.06608 5.09905
2.23419 2.36930 -0.25091
2.89864 0.34321 2.79618
4.86549 4.97862 0.21015
7.56567 2.69310 5.44965
4.74978 7.69759 2.46303
-0.03891 7.93495 7.49555
2.56302 5.50930 7.78732
5.23272 7.84153 2.81671
0.03480 8.06205 7.80847
-0.27247 -0.02577 0.13387
7.49144 4.94885 2.85244
2.81897 2.53007 0.06807
0.02464 7.90795 7.95795
2.55153 5.12471 7.67141
5.45601 -0.20687 5.35171
0.27730 0.08439 0.24260
3.03395 2.60224 0.25081
5.54328 0.06653 5.41567
2.59464 2.91178 -0.07166
2.59783 4.98550 8.00056
5.14473 7.36619 2.62565
2.31078 2.74063 -0.41446
2.70480 -0.30512 2.85213
7.69051 7.65899 0.39382
5.35581 0.28695 4.96466
5.35941 5.51956 0.01211
7.81884 2.82544 5.34288
2.63941 0.39033 2.55194
4.95778 0.23192 5.23518
-0.36025 2.52648 2.41098
7.64462 7.84851 0.03408
2.79022 2.85203 -0.19886
5.39195 5.35561 -0.08839
7.79143 2.86414 5.31772
