tried moves    experiment_1   _      experiment_2    _                                                                                                                                                                                                                                                                                                                                                                                                                                                                          
        0   290407   0.711E+01   0.130E+05   0.976E+02   0.112E+06
  OPTIMIZATION STUFF
      290407  -172.178095212848        139087.901882945     
   330.821107869224       -502.999203082072     
        0   294386  -0.393E+01   0.111E+05  -0.214E+02   0.189E+06
  OPTIMIZATION STUFF
      294386  -286.978501621668        265331.971728411     
   427.756135356810       -714.734636978477     
        0   300202  -0.253E+01   0.562E+04  -0.601E+02   0.152E+06
  OPTIMIZATION STUFF
      300202  -145.446345427490        95650.1191294182     
   272.938600661771       -418.384946089260     
        0   304387  -0.348E+00   0.915E+03  -0.730E+01   0.377E+05
  OPTIMIZATION STUFF
      304387  -52.8758945552759        9822.80036150346     
   83.8268461561260       -136.702740711402     
        0   304241  -0.103E+00   0.134E+03  -0.453E+01   0.770E+04
  OPTIMIZATION STUFF
      304241  -24.8771670798091        1456.10961135120     
   28.9350336000230       -53.8122006798321     
        0   305419  -0.490E-02   0.615E+02  -0.294E+00   0.309E+04
  OPTIMIZATION STUFF
      305419  -16.7840142197060        597.353871813727     
   17.7665623711069       -34.5505765908130     
        0   301226   0.812E-03   0.449E+02   0.154E+00   0.207E+04
  OPTIMIZATION STUFF
      301226  -14.3766368642015        426.315281443878     
   14.8198378506231       -29.1964747148246     
        0   295732  -0.635E-02   0.374E+02  -0.486E-01   0.183E+04
  OPTIMIZATION STUFF
      295732  -12.6140295146886        316.652231769388     
   12.5514338293262       -25.1654633440148     
        0   295350  -0.238E-02   0.324E+02   0.123E+01   0.280E+04
  OPTIMIZATION STUFF
      295350  -11.2977175854497        256.351942497126     
   11.3451980968402       -22.6429156822899     
        0   289441   0.692E-02   0.271E+02   0.351E+00   0.309E+04
  OPTIMIZATION STUFF
      289441  -10.7521092990545        237.548309999068     
   11.0426652407946       -21.7947745398491     
        0   291846   0.171E-02   0.292E+02  -0.335E+00   0.294E+04
  OPTIMIZATION STUFF
      291846  -10.8921654219785        253.970018278157     
   11.6331745752573       -22.5253399972358     
        0   303775   0.337E-02   0.352E+02  -0.215E+00   0.331E+04
  OPTIMIZATION STUFF
      303775  -11.3445904254849        284.972379315455     
   12.5009058629145       -23.8454962883995     
