   26336953.568031892     
   32873593.063045647     
   58628741.509230003     
   69055843.476126879     
   70004963.915731594     
   76260609.205421850     
   22987602.746220760     
   6006059.3983459854     
   8895061.6067178007     
   5640716.5289271120     
   3047049.2483612089     
   1794341.0139864909     
   2084799.3477397931     
   2240775.0586943561     
   1177187.8917487536     
   1198104.9410861616     
   668731.49899640807     
   842280.52447420545     
   784972.45856378600     
   814703.31109555671     
   678465.37454091129     
   574393.10897189763     
   476304.01430556603     
   576706.11511052586     
   630726.56968574482     
   474121.91697138513     
   454705.46544533106     
   574840.27142588596     
   523087.01306085062     
   519495.04837256717     
   514120.95689785195     
   384495.73564325972     
   434754.39915716648     
   433524.21006530873     
   496889.05468122027     
   351708.14626124117     
   406329.07091508678     
   449856.45760305523     
   438082.90954925067     
   477510.96492774191     
   410214.04558668443     
   409078.99546188198     
   419395.70603938377     
   461822.14443385159     
   457642.72101997351     
   396358.75280480587     
   333971.84475253447     
   355054.49559051770     
   363627.31683961465     
   433409.57809245441     
   370695.13238036499     
   375209.34279421199     
   470701.78381536505     
   355684.53777364688     
   386582.74798290367     
   401599.09179690806     
   362648.20586567634     
   318349.10858388367     
   351811.30864339974     
   402303.55180313683     
   403651.86351980473     
   365796.47474272054     
   366887.56918588770     
   342606.73578993481     
   352159.80099553743     
   424028.95713374449     
   389255.26870805357     
   362826.68050280382     
   318701.77780500037     
   377872.32049155084     
   397478.72953098628     
   344486.45674727962     
   391639.07597728819     
   388106.81585931341     
   363564.84240876127     
   383336.80287914228     
   333935.67437826679     
   340372.70712696196     
   383488.08770149015     
   385874.18973914726     
   426147.25439559092     
   437638.52735477628     
   329619.26641818351     
   345610.97504032112     
   378377.83526176476     
   315319.82677354646     
   354531.73589506821     
   377628.79801363725     
   367949.39530840004     
   325777.10879748873     
   353667.15406049252     
   341112.44630845258     
   376155.23832718091     
   370212.31888393447     
   304637.09678126208     
   386348.50284768769     
   281595.51917114737     
   479400.99411513598     
   355772.86617265019     
   274009.48903243599     
   355644.99639814370     
   312771.01064292772     
   309870.74196208082     
   354002.74946217739     
   320938.81363911834     
   314055.27579841838     
   304480.91070500476     
   352137.88097197359     
   328654.82081550237     
   337980.99978131923     
   305034.42915755126     
   374236.91482572118     
   357180.92135877366     
   321776.87616326747     
   297436.54124288721     
   268984.54072169680     
   296792.88937428867     
   285768.52519503603     
   322578.78059853363     
   292590.27541605290     
