tried moves    experiment_1   _      experiment_2    _                                                                                                                                                                                                                                                                                                                                                                                                                                                                          
        0   253660   0.402E+02   0.532E+10   0.933E+02   0.662E+11
  OPTIMIZATION STUFF
      253660   1000424.2169721397        305703074587171.31     
   17455721.869154166       -16455297.652182028     
        0   258173  -0.139E+02   0.482E+05   0.833E+01   0.147E+06
  OPTIMIZATION STUFF
      258173  -50.459222733028767        28565.493271773263     
   161.30517695645065       -211.76439968947943     
        0   256275   0.402E+01   0.482E+05   0.616E+02   0.231E+06
  OPTIMIZATION STUFF
      256275  -118.91039143413492        73085.821120002569     
   242.78826151398542       -361.69865294812035     
        0   259065  -0.375E+00   0.585E+05   0.370E+02   0.361E+06
  OPTIMIZATION STUFF
      259065  -244.59940663178659        206122.52260317985     
   382.48353282011732       -627.08293945190394     
        0   259641  -0.116E+02   0.455E+05  -0.389E+02   0.366E+06
  OPTIMIZATION STUFF
      259641  -334.89050156947718        325219.53043285123     
   461.59276683175528       -796.48326840123241     
        0   259215  -0.329E+01   0.495E+05  -0.362E+01   0.478E+06
  OPTIMIZATION STUFF
      259215  -435.54111112048224        514437.33462690073     
   569.86075066706996       -1005.4018617875522     
        0   259187  -0.890E+00   0.445E+05   0.400E+01   0.531E+06
  OPTIMIZATION STUFF
      259187  -375.23324343322201        386844.27213532751     
   496.02851244450841       -871.26175587773037     
        0   260888  -0.708E+01   0.271E+05  -0.658E+02   0.369E+06
  OPTIMIZATION STUFF
      260888  -220.58382485996890        150236.35822179733     
   318.71481677503465       -539.29864163500361     
        0   264009  -0.417E+01   0.993E+04  -0.575E+02   0.155E+06
  OPTIMIZATION STUFF
      264009  -103.23515281079639        32018.043145619231     
   146.15247644070473       -249.38762925150112     
        0   262559  -0.134E+01   0.285E+04  -0.213E+02   0.555E+05
  OPTIMIZATION STUFF
      262559  -59.640562518372164        8268.8493743391864     
   68.642936102932893       -128.28349862130506     
        0   257068  -0.167E+00   0.103E+04  -0.305E+01   0.232E+05
  OPTIMIZATION STUFF
      257068  -39.134012841744209        3169.8017832212481     
   40.476299511238025       -79.610312352982234     
        0   262191  -0.123E+00   0.465E+03  -0.235E+01   0.123E+05
  OPTIMIZATION STUFF
      262191  -27.055656326910892        1399.9840532003514     
   25.845222264868180       -52.900878591779076     
        0   262292  -0.117E+00   0.278E+03  -0.326E+01   0.809E+04
  OPTIMIZATION STUFF
      262292  -21.436020635766422        829.23761922575625     
   19.228485081481391       -40.664505717247813     
        0   261313  -0.396E-01   0.163E+03  -0.125E+01   0.504E+04
  OPTIMIZATION STUFF
      261313  -17.079815393437439        504.59220443501721     
   14.590137441474454       -31.669952834911893     
        0   261677   0.204E-01   0.856E+03   0.967E+00   0.316E+05
  OPTIMIZATION STUFF
      261677  -19.416280888824399        1425.4136203464632     
   32.379339968454197       -51.795620857278593     
        0   261297  -0.306E-01   0.125E+03  -0.106E+01   0.369E+04
  OPTIMIZATION STUFF
      261297  -13.598965370704221        306.16476396519874     
   11.010581492890653       -24.609546863594872     
        0   262263   0.254E-01   0.846E+02   0.528E+00   0.243E+04
  OPTIMIZATION STUFF
      262263  -12.251519834606327        241.78029264622651     
   9.5749963127133508       -21.826516147319680     
        0   259291  -0.399E-01   0.933E+02  -0.106E+01   0.261E+04
  OPTIMIZATION STUFF
      259291  -11.400505594697869        207.84435399414508     
   8.8245581294140543       -20.225063724111923     
        0   261039   0.108E-01   0.823E+02   0.201E+00   0.231E+04
  OPTIMIZATION STUFF
      261039  -11.093798287761219        195.08039563951519     
   8.4857548391396183       -19.579553126900837     
        0   260999   0.640E-04   0.692E+02  -0.124E-01   0.184E+04
  OPTIMIZATION STUFF
      260999  -10.664483631146620        177.90881344922400     
   8.0110924554788276       -18.675576086625448     
        0   260611  -0.955E-02   0.712E+02  -0.392E+00   0.193E+04
  OPTIMIZATION STUFF
      260611  -10.239468991874741        163.12194220252908     
   7.6338206009156888       -17.873289592790428     
        0   260885   0.415E-02   0.732E+02   0.144E+00   0.186E+04
  OPTIMIZATION STUFF
      260885  -10.080568435583208        157.45031049699182     
   7.4721115163329390       -17.552679951916147     
        0   260121   0.512E-02   0.749E+02   0.106E+00   0.183E+04
  OPTIMIZATION STUFF
      260121  -9.7326554562417531        146.35318693795980     
   7.1853047748893317       -16.917960231131083     
        0   261450  -0.629E-02   0.788E+02  -0.175E+00   0.197E+04
  OPTIMIZATION STUFF
      261450  -9.6833821116196575        144.75692395700250     
   7.1406606723304620       -16.824042783950119     
        0   260864   0.887E-03   0.741E+02  -0.414E-01   0.189E+04
  OPTIMIZATION STUFF
      260864  -9.6079143347979894        141.77885592808562     
   7.0332665286670979       -16.641180863465088     
        0   260710  -0.153E-03   0.647E+02   0.432E-01   0.158E+04
  OPTIMIZATION STUFF
      260710  -9.5203644917311863        138.60006070978764     
   6.9255123026655321       -16.445876794396717     
        0   260100   0.117E-01   0.697E+02   0.153E+00   0.164E+04
  OPTIMIZATION STUFF
      260100  -9.3537337241096719        133.56053852183118     
   6.7873561819227222       -16.141089906032395     
        0   260757  -0.207E-01   0.610E+02  -0.468E+00   0.144E+04
  OPTIMIZATION STUFF
      260757  -9.2446949891056782        129.75389142458840     
   6.6550361368660322       -15.899731125971710     
        0   260885   0.114E-01   0.763E+02   0.237E+00   0.182E+04
  OPTIMIZATION STUFF
      260885  -9.3268636998670935        132.95795436465372     
   6.7799386345862471       -16.106802334453342     
        0   261305  -0.353E-02   0.722E+02  -0.634E-01   0.161E+04
  OPTIMIZATION STUFF
      261305  -9.3730815277230093        134.25547219789635     
   6.8118143598129599       -16.184895887535969     
        0   261155   0.687E-03   0.700E+02  -0.589E-01   0.152E+04
  OPTIMIZATION STUFF
      261155  -9.1875324336630158        128.45283315301145     
   6.6364207923700551       -15.823953226033071     
        0   261034   0.687E-02   0.624E+02   0.177E+00   0.143E+04
  OPTIMIZATION STUFF
      261034  -9.0182832255961909        123.12291914283489     
   6.4647882259023195       -15.483071451498510     
        0   263152  -0.346E-03   0.694E+02   0.114E+00   0.153E+04
  OPTIMIZATION STUFF
      263152  -9.2500381985163962        129.79710513065882     
   6.6508569715974462       -15.900895170113841     
        0   261345  -0.131E-01   0.729E+02  -0.492E+00   0.159E+04
  OPTIMIZATION STUFF
      261345  -9.0909888386465649        125.51341155238569     
   6.5473149831048509       -15.638303821751416     
        0   259760   0.142E-01   0.622E+02   0.306E+00   0.139E+04
  OPTIMIZATION STUFF
      259760  -9.0243694012092810        123.13827244949591     
   6.4574785605539224       -15.481847961763204     
        0   260984  -0.128E-01   0.689E+02  -0.255E+00   0.154E+04
  OPTIMIZATION STUFF
      260984  -9.0944797194889286        125.45498414106498     
   6.5379983766340564       -15.632478096122984     
        0   260455   0.221E-01   0.722E+02   0.462E+00   0.163E+04
  OPTIMIZATION STUFF
      260455  -9.0983056299331597        125.54613121726999     
   6.5396457000052042       -15.637951329938364     
        0   262340  -0.242E-01   0.685E+02  -0.462E+00   0.143E+04
  OPTIMIZATION STUFF
      262340  -9.0290935989916754        123.44647424574988     
   6.4747156714714080       -15.503809270463083     
        0   261413   0.610E-02   0.604E+02   0.123E-01   0.127E+04
  OPTIMIZATION STUFF
      261413  -8.9520515608083180        120.67468258899362     
   6.3667460638557722       -15.318797624664089     
        0   262992   0.186E-02   0.737E+02   0.525E-01   0.155E+04
  OPTIMIZATION STUFF
      262992  -8.9785767847733791        122.13655772061351     
   6.4437346811101746       -15.422311465883553     
        0   263072  -0.538E-02   0.655E+02  -0.810E-01   0.136E+04
  OPTIMIZATION STUFF
      263072  -8.9860047122664515        121.77492462298137     
   6.4052044412420202       -15.391209153508472     
        0   262420   0.170E-01   0.698E+02   0.418E+00   0.145E+04
  OPTIMIZATION STUFF
      262420  -9.0168155152142688        122.68029342662625     
   6.4325213867672053       -15.449336901981475     
        0   261951   0.135E-02   0.689E+02  -0.714E-01   0.142E+04
  OPTIMIZATION STUFF
      261951  -8.8330733875668113        117.50111888619762     
   6.2831467765807130       -15.116220164147524     
        0   262287  -0.193E-01   0.583E+02  -0.394E+00   0.114E+04
  OPTIMIZATION STUFF
      262287  -8.8933235680950133        119.11283865071346     
   6.3262654515819392       -15.219589019676953     
        0   262543   0.162E-01   0.717E+02   0.348E+00   0.145E+04
  OPTIMIZATION STUFF
      262543  -8.9171003263942463        120.03625447778926     
   6.3656559950101670       -15.282756321404413     
        0   262148  -0.123E-01   0.675E+02  -0.343E+00   0.140E+04
  OPTIMIZATION STUFF
      262148  -8.9118285846092817        119.75973907353023     
   6.3513030436337354       -15.263131628243016     
        0   262212   0.812E-03   0.657E+02   0.165E-01   0.130E+04
  OPTIMIZATION STUFF
      262212  -8.8950597043422395        119.21778990306530     
   6.3321167676577357       -15.227176471999975     
        0   262369   0.598E-02   0.752E+02   0.120E+00   0.151E+04
  OPTIMIZATION STUFF
      262369  -8.9505522619612332        121.06459190233015     
   6.3993910732374211       -15.349943335198654     
        0   262167  -0.891E-02   0.738E+02  -0.148E+00   0.141E+04
  OPTIMIZATION STUFF
      262167  -8.8269399439877727        117.51866227219998     
   6.2931544949598299       -15.120094438947604     
        0   262435   0.150E-01   0.576E+02   0.253E+00   0.107E+04
  OPTIMIZATION STUFF
      262435  -8.8543145740643272        117.93470023318145     
   6.2877510810061086       -15.142065655070436     
        0   262358  -0.152E-01   0.759E+02  -0.326E+00   0.156E+04
  OPTIMIZATION STUFF
      262358  -8.9972199480556121        122.63571608916837     
   6.4564502085494739       -15.453670156605085     
        0   262331   0.173E-01   0.666E+02   0.343E+00   0.130E+04
  OPTIMIZATION STUFF
      262331  -8.9307230798581259        120.30036207251794     
   6.3673029881895316       -15.298026068047658     
        0   261839   0.699E-02   0.636E+02   0.232E+00   0.118E+04
  OPTIMIZATION STUFF
      261839  -8.8971262639735595        119.20291209167738     
   6.3280373208909939       -15.225163584864553     
        0   262804  -0.749E-02   0.645E+02  -0.312E+00   0.123E+04
  OPTIMIZATION STUFF
      262804  -8.8324456927055426        117.22965529597582     
   6.2623923848145386       -15.094838077520080     
        0   262450  -0.102E-02   0.711E+02  -0.146E-01   0.130E+04
  OPTIMIZATION STUFF
      262450  -8.8119008932127318        116.81877238199624     
   6.2585281840216158       -15.070429077234348     
        0   261970  -0.546E-02   0.815E+02  -0.114E+00   0.154E+04
  OPTIMIZATION STUFF
      261970  -9.0217643687978999        123.17111665570071     
   6.4636587417336120       -15.485423110531512     
        0   262460  -0.459E-02   0.684E+02   0.429E-01   0.130E+04
  OPTIMIZATION STUFF
      262460  -8.8077015945986332        116.61607850664143     
   6.2482374416427326       -15.055939036241366     
        0   262419  -0.415E-02   0.703E+02  -0.212E+00   0.133E+04
  OPTIMIZATION STUFF
      262419  -8.9088970937376750        119.81024905726142     
   6.3593868910810754       -15.268283984818751     
        0   262302   0.126E-01   0.671E+02   0.177E+00   0.125E+04
  OPTIMIZATION STUFF
      262302  -8.8146999390079319        116.71528035490540     
   6.2463065358785395       -15.061006474886472     
        0   262049   0.132E-02   0.758E+02   0.169E+00   0.139E+04
  OPTIMIZATION STUFF
      262049  -8.9390959581250140        120.38688283796785     
   6.3623459737270558       -15.301441931852070     
        0   261504  -0.113E-01   0.747E+02  -0.243E+00   0.139E+04
  OPTIMIZATION STUFF
      261504  -8.7710941480792286        115.74323511706713     
   6.2298589520628349       -15.000953100142063     
        0   261951  -0.745E-02   0.801E+02  -0.113E+00   0.147E+04
  OPTIMIZATION STUFF
      261951  -8.8131030259033807        117.13947646191498     
   6.2824112820419247       -15.095514307945304     
        0   262434   0.279E-01   0.720E+02   0.494E+00   0.128E+04
  OPTIMIZATION STUFF
      262434  -8.7917066824655556        116.10320973885564     
   6.2296952853527374       -15.021401967818292     
        0   260589  -0.263E-01   0.647E+02  -0.512E+00   0.124E+04
  OPTIMIZATION STUFF
      260589  -8.8362072352884677        117.37581847962655     
   6.2687526809296186       -15.104959916218085     
        0   262338   0.280E-01   0.708E+02   0.503E+00   0.129E+04
  OPTIMIZATION STUFF
      262338  -8.7576389199801046        115.26876078721779     
   6.2106780092408185       -14.968316929220922     
        0   261893  -0.842E-02   0.709E+02  -0.128E+00   0.131E+04
  OPTIMIZATION STUFF
      261893  -8.7884792625273072        116.05450053831888     
   6.2303397010473152       -15.018818963574622     
        0   262015  -0.153E-01   0.663E+02  -0.328E+00   0.127E+04
  OPTIMIZATION STUFF
      262015  -8.8115089613479487        116.73077331265588     
   6.2520463159465383       -15.063555277294487     
        0   261923   0.210E-01   0.724E+02   0.357E+00   0.130E+04
  OPTIMIZATION STUFF
      261923  -8.9008812612922945        119.24331615605151     
   6.3259488559762476       -15.226830117268541     
        0   262134  -0.192E-01   0.668E+02  -0.355E+00   0.116E+04
  OPTIMIZATION STUFF
      262134  -8.8139546900079324        116.66368473791221     
   6.2432273273043144       -15.057182017312247     
        0   262146  -0.455E-03   0.786E+02   0.226E-01   0.138E+04
  OPTIMIZATION STUFF
      262146  -8.8504091315232234        117.96703951286511     
   6.2958158897410152       -15.146225021264240     
        0   262791   0.832E-02   0.699E+02   0.558E-01   0.120E+04
  OPTIMIZATION STUFF
      262791  -8.6944958615579360        113.21919840977701     
   6.1339171923925528       -14.828413053950488     
        0   261543  -0.339E-02   0.742E+02   0.293E-01   0.122E+04
  OPTIMIZATION STUFF
      261543  -8.7492666455403985        114.65135943829983     
   6.1726568512702942       -14.921923496810692     
        0   261760  -0.324E-02   0.706E+02  -0.122E+00   0.120E+04
  OPTIMIZATION STUFF
      261760  -8.8103497727230415        116.84597751496004     
   6.2628838722460030       -15.073233644969044     
        0   261793   0.870E-02   0.757E+02   0.199E+00   0.136E+04
  OPTIMIZATION STUFF
      261793  -8.8405449528634570        117.56301965166534     
   6.2775619939643601       -15.118106946827817     
        0   260096  -0.239E-02   0.810E+02  -0.115E+00   0.137E+04
  OPTIMIZATION STUFF
      260096  -8.8659739583610495        118.44094271262856     
   6.3115329740319241       -15.177506932392973     
        0   260432   0.370E-02   0.598E+02   0.611E-01   0.102E+04
  OPTIMIZATION STUFF
      260432  -8.7691491619206019        115.21308127052393     
   6.1899195670469851       -14.959068728967587     
        0   261543   0.766E-02   0.708E+02   0.112E+00   0.123E+04
  OPTIMIZATION STUFF
      261543  -8.7912574902853908        116.05038414560185     
   6.2260883293688387       -15.017345819654230     
        0   259976  -0.100E-01   0.777E+02  -0.160E+00   0.131E+04
  OPTIMIZATION STUFF
      259976  -8.7450105773117599        115.18320910236467     
   6.2215752912803453       -14.966585868592105     
        0   261789  -0.143E-03   0.740E+02   0.455E-01   0.125E+04
  OPTIMIZATION STUFF
      261789  -8.7068868247634175        113.84183701965890     
   6.1670056624280889       -14.873892487191506     
        0   259591   0.221E-01   0.718E+02   0.316E+00   0.116E+04
  OPTIMIZATION STUFF
      259591  -8.7175827232575003        113.85180055625855     
   6.1526865692493145       -14.870269292506816     
        0   262200  -0.172E-01   0.684E+02  -0.281E+00   0.114E+04
  OPTIMIZATION STUFF
      262200  -8.7122473203618362        113.90177482045458     
   6.1642940755047197       -14.876541395866557     
        0   261413  -0.103E-02   0.780E+02   0.284E-01   0.129E+04
  OPTIMIZATION STUFF
      261413  -8.8740220487061983        118.77586138468615     
   6.3267364465229932       -15.200758495229191     
        0   262520  -0.102E-01   0.784E+02  -0.217E+00   0.132E+04
  OPTIMIZATION STUFF
      262520  -8.7877011000708958        116.28724347733106     
   6.2500842276839625       -15.037785327754857     
        0   261140   0.486E-02   0.806E+02   0.236E-01   0.134E+04
  OPTIMIZATION STUFF
      261140  -8.7186034433944162        114.45643622687146     
   6.2001927569796154       -14.918796200374032     
        0   261111   0.207E-02   0.662E+02   0.841E-01   0.108E+04
  OPTIMIZATION STUFF
      261111  -8.7799447801580062        115.72443844784885     
   6.2158674459181507       -14.995812226076158     
        0   260665  -0.103E-02   0.706E+02  -0.597E-01   0.110E+04
  OPTIMIZATION STUFF
      260665  -8.8312611450578711        117.19131821286430     
   6.2610019007069022       -15.092263045764774     
        0   261389   0.107E-02   0.825E+02   0.650E-01   0.137E+04
  OPTIMIZATION STUFF
      261389  -8.9330529860864605        121.19597618942215     
   6.4340143407668844       -15.367067326853345     
        0   261189  -0.244E-02   0.853E+02  -0.722E-01   0.140E+04
  OPTIMIZATION STUFF
      261189  -8.8341090902714505        117.83816489918385     
   6.3084611023899617       -15.142570192661413     
        0   262243   0.327E-02   0.691E+02   0.758E-01   0.114E+04
  OPTIMIZATION STUFF
      262243  -8.7520091426541047        115.02969045979169     
   6.1993569365451648       -14.951366079199270     
        0   255961   0.223E-01   0.736E+02   0.351E+00   0.116E+04
  OPTIMIZATION STUFF
      255961  -8.8131854147372106        116.64494393831588     
   6.2428124097860875       -15.055997824523299     
        0   262047  -0.249E-01   0.723E+02  -0.427E+00   0.111E+04
  OPTIMIZATION STUFF
      262047  -8.7875921226728320        116.08469342316380     
   6.2340130019676883       -15.021605124640519     
        0   261104  -0.468E-02   0.710E+02  -0.492E-01   0.113E+04
  OPTIMIZATION STUFF
      261104  -8.7456608261863789        114.76477842803388     
   6.1869374605973562       -14.932598286783735     
        0   262436   0.695E-02   0.720E+02   0.561E-01   0.110E+04
  OPTIMIZATION STUFF
      262436  -8.7878077375089205        115.95830820760892     
   6.2235635592630745       -15.011371296771994     
        0   260600  -0.856E-02   0.704E+02  -0.954E-01   0.108E+04
  OPTIMIZATION STUFF
      260600  -8.7080909807241600        113.79795288687968     
   6.1617452364009848       -14.869836217125144     
        0   262259   0.178E-01   0.693E+02   0.328E+00   0.107E+04
  OPTIMIZATION STUFF
      262259  -8.7520113108598991        114.86587833935842     
   6.1861277350163739       -14.938139045876273     
        0   262693   0.792E-02   0.748E+02   0.271E-01   0.116E+04
  OPTIMIZATION STUFF
      262693  -8.7855064156261733        116.22445456553390     
   6.2481462520114919       -15.033652667637664     
        0   261643  -0.944E-02   0.777E+02  -0.147E+00   0.120E+04
  OPTIMIZATION STUFF
      261643  -8.8086827983343010        116.78396806219295     
   6.2602775833442355       -15.068960381678536     
        0   262437   0.176E-03   0.804E+02  -0.271E-01   0.121E+04
  OPTIMIZATION STUFF
      262437  -8.8040446094183071        116.68704908325370     
   6.2590612394053267       -15.063105848823634     
        0   262436  -0.488E-02   0.770E+02  -0.707E-01   0.118E+04
  OPTIMIZATION STUFF
      262436  -8.7530621382183309        114.99469197183458     
   6.1950460189027918       -14.948108157121123     
        0   262523  -0.737E-02   0.761E+02  -0.126E+00   0.116E+04
  OPTIMIZATION STUFF
      262523  -8.8021416515486965        116.49924669590440     
   6.2467230642934686       -15.048864715842164     
        0   262378   0.843E-02   0.689E+02   0.166E+00   0.106E+04
  OPTIMIZATION STUFF
      262378  -8.8434804370417481        117.61717647192006     
   6.2777408541273791       -15.121221291169128     
        0   262199   0.207E-02   0.904E+02  -0.108E-01   0.136E+04
  OPTIMIZATION STUFF
      262199  -8.8316289878337493        117.64687604309033     
   6.2967615060715900       -15.128390493905339     
        0   262582  -0.240E-02   0.824E+02  -0.135E-01   0.124E+04
  OPTIMIZATION STUFF
      262582  -8.8628773542230057        118.19468082384680     
   6.2963549636156797       -15.159232317838686     
        0   261910  -0.977E-02   0.839E+02  -0.192E+00   0.130E+04
  OPTIMIZATION STUFF
      261910  -8.8502582613933924        118.00790651784784     
   6.2992725948704464       -15.149530856263839     
        0   262308   0.929E-02   0.737E+02   0.110E+00   0.109E+04
  OPTIMIZATION STUFF
      262308  -8.7802068849165735        115.92804293148438     
   6.2318544583091793       -15.012061343225753     
        0   262046  -0.111E-01   0.833E+02  -0.160E+00   0.118E+04
  OPTIMIZATION STUFF
      262046  -8.7270588120411414        114.36781542999367     
   6.1811212511298255       -14.908180063170967     
        0   262198   0.480E-03   0.759E+02   0.545E-02   0.112E+04
  OPTIMIZATION STUFF
      262198  -8.7510497239243090        114.84584552315853     
   6.1858689165357204       -14.936918640460028     
        0   261729   0.231E-01   0.850E+02   0.427E+00   0.126E+04
  OPTIMIZATION STUFF
      261729  -8.8445016115933957        117.98752477991074     
   6.3057367549266257       -15.150238366520021     
        0   262254  -0.903E-02   0.671E+02  -0.176E+00   0.999E+03
  OPTIMIZATION STUFF
      262254  -8.7374123139851818        114.42368818756296     
   6.1710059344472414       -14.908418248432422     
        0   262474   0.683E-02   0.840E+02   0.481E-01   0.120E+04
  OPTIMIZATION STUFF
      262474  -8.8513612425884229        117.99658594429570     
   6.2968238102633318       -15.148185052851755     
        0   262411  -0.358E-02   0.551E+07  -0.228E-01   0.851E+08
  OPTIMIZATION STUFF
      262411  -6060.6374041548961        7206367523.4290333     
   84673.704287012224       -90734.341691167123     
        0   261264   0.147E-02   0.812E+02   0.425E-01   0.118E+04
  OPTIMIZATION STUFF
      261264  -8.7156762131644729        114.19257533542297     
   6.1830060231817630       -14.898682236346236     
        0   260304  -0.287E-02   0.855E+02  -0.121E+00   0.118E+04
  OPTIMIZATION STUFF
      260304  -8.7931173461634309        116.54919709624269     
   6.2634083718724964       -15.056525718035928     
        0   261900  -0.168E-01   0.735E+02  -0.227E+00   0.107E+04
  OPTIMIZATION STUFF
      261900  -8.7689780358249774        115.57318714910181     
   6.2191809232664177       -14.988158959091395     
        0   261472   0.174E-01   0.915E+02   0.210E+00   0.129E+04
  OPTIMIZATION STUFF
      261472  -8.9103828996072760        119.81386626321020     
   6.3575893895089228       -15.267972289116198     
        0   261223   0.463E-04   0.887E+02  -0.262E-01   0.122E+04
  OPTIMIZATION STUFF
      261223  -8.7951258908954006        116.43120460274801     
   6.2511571061723759       -15.046282997067777     
        0   260883   0.237E-02   0.768E+02   0.742E-01   0.110E+04
  OPTIMIZATION STUFF
      260883  -8.7882764091179890        116.10577521668215     
   6.2347392065444387       -15.023015615662427     
        0   262351   0.201E-01   0.853E+02   0.229E+00   0.115E+04
  OPTIMIZATION STUFF
      262351  -8.7580352646164972        115.23815576916664     
   6.2076544743486233       -14.965689738965121     
        0   257691  -0.338E-01   0.861E+02  -0.440E+00   0.121E+04
  OPTIMIZATION STUFF
      257691  -8.8236317916696709        117.30056034694688     
   6.2804524002641049       -15.104084191933776     
        0   262163  -0.417E-02   0.797E+02  -0.690E-01   0.115E+04
  OPTIMIZATION STUFF
      262163  -8.7270525074005647        114.37790447982576     
   6.1819462156265379       -14.908998723027103     
