   33862600.000649229     
   32420721.247770462     
   49235298.923137359     
   58714438.222994603     
   45580963.665118627     
   43786958.609341241     
   44594204.066315100     
   25582815.434217222     
   9306565.4000297375     
   3376095.3425904908     
   2549773.4057579003     
   1901939.2326610857     
   1016357.4214869281     
   680670.78308951424     
   938973.18947663822     
   655109.99762519845     
   800146.15530630550     
   515785.51448120479     
   571168.62639921845     
   567991.85774331877     
   463468.36766059930     
   502131.39020413934     
   531150.58461675572     
   483726.95152776979     
   473143.81626884214     
   484369.92089316115     
   527266.39328455029     
   399741.95243983233     
   464565.68533425726     
   447079.96856537845     
   431848.36218652310     
   479876.29555732384     
   509792.23376706144     
   377650.31576286379     
   460905.92450519465     
   391011.65949819703     
   516995.24085374246     
   389407.16910609283     
   394218.57932979520     
   408501.34172722691     
   385773.86122876348     
   499959.96918745118     
   481629.02798913291     
   373341.34489574935     
   468896.76656679658     
   375800.46677613677     
   380323.48505575064     
   413388.22968536895     
   372236.25868718920     
   442523.66116116027     
   353105.49993405025     
   447669.37047416251     
   510156.19614261924     
   426316.63283615292     
   422225.30847300973     
   390879.89549031254     
   400935.63051670598     
   344280.40899870452     
   393947.46121805900     
   438603.50532273232     
   372079.98243852914     
   340500.65366429184     
   477557.69486311224     
   337288.00337069196     
   476491.40523676586     
   440850.03569492290     
   350840.27803544950     
   449785.15779127355     
   351776.41267218225     
   357581.76336817001     
   374401.24614183279     
   381198.78713702643     
   348411.51510275441     
   402697.58596621628     
   372231.63975284249     
   389084.84688557190     
   420379.71408466884     
   376187.88525704446     
   388075.37846994883     
   475821.89193637442     
   397530.60432217503     
   404695.13057260908     
   345127.01091697894     
   352553.69508486404     
   375068.80752288789     
   359235.32235209947     
   376501.22519791056     
   356996.32809769450     
   377753.83246151393     
   473263.85157759534     
   354876.84184409358     
   340793.63680776599     
   357357.40077293350     
   330290.63272868964     
   420927.59593568754     
   430110.24834682088     
   389103.13424233423     
   382031.77827694861     
   362212.17081365752     
   327249.11395919597     
   373117.86476697499     
   370839.99995141476     
   366666.80903967598     
   313695.60048029764     
   345131.91746799555     
   300404.32946168882     
   301931.10623376560     
   419731.95493595867     
   371107.61038277688     
   385522.47050203546     
   378633.53843831795     
   390119.33377307333     
   357975.03705531551     
   294128.75119111279     
   353590.02143747197     
   346749.51554051408     
   366732.07899435965     
   432106.88172088930     
   310043.82316126453     
   290864.94165362883     
