tried moves    experiment_1   _      experiment_2    _                                                                                                                                                                                                                                                                                                                                                                                                                                                                          
        0   253181   0.397E+02   0.562E+10   0.917E+02   0.644E+11
  OPTIMIZATION STUFF
      253181   1051470.7241525888        328552486758247.81     
   18095493.805765506       -17044023.081612919     
        0   265973  -0.165E+02   0.461E+05  -0.252E+01   0.140E+06
  OPTIMIZATION STUFF
      265973  -48.542499298855233        27202.586105841816     
   157.62681202023487       -206.16931131909010     
        0   267166   0.226E+01   0.466E+05   0.422E+02   0.228E+06
  OPTIMIZATION STUFF
      267166  -129.08344339309158        84222.450887274274     
   259.92290304830163       -389.00634644139325     
        0   270599  -0.179E+01   0.502E+05   0.249E+02   0.301E+06
  OPTIMIZATION STUFF
      270599  -248.33440415600407        205638.02651026956     
   379.43121935701600       -627.76562351302005     
        0   269548   0.138E+01   0.426E+05   0.617E+02   0.339E+06
  OPTIMIZATION STUFF
      269548  -343.48853929007839        337213.66854659381     
   468.21927760715073       -811.70781689722912     
        0   270695  -0.162E+01   0.463E+05   0.205E+02   0.470E+06
  OPTIMIZATION STUFF
      270695  -420.85737446057317        475258.14882663527     
   546.01943114580467       -966.87680560637784     
        0   269617  -0.162E+02   0.368E+05  -0.165E+03   0.445E+06
  OPTIMIZATION STUFF
      269617  -352.04730221666733        345638.29334444168     
   470.85134633598341       -822.89864855265068     
        0   270641  -0.316E+01   0.174E+05  -0.383E+02   0.245E+06
  OPTIMIZATION STUFF
      270641  -176.58542328837660        95312.450246278720     
   253.23909360196262       -429.82451689033923     
        0   270013  -0.127E+01   0.550E+04  -0.183E+02   0.942E+05
  OPTIMIZATION STUFF
      270013  -83.169669243097985        18056.351041642833     
   105.54220558447939       -188.71187482757739     
        0   268645   0.980E-01   0.169E+04   0.484E+01   0.340E+05
  OPTIMIZATION STUFF
      268645  -48.510618201509679        5107.9844112895189     
   52.485277297513413       -100.99589549902309     
        0   268002  -0.425E+00   0.718E+03  -0.940E+01   0.172E+05
  OPTIMIZATION STUFF
      268002  -34.759338555031519        2451.3386637825779     
   35.258006849498415       -70.017345404529934     
        0   268156  -0.781E-01   0.300E+03  -0.132E+01   0.848E+04
  OPTIMIZATION STUFF
      268156  -24.827243477392322        1148.0438190267239     
   23.057575768952908       -47.884819246345231     
        0   268803  -0.543E-01   0.277E+03  -0.150E+01   0.829E+04
  OPTIMIZATION STUFF
      268803  -19.664357201509901        700.57478909081976     
   17.716880225994796       -37.381237427504701     
        0   268492  -0.137E-01   0.141E+03  -0.461E+00   0.429E+04
  OPTIMIZATION STUFF
      268492  -16.264324824170611        451.02653605785957     
   13.656437092877745       -29.920761917048356     
        0   269462   0.696E-02   0.130E+03   0.238E+00   0.404E+04
  OPTIMIZATION STUFF
      269462  -14.455108593377028        349.81887047205294     
   11.868812325828163       -26.323920919205193     
        0   267930  -0.111E-01   0.104E+03  -0.312E+00   0.320E+04
  OPTIMIZATION STUFF
      267930  -12.737015132707402        264.59932131739839     
   10.117695727119937       -22.854710859827339     
        0   265952  -0.937E-02   0.896E+02  -0.349E+00   0.252E+04
  OPTIMIZATION STUFF
      265952  -11.577128168999096        214.34948059187462     
   8.9621193894325177       -20.539247558431612     
        0   267537   0.136E-01   0.819E+02   0.247E+00   0.226E+04
  OPTIMIZATION STUFF
      267537  -11.191379695700704        198.56557934056033     
   8.5626280923101152       -19.754007788010817     
        0   269659  -0.633E-02   0.743E+02  -0.362E+00   0.199E+04
  OPTIMIZATION STUFF
      269659  -10.594618625884699        175.74564435640383     
   7.9686699347168872       -18.563288560601585     
        0   269458  -0.784E-02   0.792E+02  -0.197E+00   0.217E+04
  OPTIMIZATION STUFF
      269458  -10.348175207653359        167.23475166105865     
   7.7556444949963383       -18.103819702649698     
        0   266739  -0.710E-02   0.781E+02  -0.228E+00   0.198E+04
  OPTIMIZATION STUFF
      266739  -10.044077611309531        156.68102802499635     
   7.4697746259835025       -17.513852237293033     
        0   267359   0.494E-02   0.674E+02   0.956E-01   0.170E+04
  OPTIMIZATION STUFF
      267359  -9.9447999954450790        152.69596122831575     
   7.3346379787220117       -17.279437974167092     
        0   266685  -0.363E-03   0.750E+02  -0.510E-02   0.187E+04
  OPTIMIZATION STUFF
      266685  -9.7416220802849853        146.31067716678814     
   7.1701796638363380       -16.911801744121323     
        0   265628  -0.674E-02   0.715E+02  -0.265E+00   0.181E+04
  OPTIMIZATION STUFF
      265628  -9.6873025000927360        144.24865824781901     
   7.0996358018926600       -16.786938301985394     
        0   268495   0.249E-02   0.663E+02   0.164E-01   0.163E+04
  OPTIMIZATION STUFF
      268495  -9.6236877253635669        141.97169941653146     
   7.0254063214320981       -16.649094046795664     
        0   268643  -0.113E-01   0.737E+02  -0.265E+00   0.168E+04
  OPTIMIZATION STUFF
      268643  -9.4175524494579346        135.48687378793952     
   6.8408025588850592       -16.258355008342996     
        0   270142   0.102E-01   0.650E+02   0.303E+00   0.154E+04
  OPTIMIZATION STUFF
      270142  -9.3624462441115810        133.72566968712312     
   6.7875083803442973       -16.149954624455880     
        0   269555   0.994E-02   0.624E+02   0.958E-01   0.140E+04
  OPTIMIZATION STUFF
      269555  -9.4122624153355900        135.01444668854143     
   6.8134985810083259       -16.225760996343915     
        0   270018  -0.229E-01   0.640E+02  -0.539E+00   0.148E+04
  OPTIMIZATION STUFF
      270018  -9.2917753040655295        131.20326945656726     
   6.6982222384245507       -15.989997542490080     
        0   269018   0.117E-01   0.701E+02   0.327E+00   0.155E+04
  OPTIMIZATION STUFF
      269018  -9.2197586898821076        129.44045791489242     
   6.6660713778983629       -15.885830067780471     
        0   268889   0.228E-01   0.650E+02   0.342E+00   0.146E+04
  OPTIMIZATION STUFF
      268889  -9.1993969767881403        128.61071346005227     
   6.6318782198946851       -15.831275196682824     
        0   270225  -0.316E-01   0.671E+02  -0.604E+00   0.153E+04
  OPTIMIZATION STUFF
      270225  -9.2205500330410395        129.02656134258726     
   6.6338539651377726       -15.854403998178812     
        0   266824  -0.422E-01   0.771E+02  -0.908E+00   0.168E+04
  OPTIMIZATION STUFF
      266824  -9.1433798000979696        127.23361050102557     
   6.6054686686249582       -15.748848468722928     
        0   267590   0.472E-01   0.802E+02   0.103E+01   0.182E+04
  OPTIMIZATION STUFF
      267590  -9.2918664971298721        131.72939653383298     
   6.7372556381176771       -16.029122135247547     
        0   270988   0.423E-02   0.731E+02  -0.228E-02   0.156E+04
  OPTIMIZATION STUFF
      270988  -9.1079906839515168        125.90016956860696     
   6.5532186953938396       -15.661209379345356     
        0   267755  -0.175E-03   0.635E+02  -0.170E-01   0.135E+04
  OPTIMIZATION STUFF
      267755  -8.9391829941632164        120.59429387485356     
   6.3785030588467002       -15.317686053009917     
        0   268776   0.115E-02   0.676E+02   0.986E-01   0.142E+04
  OPTIMIZATION STUFF
      268776  -9.0594061882671859        124.08059897702387     
   6.4813392514981105       -15.540745439765296     
        0   269026  -0.580E-02   0.574E+02  -0.162E+00   0.124E+04
  OPTIMIZATION STUFF
      269026  -8.9005788644013784        119.20548351106234     
   6.3233835396592708       -15.223962404060650     
        0   267066  -0.196E-02   0.430E+07  -0.687E-01   0.931E+08
  OPTIMIZATION STUFF
      267066  -5469.0316943346088        5944009416.0548439     
   76903.180092771247       -82372.211787105858     
        0   267484   0.231E-01   0.680E+02   0.496E+00   0.136E+04
  OPTIMIZATION STUFF
      267484  -8.9460359476266902        120.66432839044708     
   6.3743838301610074       -15.320419777787698     
        0   270284  -0.162E-01   0.778E+02  -0.414E+00   0.165E+04
  OPTIMIZATION STUFF
      270284  -9.0018366526299474        122.53911520143254     
   6.4425190788076518       -15.444355731437600     
        0   270057   0.687E-02   0.715E+02   0.163E+00   0.148E+04
  OPTIMIZATION STUFF
      270057  -8.8778650278655178        119.16835740407201     
   6.3523121736163448       -15.230177201481862     
        0   270742   0.106E-01   0.772E+02   0.201E+00   0.158E+04
  OPTIMIZATION STUFF
      270742  -8.9389941517918814        120.92125462187722     
   6.4043452574098287       -15.343339409201711     
        0   270547  -0.216E-01   0.840E+02  -0.412E+00   0.166E+04
  OPTIMIZATION STUFF
      270547  -9.0738897087246215        124.93548286681187     
   6.5268681939130095       -15.600757902637632     
        0   270861   0.250E-02   0.686E+02   0.837E-01   0.131E+04
  OPTIMIZATION STUFF
      270861  -8.8765446815076245        118.77486599188097     
   6.3231179420503993       -15.199662623558023     
        0   270700   0.359E-02   0.691E+02   0.177E-01   0.138E+04
  OPTIMIZATION STUFF
      270700  -8.8944316511249273        119.17349169300147     
   6.3295005566370373       -15.223932207761965     
        0   262206   0.366E-02   0.674E+02   0.285E-02   0.134E+04
  OPTIMIZATION STUFF
      262206  -8.9396127727321471        120.33095173997846     
   6.3572222875704698       -15.296835060302616     
        0   269560   0.111E-01   0.758E+02   0.187E+00   0.143E+04
  OPTIMIZATION STUFF
      269560  -8.9468127796136834        120.80208024151442     
   6.3840912687755100       -15.330904048389193     
        0   269918  -0.181E-01   0.755E+02  -0.265E+00   0.150E+04
  OPTIMIZATION STUFF
      269918  -8.9287161471119774        120.43789213785445     
   6.3809027654522597       -15.309618912564236     
        0   269410   0.369E-02   0.796E+02   0.711E-02   0.161E+04
  OPTIMIZATION STUFF
      269410  -8.9896820183978097        122.12339771544777     
   6.4272089528459277       -15.416890971243738     
        0   269410   0.455E-02   0.785E+02   0.129E+00   0.156E+04
  OPTIMIZATION STUFF
      269410  -8.9800643341911588        122.06383160885299     
   6.4360139964609226       -15.416078330652081     
        0   269212  -0.148E-01   0.743E+02  -0.265E+00   0.136E+04
  OPTIMIZATION STUFF
      269212  -8.8955858330012454        119.20320230487994     
   6.3302255088256905       -15.225811341826937     
        0   269951   0.133E-02   0.636E+02  -0.599E-01   0.117E+04
  OPTIMIZATION STUFF
      269951  -8.8653289868523046        118.21768543618086     
   6.2947301285326871       -15.160059115384993     
        0   268940   0.105E-02   0.698E+02   0.891E-01   0.129E+04
  OPTIMIZATION STUFF
      268940  -8.8550573313911993        117.92298912202963     
   6.2857735227897455       -15.140830854180944     
        0   269283   0.973E-02   0.743E+02   0.178E+00   0.142E+04
  OPTIMIZATION STUFF
      269283  -8.8602071007282710        118.35409891901945     
   6.3127513059856692       -15.172958406713940     
        0   269712   0.112E-02   0.663E+02   0.147E-01   0.122E+04
  OPTIMIZATION STUFF
      269712  -8.8419116213920788        117.76024829378214     
   6.2913311129898286       -15.133242734381907     
        0   270887  -0.114E-02   0.673E+02  -0.654E-01   0.130E+04
  OPTIMIZATION STUFF
      270887  -8.8254466199899166        117.18099615698929     
   6.2683720466081017       -15.093818666598018     
        0   270051   0.850E-02   0.682E+02   0.175E+00   0.129E+04
  OPTIMIZATION STUFF
      270051  -8.7978965466109162        116.30530493739862     
   6.2371725399038249       -15.035069086514742     
        0   269318   0.154E-01   0.635E+02   0.260E+00   0.118E+04
  OPTIMIZATION STUFF
      269318  -8.8188372019577237        116.97416477724725     
   6.2611720294696998       -15.080009231427423     
        0   270063  -0.211E-01   0.659E+02  -0.425E+00   0.116E+04
  OPTIMIZATION STUFF
      270063  -8.8600808374645172        117.84747174905240     
   6.2726740153340073       -15.132754852798524     
        0   269633  -0.812E-03   0.716E+02   0.153E-01   0.135E+04
  OPTIMIZATION STUFF
      269633  -8.8463356031555591        117.66980366770055     
   6.2779096890639421       -15.124245292219502     
        0   269220   0.453E-02   0.718E+02   0.955E-01   0.127E+04
  OPTIMIZATION STUFF
      269220  -8.8640836413982544        118.10718834780035     
   6.2877030421367879       -15.151786683535043     
        0   268953  -0.126E-01   0.704E+02  -0.315E+00   0.127E+04
  OPTIMIZATION STUFF
      268953  -8.8005931272586277        116.25525673025349     
   6.2293512775169209       -15.029944404775549     
        0   269926  -0.117E-02   0.696E+02   0.343E-01   0.130E+04
  OPTIMIZATION STUFF
      269926  -8.8121153042513232        116.63209575123500     
   6.2432939715998170       -15.055409275851140     
        0   269004  -0.572E-03   0.727E+02  -0.128E-02   0.132E+04
  OPTIMIZATION STUFF
      269004  -8.8362569219061058        117.52484989320254     
   6.2805583751183285       -15.116815297024434     
        0   269068   0.114E-01   0.736E+02   0.179E+00   0.140E+04
  OPTIMIZATION STUFF
      269068  -8.7398767496836580        114.85019484507089     
   6.2019955857296374       -14.941872335413295     
        0   269444  -0.252E-03   0.645E+02  -0.369E-01   0.110E+04
  OPTIMIZATION STUFF
      269444  -8.6709661022844138        112.57432442793900     
   6.1146276485959179       -14.785593750880331     
        0   269539  -0.726E-02   0.770E+02  -0.165E+00   0.132E+04
  OPTIMIZATION STUFF
      269539  -8.8605584155241193        118.18265729264705     
   6.2986634977375759       -15.159221913261696     
        0   266977   0.181E-03   0.742E+02   0.124E+00   0.134E+04
  OPTIMIZATION STUFF
      266977  -8.8727871587239076        118.56908188236149     
   6.3121097834516160       -15.184896942175524     
        0   269532   0.118E-01   0.795E+02   0.112E+00   0.130E+04
  OPTIMIZATION STUFF
      269532  -8.8020175672227428        116.55510357890468     
   6.2513670765046987       -15.053384643727441     
        0   269945  -0.137E-01   0.672E+02  -0.264E+00   0.115E+04
  OPTIMIZATION STUFF
      269945  -8.7859894741455413        115.86684286921776     
   6.2187805741496867       -15.004770048295228     
        0   269620   0.153E-01   0.764E+02   0.302E+00   0.136E+04
  OPTIMIZATION STUFF
      269620  -8.8797230002322820        118.72575306778957     
   6.3147662274177154       -15.194489227649997     
        0   269462  -0.147E-01   0.694E+02  -0.226E+00   0.118E+04
  OPTIMIZATION STUFF
      269462  -8.7605557346301595        115.11674697313006     
   6.1943046577940191       -14.954860392424179     
        0   268663   0.713E-02   0.774E+02   0.301E-01   0.140E+04
  OPTIMIZATION STUFF
      268663  -8.7481181093172022        115.18745769631323     
   6.2175467221203613       -14.965664831437564     
        0   269325  -0.860E-02   0.684E+02  -0.115E+00   0.117E+04
  OPTIMIZATION STUFF
      269325  -8.7201548837844260        114.11221614289940     
   6.1701794905586027       -14.890334374343029     
        0   264611   0.576E-02   0.916E+02   0.325E-01   0.148E+04
  OPTIMIZATION STUFF
      264611  -8.8651562370464241        118.96691548003712     
   6.3542049363231907       -15.219361173369615     
        0   269956  -0.242E-02   0.669E+02   0.128E-01   0.114E+04
  OPTIMIZATION STUFF
      269956  -8.7740247746035163        115.33135092446915     
   6.1925632963347956       -14.966588070938311     
        0   268742   0.491E-03   0.709E+02  -0.915E-02   0.123E+04
  OPTIMIZATION STUFF
      268742  -8.7623159440951888        115.22449263299829     
   6.2005090056263557       -14.962824949721544     
        0   269376   0.998E-02   0.629E+02   0.217E+00   0.105E+04
  OPTIMIZATION STUFF
      269376  -8.7714857428506736        115.54062250916699     
   6.2130234485421312       -14.984509191392805     
        0   268651   0.213E-01   0.781E+02   0.329E+00   0.131E+04
  OPTIMIZATION STUFF
      268651  -8.8984974813287305        119.23625410332478     
   6.3287436887672275       -15.227241170095958     
        0   269843  -0.319E-01   0.724E+02  -0.575E+00   0.127E+04
  OPTIMIZATION STUFF
      269843  -8.7925075725078106        116.16310901291347     
   6.2333714473233721       -15.025879019831184     
        0   268118   0.202E-02   0.724E+02   0.196E-01   0.125E+04
  OPTIMIZATION STUFF
      268118  -8.7636579921919626        115.42356963790436     
   6.2146494859963184       -14.978307478188281     
        0   269507   0.125E-01   0.714E+02   0.252E+00   0.124E+04
  OPTIMIZATION STUFF
      269507  -8.7780135950260156        115.65651743543576     
   6.2131308340460851       -14.991144429072101     
        0   267989  -0.516E-02   0.762E+02  -0.939E-01   0.125E+04
  OPTIMIZATION STUFF
      267989  -8.7871246242942647        116.04337896282776     
   6.2313577814108170       -15.018482405705083     
        0   267362   0.101E-01   0.722E+02   0.213E+00   0.121E+04
  OPTIMIZATION STUFF
      267362  -8.8275633186734233        117.00306822748016     
   6.2511754160550970       -15.078738734728521     
        0   268797  -0.170E-01   0.742E+02  -0.370E+00   0.125E+04
  OPTIMIZATION STUFF
      268797  -8.8816228454898454        118.79095374898704     
   6.3172564756751717       -15.198879321165016     
        0   267416   0.333E-02   0.759E+02   0.398E-01   0.123E+04
  OPTIMIZATION STUFF
      267416  -8.7690594511688076        115.57588030423260     
   6.2192826472270593       -14.988342098395867     
        0   269311   0.202E-01   0.842E+02   0.287E+00   0.137E+04
  OPTIMIZATION STUFF
      269311  -8.7720491400922160        115.70579275811315     
   6.2255077416963003       -14.997556881788515     
        0   269758  -0.173E-01   0.631E+02  -0.255E+00   0.997E+03
  OPTIMIZATION STUFF
      269758  -8.7725409799246954        115.10357527719152     
   6.1762529119793488       -14.948793891904044     
        0   269606  -0.118E-01   0.715E+02  -0.192E+00   0.119E+04
  OPTIMIZATION STUFF
      269606  -8.7942423154613785        116.17425694599631     
   6.2318182774327422       -15.026060592894121     
        0   269987   0.585E-02   0.785E+02   0.121E+00   0.126E+04
  OPTIMIZATION STUFF
      269987  -8.7348959419174310        114.80443766270916     
   6.2053227592594702       -14.940218701176901     
        0   269931  -0.196E-02   0.732E+02  -0.893E-01   0.114E+04
  OPTIMIZATION STUFF
      269931  -8.7685673633092485        115.30674707666668     
   6.1983040802928162       -14.966871443602065     
        0   269843   0.391E-02   0.759E+02   0.147E+00   0.120E+04
  OPTIMIZATION STUFF
      269843  -8.8034281361903606        116.45451532801485     
   6.2413274532703991       -15.044755589460760     
        0   269407   0.402E-02   0.612E+02  -0.868E-02   0.101E+04
  OPTIMIZATION STUFF
      269407  -8.6672931921712095        112.59805341030584     
   6.1217711596602866       -14.789064351831495     
        0   268549  -0.392E-02   0.627E+02  -0.680E-01   0.101E+04
  OPTIMIZATION STUFF
      268549  -8.7849658952444507        115.71728364404005     
   6.2081928017283676       -14.993158696972818     
        0   270608  -0.128E-01   0.814E+02  -0.204E+00   0.129E+04
  OPTIMIZATION STUFF
      270608  -8.7796011576363835        115.89005084478386     
   6.2296592489167280       -15.009260406553111     
        0   269779   0.222E-01   0.737E+02   0.352E+00   0.112E+04
  OPTIMIZATION STUFF
      269779  -8.8762987326977090        118.41176649858464     
   6.2946872286471622       -15.170985961344872     
        0   269156   0.996E-03   0.624E+02   0.527E-01   0.893E+03
  OPTIMIZATION STUFF
      269156  -8.8915765227701051        118.48475766243719     
   6.2789031368671928       -15.170479659637298     
        0   269258  -0.890E-02   0.936E+02  -0.130E+00   0.146E+04
  OPTIMIZATION STUFF
      269258  -8.8054960637922903        116.87491382510913     
   6.2720134642431704       -15.077509528035460     
        0   270424   0.771E-02   0.704E+02   0.422E-01   0.105E+04
  OPTIMIZATION STUFF
      270424  -8.7433189156741644        114.55051487193884     
   6.1729157786862121       -14.916234694360377     
        0   269687   0.308E-02   0.765E+02  -0.195E-01   0.116E+04
  OPTIMIZATION STUFF
      269687  -8.8007861025088232        116.48892951082003     
   6.2478070943898061       -15.048593196898629     
        0   269760   0.571E-02   0.745E+02   0.137E+00   0.115E+04
  OPTIMIZATION STUFF
      269760  -8.8648479812667098        118.21635158489815     
   6.2953015697367265       -15.160149551003435     
        0   270729  -0.167E-01   0.772E+02  -0.267E+00   0.119E+04
  OPTIMIZATION STUFF
      270729  -8.7383491245887708        114.68998190966339     
   6.1912225356921269       -14.929571660280898     
        0   270644   0.204E-01   0.718E+02   0.374E+00   0.108E+04
  OPTIMIZATION STUFF
      270644  -8.7259131152523484        114.22912914778738     
   6.1715127361818221       -14.897425851434171     
        0   270941  -0.205E-01   0.762E+02  -0.339E+00   0.113E+04
  OPTIMIZATION STUFF
      270941  -8.8093222302167433        116.59901374780435     
   6.2445861025382179       -15.053908332754961     
        0   270731   0.871E-02   0.765E+02   0.134E+00   0.113E+04
  OPTIMIZATION STUFF
      270731  -8.8183138892622512        116.63720642826814     
   6.2349455954893953       -15.053259484751646     
        0   270648  -0.547E-03   0.699E+02  -0.255E-01   0.106E+04
  OPTIMIZATION STUFF
      270648  -8.7548246072191365        114.88801647272405     
   6.1839358477877457       -14.938760455006882     
        0   269153  -0.258E-02   0.100E+03  -0.281E-01   0.153E+04
  OPTIMIZATION STUFF
      269153  -8.7753296923278530        116.23448656060195     
   6.2632320212132564       -15.038561713541110     
        0   267603  -0.153E-01   0.811E+02  -0.271E+00   0.122E+04
  OPTIMIZATION STUFF
      267603  -8.8016363743408981        116.58190362503888     
   6.2540467506182011       -15.055683124959099     
        0   269957   0.132E-01   0.743E+02   0.235E+00   0.110E+04
  OPTIMIZATION STUFF
      269957  -8.7146938229416797        113.91701432076734     
   6.1620715585872148       -14.876765381528894     
        0   269244  -0.692E-03   0.708E+02  -0.543E-01   0.104E+04
  OPTIMIZATION STUFF
      269244  -8.7944151772138088        115.95938413672653     
   6.2143097627586874       -15.008724939972495     
        0   269672   0.345E-02   0.716E+02   0.823E-02   0.105E+04
  OPTIMIZATION STUFF
      269672  -8.7783127788261996        115.57405482321144     
   6.2060679645253716       -14.984380743351572     
        0   269270  -0.116E-01   0.103E+03  -0.142E+00   0.159E+04
  OPTIMIZATION STUFF
      269270  -9.0047281741721505        124.20669021066647     
   6.5667009007519717       -15.571429074924122     
        0   266853   0.115E-01   0.840E+02   0.174E+00   0.119E+04
  OPTIMIZATION STUFF
      266853  -8.6986751396398141        113.78479318401877     
   6.1739650143996627       -14.872640154039477     
        0   268159  -0.611E-02   0.810E+02  -0.115E+00   0.117E+04
  OPTIMIZATION STUFF
      268159  -8.8368806829170126        117.46249649319286     
   6.2747140404229587       -15.111594723339971     
        0   270032  -0.621E-02   0.699E+02  -0.727E-01   0.103E+04
  OPTIMIZATION STUFF
      270032  -8.8367593858507245        117.06841135853482     
   6.2434041127508264       -15.080163498601550     
        0   268925   0.150E-02   0.867E+02  -0.766E-02   0.128E+04
  OPTIMIZATION STUFF
      268925  -8.8208380039135985        117.05991418694907     
   6.2652000044422076       -15.086038008355807     
        0   269308   0.626E-02   0.761E+02   0.178E+00   0.108E+04
  OPTIMIZATION STUFF
      269308  -8.7100707684482579        113.76845778959758     
   6.1565513884171184       -14.866622156865375     
        0   270016   0.214E-01   0.754E+02   0.242E+00   0.108E+04
  OPTIMIZATION STUFF
      270016  -8.7715759272089926        115.42902133109394     
   6.2039082104993817       -14.975484137708374     
        0   266717  -0.277E-01   0.785E+02  -0.456E+00   0.113E+04
  OPTIMIZATION STUFF
      266717  -8.7771788763842977        115.65632998206110     
   6.2142948879188520       -14.991473764303150     
