   33266815.695658308     
   28204944.386708710     
   40091283.662573174     
   46354470.273452483     
   63369225.196248986     
   68485987.909471825     
   19531581.354285393     
   8308224.7183590690     
   3012021.7274396392     
   4338988.2482000245     
   1707077.6685803686     
   1332881.0449628180     
   914172.41097881773     
   786749.91613381403     
   852844.31714691874     
   766240.75633387861     
   671055.42290064623     
   740697.37435752514     
   641519.25067822903     
   586359.17091218615     
   523638.48530715896     
   550541.81409997633     
   549064.39336759748     
   476848.52369054494     
   481906.44683176838     
   407653.64583814581     
   492278.90257023333     
   520753.90469524218     
   369182.29231073626     
   460309.76208236208     
   558451.27102679072     
   386721.47523846931     
   133197.67373989278     
   420200.93034082075     
   420711.12903727457     
   416111.81398426002     
   442911.93357083132     
   397807.10725402698     
   378962.45957196143     
   517872.70262694743     
   401668.17064554774     
   447574.98940450401     
   504754.50444972416     
   387404.22341833852     
   410741.01318684570     
   416506.07472256623     
   418207.58605800179     
   471706.94959105691     
   395348.97261974227     
   398248.35717395053     
   434102.95956721471     
   358731.32418639096     
   342913.40412609768     
   367204.78907399642     
   417769.48539357277     
   422041.08779322152     
   404043.58751202864     
   453477.64443452167     
   527563.50553641422     
   407209.19207949855     
   411132.17380025721     
   438072.43583402404     
   350060.06640120660     
   358991.68059495353     
   358495.62619724363     
   409841.85611038451     
   399826.58991706499     
   353498.19087716879     
   386696.45379286323     
   420110.13682147430     
   345139.65721323690     
   430736.71661532397     
   365889.52114213654     
   375877.64395291480     
   342676.94387945661     
   352800.63486251852     
   355615.65649925492     
   353243.41054813628     
   414347.61867850937     
   508370.94431102404     
   344705.02297141915     
   350506.13677568565     
   421747.66796360631     
   395184.17578566214     
   454976.18015568209     
   351038.98026466166     
   362585.36016956065     
   445222.21888316970     
   371683.71241630433     
   316803.62937511265     
   350956.90128141706     
   326316.21450650232     
   367060.11888104113     
   365795.58360248309     
   346478.57724836125     
   287900.54625699017     
   388970.70295026473     
   403419.37281050737     
   365946.31299692183     
   379430.39892010379     
   375001.82668811566     
   413548.81481344037     
   336787.67175562709     
   443470.41199960792     
   346175.47413402214     
   384691.65254999365     
   377680.16487116559     
   369407.43740652705     
   292771.25878802803     
   359725.98392171779     
   344891.98087893071     
   348050.70192461752     
   306742.47962433897     
   356262.86410655337     
   323672.11901335639     
   302381.45866027201     
   300718.59990951372     
   350352.33154938481     
   421535.65488678881     
   292578.25055587105     
