tried moves    experiment_1   _      experiment_2    _                                                                                                                                                                                                                                                                                                                                                                                                                                                                          
        0    94093   0.638E+02   0.492E+10   0.146E+03   0.689E+11
  OPTIMIZATION STUFF
       94093   1094780.2700305611        154289419622057.78     
   12372989.767328251       -11278209.497297689     
        0    95641   0.614E+01   0.451E+05   0.271E+02   0.115E+06
  OPTIMIZATION STUFF
       95641  -6.8764902290512815        7566.3965540734462     
   86.712804338247579       -93.589294567298865     
        0    95545   0.371E+01   0.654E+05   0.224E+02   0.165E+06
