tried moves    experiment_1   _      experiment_2    _                                                                                                                                                                                                                                                                                                                                                                                                                                                                          
        0   256704   0.185E+02   0.735E+11   0.594E+02   0.795E+12
  OPTIMIZATION STUFF
      256704   14373520.810788814        61749374835618864.     
   248078166.58287501       -233704645.77208620     
        0   261799  -0.421E+01   0.438E+05   0.223E+02   0.195E+06
  OPTIMIZATION STUFF
      261799  -82.433557822626199        48699.441488511911     
   204.70503177307504       -287.13858959570121     
        0   262673   0.104E+02   0.484E+05   0.105E+03   0.336E+06
  OPTIMIZATION STUFF
      262673  -214.63906335393105        161320.89513283278     
   339.48632905520651       -554.12539240913759     
        0   262889   0.858E+01   0.583E+05   0.122E+03   0.485E+06
  OPTIMIZATION STUFF
      262889  -310.19981151181008        284068.09683297353     
   433.40993732378939       -743.60974883559948     
        0   262653  -0.777E+01   0.528E+05  -0.375E+02   0.537E+06
  OPTIMIZATION STUFF
      262653  -349.88108138124687        344199.20010361943     
   470.93781860783781       -820.81889998908468     
        0   263664  -0.990E+01   0.466E+05  -0.791E+02   0.564E+06
  OPTIMIZATION STUFF
      263664  -401.16265973832668        423686.81584580452     
   512.59666042364734       -913.75932016197407     
        0   263210  -0.654E+01   0.482E+05  -0.513E+02   0.677E+06
  OPTIMIZATION STUFF
      263210  -281.88195874739876        232060.38724206644     
   390.64427370025049       -672.52623244764925     
        0   263241  -0.683E+01   0.224E+05  -0.107E+03   0.359E+06
  OPTIMIZATION STUFF
      263241  -151.17272998256132        67333.938408097791     
   210.90458534066394       -362.07731532322526     
        0   263450  -0.693E+00   0.791E+04  -0.926E+01   0.146E+06
  OPTIMIZATION STUFF
      263450  -83.542357194881447        17939.234079338345     
   104.68958225946450       -188.23193945434593     
        0   262852  -0.224E+00   0.338E+04  -0.388E+01   0.747E+05
  OPTIMIZATION STUFF
      262852  -54.899695295054229        6934.3296118354956     
   62.612722895156828       -117.51241819021106     
        0   262552  -0.400E+00   0.116E+04  -0.718E+01   0.292E+05
  OPTIMIZATION STUFF
      262552  -39.283855764379801        3123.7181922967188     
   39.755463380271685       -79.039319144651486     
        0   263286   0.466E-02   0.850E+03   0.153E+01   0.238E+05
  OPTIMIZATION STUFF
      263286  -32.381148387351033        2087.1192506287257     
   32.227014750750328       -64.608163138101361     
        0   262658  -0.266E+00   0.508E+03  -0.709E+01   0.147E+05
  OPTIMIZATION STUFF
      262658  -25.360890476194182        1225.3190728273992     
   24.127666838753441       -49.488557314947627     
        0   263063   0.910E-02   0.399E+03   0.284E+00   0.116E+05
  OPTIMIZATION STUFF
      263063  -22.399834246128101        927.08873393637919     
   20.623679586396943       -43.023513832525040     
        0   262845  -0.103E+00   0.296E+03  -0.296E+01   0.900E+04
  OPTIMIZATION STUFF
      262845  -19.732602493370965        702.87145977858597     
   17.705814260213959       -37.438416753584924     
        0   262692   0.701E-02   0.192E+03   0.243E+00   0.578E+04
  OPTIMIZATION STUFF
      262692  -16.747294866437986        489.17828061755677     
   14.446674194226734       -31.193969060664720     
        0   262485   0.288E-01   0.143E+03   0.126E+01   0.451E+04
  OPTIMIZATION STUFF
      262485  -15.477042237875263        410.54326725627033     
   13.076866246287580       -28.553908484162843     
        0   262478   0.211E-01   0.132E+03   0.520E+00   0.422E+04
  OPTIMIZATION STUFF
      262478  -13.644709306095145        313.10766619344025     
   11.266302594267598       -24.911011900362745     
        0   262963  -0.828E-01   0.114E+03  -0.252E+01   0.354E+04
  OPTIMIZATION STUFF
      262963  -12.882352218714487        275.87829471142766     
   10.484431125455000       -23.366783344169487     
        0   262537  -0.769E-03   0.929E+02  -0.301E+00   0.292E+04
  OPTIMIZATION STUFF
      262537  -12.253284267798254        245.80678985506182     
   9.7807880310121043       -22.034072298810358     
        0   261552   0.295E-02   0.782E+02   0.174E+00   0.245E+04
  OPTIMIZATION STUFF
      261552  -11.607580617879185        217.61166105832302     
   9.1036110010126468       -20.711191618891831     
        0   262020  -0.198E-01   0.822E+02  -0.542E+00   0.250E+04
  OPTIMIZATION STUFF
      262020  -10.989493744284689        192.87603625913368     
   8.4915878081464466       -19.481081552431135     
        0   262349   0.141E-01   0.594E+02   0.363E+00   0.201E+04
  OPTIMIZATION STUFF
      262349  -10.389706929562909        170.46326069641148     
   7.9067850997863829       -18.296492029349292     
        0   262233  -0.877E-02   0.692E+02  -0.299E+00   0.216E+04
  OPTIMIZATION STUFF
      262233  -10.246338041732004        165.44616613218491     
   7.7755207456954594       -18.021858787427462     
        0   262444   0.444E-03   0.548E+02   0.717E-01   0.163E+04
  OPTIMIZATION STUFF
      262444  -10.020653281545030        157.07155950290826     
   7.5271553268129834       -17.547808608358014     
        0   262967  -0.183E-02   0.632E+02  -0.862E-01   0.188E+04
  OPTIMIZATION STUFF
      262967  -9.8099306718944952        150.12592487835084     
   7.3410615779309776       -17.150992249825471     
        0   262358   0.379E-02   0.580E+02   0.952E-01   0.166E+04
  OPTIMIZATION STUFF
      262358  -9.5887491876302828        142.78898519354067     
   7.1305591793533454       -16.719308366983629     
        0   262491  -0.146E-01   0.594E+02  -0.526E+00   0.179E+04
  OPTIMIZATION STUFF
      262491  -9.6027726561383684        142.97259916007198     
   7.1245600898998145       -16.727332746038183     
        0   262508  -0.522E-02   0.602E+02  -0.836E-01   0.184E+04
  OPTIMIZATION STUFF
      262508  -9.5010919748717519        140.11369451780851     
   7.0599536686040718       -16.561045643475822     
        0   262256   0.635E-02   0.554E+02   0.112E+00   0.159E+04
  OPTIMIZATION STUFF
      262256  -9.2322804567519459        131.13435637364742     
   6.7749061942969737       -16.007186651048919     
        0   261986   0.191E-02   0.589E+02   0.783E-01   0.174E+04
  OPTIMIZATION STUFF
      261986  -9.3556820320368406        135.04156719574200     
   6.8929515384314888       -16.248633570468328     
        0   261828   0.893E-03   0.594E+02  -0.546E-01   0.167E+04
  OPTIMIZATION STUFF
      261828  -9.2849154851850848        132.62854708432647     
   6.8131410903706291       -16.098056575555713     
        0   262379   0.626E-02   0.554E+02   0.252E+00   0.150E+04
  OPTIMIZATION STUFF
      262379  -9.1398228556298822        128.09688139352031     
   6.6753666237313087       -15.815189479361191     
        0   262414   0.787E-03   0.559E+02  -0.730E-01   0.154E+04
  OPTIMIZATION STUFF
      262414  -9.1093180331655841        127.46774377694300     
   6.6699376869343610       -15.779255720099945     
        0   262377   0.654E-02   0.529E+02   0.202E+00   0.149E+04
  OPTIMIZATION STUFF
      262377  -8.9761871560104201        123.21135331330913     
   6.5298864809108812       -15.506073636921300     
        0   262432  -0.128E-01   0.597E+02  -0.402E+00   0.157E+04
  OPTIMIZATION STUFF
      262432  -9.1172317558257880        127.32693342324976     
   6.6485350667505374       -15.765766822576325     
        0   261847  -0.173E-02   0.541E+02  -0.116E+00   0.144E+04
  OPTIMIZATION STUFF
      261847  -8.9507046429115089        122.15452029306897     
   6.4837802776182452       -15.434484920529755     
        0   262366   0.453E-02   0.555E+02   0.312E+00   0.151E+04
  OPTIMIZATION STUFF
      262366  -8.8851014578158676        120.43276293301393     
   6.4410973457425937       -15.326198803558462     
        0   262305  -0.811E-03   0.498E+02  -0.173E+00   0.137E+04
  OPTIMIZATION STUFF
      262305  -8.8864209099939462        120.04242940107443     
   6.4088963801497680       -15.295317290143714     
        0   262145   0.417E-03   0.610E+02  -0.121E-01   0.163E+04
  OPTIMIZATION STUFF
      262145  -8.9993900247380907        123.70974123750742     
   6.5361089663615584       -15.535498991099649     
        0   262195   0.269E-02   0.498E+02   0.561E-01   0.122E+04
  OPTIMIZATION STUFF
      262195  -8.7411671957563613        115.82582422454244     
   6.2783612734833367       -15.019528469239699     
        0   262115  -0.205E-02   0.514E+02  -0.761E-01   0.133E+04
  OPTIMIZATION STUFF
      262115  -8.9232003973732237        121.23784288647283     
   6.4509175746393765       -15.374117972012600     
        0   262702  -0.688E-02   0.545E+02  -0.190E+00   0.139E+04
  OPTIMIZATION STUFF
      262702  -8.8295407936244317        118.54934331227044     
   6.3709145878745295       -15.200455381498962     
        0   262096   0.261E-01   0.506E+02   0.686E+00   0.126E+04
  OPTIMIZATION STUFF
      262096  -8.7791534323472593        116.81979785533544     
   6.3044637255392928       -15.083617157886552     
        0   261676  -0.143E-01   0.604E+02  -0.391E+00   0.153E+04
  OPTIMIZATION STUFF
      261676  -8.8134168918411362        117.85707928364890     
   6.3388297006827869       -15.152246592523923     
        0   261922  -0.443E-02   0.529E+02  -0.122E+00   0.131E+04
  OPTIMIZATION STUFF
      261922  -8.7555491647288317        116.21943207167914     
   6.2896574545594612       -15.045206619288294     
        0   262744  -0.715E-02   0.487E+02  -0.173E+00   0.127E+04
  OPTIMIZATION STUFF
      262744  -8.7322629706300905        115.40317678803024     
   6.2570568320731104       -14.989319802703200     
        0   262439   0.109E-01   0.574E+02   0.247E+00   0.139E+04
  OPTIMIZATION STUFF
      262439  -8.7301293995870939        115.44320381932930     
   6.2632295571689198       -14.993358956756014     
        0   262260  -0.826E-02   0.595E+02  -0.207E+00   0.146E+04
  OPTIMIZATION STUFF
      262260  -8.7834076849655354        116.86491632923426     
   6.3021159755214473       -15.085523660486983     
        0   262146   0.142E-01   0.518E+02   0.330E+00   0.121E+04
  OPTIMIZATION STUFF
      262146  -8.6679127951661812        113.75243756929467     
   6.2144770773323375       -14.882389872498518     
        0   261994  -0.251E-02   0.508E+02  -0.207E-01   0.129E+04
  OPTIMIZATION STUFF
      261994  -8.7743518579266535        116.65260687862710     
   6.2978850697616089       -15.072236927688262     
        0   262629  -0.559E-02   0.545E+02  -0.136E+00   0.126E+04
  OPTIMIZATION STUFF
      262629  -8.7942418099352526        117.15591894641403     
   6.3100895346104844       -15.104331344545738     
        0   263012   0.256E-02   0.611E+02   0.146E-01   0.146E+04
  OPTIMIZATION STUFF
      263012  -8.7627679161842824        116.45008997060677     
   6.2979352503577024       -15.060703166541984     
        0   262568  -0.151E-01   0.542E+02  -0.397E+00   0.131E+04
  OPTIMIZATION STUFF
      262568  -8.7446608457005173        115.67657825845164     
   6.2615880535311446       -15.006248899231661     
        0   261307   0.148E-02   0.598E+02   0.532E-01   0.139E+04
  OPTIMIZATION STUFF
      261307  -8.6570981524399890        113.44072693783782     
   6.2044644020945077       -14.861562554534498     
        0   261618   0.439E-02   0.562E+02   0.755E-01   0.127E+04
  OPTIMIZATION STUFF
      261618  -8.7394978684551905        115.58440342033718     
   6.2614359716924648       -15.000933840147656     
        0   261739   0.818E-02   0.524E+02   0.158E+00   0.117E+04
  OPTIMIZATION STUFF
      261739  -8.6924054078139790        114.06029221005269     
   6.2050286410506592       -14.897434048864639     
        0   263138  -0.920E-02   0.512E+02  -0.241E+00   0.116E+04
  OPTIMIZATION STUFF
      263138  -8.6589203221600108        112.94475937908300     
   6.1618064099391638       -14.820726732099175     
        0   262409   0.813E-02   0.520E+02   0.130E+00   0.114E+04
  OPTIMIZATION STUFF
      262409  -8.5982930400156832        111.39219341194858     
   6.1205841396035430       -14.718877179619227     
        0   262428   0.328E-02   0.592E+02   0.128E+00   0.130E+04
  OPTIMIZATION STUFF
      262428  -8.7050618739268071        114.63402072982240     
   6.2334515720368193       -14.938513445963626     
        0   262361  -0.149E-01   0.600E+02  -0.296E+00   0.134E+04
  OPTIMIZATION STUFF
      262361  -8.6441468629961520        112.79148798666692     
   6.1701064008346487       -14.814253263830800     
        0   262527   0.149E-01   0.522E+02   0.319E+00   0.110E+04
  OPTIMIZATION STUFF
      262527  -8.7008599034998042        114.25052812073031     
   6.2085074744579059       -14.909367377957711     
        0   261989  -0.634E-02   0.568E+02  -0.208E+00   0.121E+04
  OPTIMIZATION STUFF
      261989  -8.6143775658306954        111.71946553833810     
   6.1247011920297725       -14.739078757860469     
        0   262307   0.168E-01   0.508E+02   0.376E+00   0.108E+04
  OPTIMIZATION STUFF
      262307  -8.6127871104148870        111.69777830218759     
   6.1251674665154070       -14.737954576930294     
        0   262142  -0.132E-01   0.527E+02  -0.320E+00   0.119E+04
  OPTIMIZATION STUFF
      262142  -8.6511421428265436        112.90839636678051     
   6.1697760082024908       -14.820918151029034     
        0   256506  -0.852E-02   0.547E+02  -0.795E-01   0.116E+04
  OPTIMIZATION STUFF
      256506  -8.5744871688882629        110.50009644323507     
   6.0809757632970065       -14.655462932185269     
        0   261940   0.182E-01   0.509E+02   0.310E+00   0.110E+04
  OPTIMIZATION STUFF
      261940  -8.7144189394751752        114.60594814008945     
   6.2181066802850706       -14.932525619760245     
        0   262133  -0.125E-01   0.533E+02  -0.327E+00   0.112E+04
  OPTIMIZATION STUFF
      262133  -8.6192765299027432        111.72387061339592     
   6.1181649793433692       -14.737441509246112     
        0   262278   0.807E-02   0.583E+02   0.178E+00   0.126E+04
  OPTIMIZATION STUFF
      262278  -8.6177759534180911        111.97260962669144     
   6.1405657103706934       -14.758341663788784     
        0   262093  -0.715E-02   0.620E+02  -0.137E+00   0.130E+04
  OPTIMIZATION STUFF
      262093  -8.6530973461425482        113.00943937970963     
   6.1752202954947624       -14.828317641637311     
        0   263135   0.107E-01   0.509E+02   0.146E+00   0.109E+04
  OPTIMIZATION STUFF
      263135  -8.6359269723218546        112.35741249217490     
   6.1463955145189599       -14.782322486840815     
        0   263076  -0.334E-02   0.585E+02   0.794E-02   0.120E+04
  OPTIMIZATION STUFF
      263076  -8.6518760468310205        112.92204837336688     
   6.1698532594899298       -14.821729306320950     
        0   261350  -0.347E-02   0.620E+02  -0.109E+00   0.129E+04
  OPTIMIZATION STUFF
      261350  -8.6434536554380141        112.92830172896187     
   6.1821525891276012       -14.825606244565616     
        0   260538  -0.147E-02   0.527E+02  -0.118E-01   0.107E+04
  OPTIMIZATION STUFF
      260538  -8.6544672805311205        112.90738898225919     
   6.1650292028891043       -14.819496483420224     
        0   262537  -0.321E-02   0.573E+02  -0.297E-01   0.115E+04
  OPTIMIZATION STUFF
      262537  -8.6202172246466873        111.89753426368455     
   6.1310186154984976       -14.751235840145185     
        0   262162   0.570E-02   0.518E+02   0.565E-01   0.108E+04
  OPTIMIZATION STUFF
      262162  -8.5552135561636007        110.01391137213243     
   6.0681325282632868       -14.623346084426888     
        0   261871  -0.109E-01   0.526E+02  -0.216E+00   0.110E+04
  OPTIMIZATION STUFF
      261871  -8.6105170428740330        111.48072574716254     
   6.1106236998802634       -14.721140742754297     
        0   261551   0.104E-01   0.552E+02   0.201E+00   0.112E+04
  OPTIMIZATION STUFF
      261551  -8.6543186665325980        112.96736640765474     
   6.1701000661059116       -14.824418732638510     
        0   260047   0.413E-04   0.597E+02  -0.309E-01   0.117E+04
  OPTIMIZATION STUFF
      260047  -8.5717127251907197        110.57196609292716     
   6.0907887050636260       -14.662501430254345     
        0   261494   0.228E-02   0.545E+02   0.434E-01   0.105E+04
  OPTIMIZATION STUFF
      261494  -8.5917174424448906        111.01046122654826     
   6.0985943147365100       -14.690311757181401     
        0   262359   0.181E-04   0.700E+02  -0.234E-01   0.142E+04
  OPTIMIZATION STUFF
      262359  -8.5842638629923691        111.39547045985505     
   6.1405117368488416       -14.724775599841211     
        0   262249   0.167E-02   0.613E+02   0.786E-01   0.119E+04
  OPTIMIZATION STUFF
      262249  -8.5783127660151539        110.77820334901199     
   6.0984222088531581       -14.676734974868312     
        0   262449  -0.119E-01   0.478E+02  -0.235E+00   0.893E+03
  OPTIMIZATION STUFF
      262449  -8.6245355991494499        111.61556903228670     
   6.1018812452628524       -14.726416844412302     
        0   263192   0.934E-02   0.606E+02   0.218E+00   0.117E+04
  OPTIMIZATION STUFF
      263192  -8.6176701965350926        111.90458950894966     
   6.1351731754450478       -14.752843371980141     
        0   263262   0.624E-02   0.581E+02   0.872E-01   0.109E+04
  OPTIMIZATION STUFF
      263262  -8.4568550888890215        107.17627862193100     
   5.9714219937518118       -14.428277082640832     
        0   262742  -0.565E-02   0.105E+03  -0.168E+00   0.216E+04
  OPTIMIZATION STUFF
      262742  -8.9452404428789851        125.18852479764344     
   6.7209521808093244       -15.666192623688310     
        0   261381   0.171E-01   0.654E+02   0.400E+00   0.124E+04
  OPTIMIZATION STUFF
      261381  -8.6180779479512601        112.14433766454383     
   6.1541100207568622       -14.772187968708122     
        0   262699  -0.200E-01   0.609E+02  -0.470E+00   0.117E+04
  OPTIMIZATION STUFF
      262699  -8.7699044047262635        115.79213019440695     
   6.2354556310160554       -15.005360035742319     
        0   263274   0.398E-02   0.606E+02   0.136E+00   0.113E+04
  OPTIMIZATION STUFF
      263274  -8.5625725826077907        110.31873104943408     
   6.0828514544584626       -14.645424037066253     
        0   263293  -0.663E-02   0.649E+02  -0.210E+00   0.123E+04
  OPTIMIZATION STUFF
      263293  -8.6924962946599091        114.16780902133871     
   6.2135591401919132       -14.906055434851822     
        0   262855   0.106E-01   0.578E+02   0.242E+00   0.105E+04
  OPTIMIZATION STUFF
      262855  -8.5518503166317537        110.01976334958827     
   6.0733532345413312       -14.625203551173085     
        0   262619  -0.152E-01   0.559E+02  -0.324E+00   0.993E+03
  OPTIMIZATION STUFF
      262619  -8.5794791773667232        110.58006707793321     
   6.0805101860834023       -14.659989363450126     
        0   263081   0.761E-02   0.579E+02   0.118E+00   0.111E+04
  OPTIMIZATION STUFF
      263081  -8.5572910545179681        110.31638731255519     
   6.0900867909104504       -14.647377845428419     
        0   262924   0.510E-02   0.524E+02   0.114E+00   0.982E+03
  OPTIMIZATION STUFF
      262924  -8.5529060992224775        109.93999498535116     
   6.0652940772261079       -14.618200176448585     
        0   262919   0.244E-02   0.893E+02   0.713E-01   0.166E+04
  OPTIMIZATION STUFF
      262919  -8.6916890677250365        115.71813852165423     
   6.3381921453710524       -15.029881213096090     
        0   263354  -0.154E-01   0.607E+02  -0.314E+00   0.109E+04
  OPTIMIZATION STUFF
      263354  -8.6972881796570594        114.01502922019296     
   6.1945304535687411       -14.891818633225800     
        0   263650   0.195E-01   0.691E+02   0.311E+00   0.126E+04
  OPTIMIZATION STUFF
      263650  -8.6939735777800724        114.32765354923762     
   6.2243455060029875       -14.918319083783061     
        0   262776  -0.127E-01   0.566E+02  -0.173E+00   0.101E+04
  OPTIMIZATION STUFF
      262776  -8.5523212181387880        109.89599511443262     
   6.0624909811236583       -14.614812199262445     
        0   262413   0.942E-02   0.672E+02   0.131E+00   0.120E+04
  OPTIMIZATION STUFF
      262413  -8.6292023635636657        112.11119518473457     
   6.1358016390201060       -14.765004002583773     
        0   262420  -0.990E-03   0.707E+02   0.113E-01   0.129E+04
  OPTIMIZATION STUFF
      262420  -8.6517709620932148        112.89332476822965     
   6.1676724935513798       -14.819443455644596     
        0   262538   0.118E-01   0.637E+02   0.165E+00   0.111E+04
  OPTIMIZATION STUFF
      262538  -8.5913624673148732        110.98181784013211     
   6.0967457545271975       -14.688108221842072     
        0   262668  -0.179E-01   0.673E+02  -0.349E+00   0.125E+04
  OPTIMIZATION STUFF
      262668  -8.5365291547832438        109.58003781093836     
   6.0586886205245802       -14.595217775307823     
        0   262838   0.401E-02   0.569E+02   0.689E-01   0.972E+03
  OPTIMIZATION STUFF
      262838  -8.5999267838599387        111.25495122363557     
   6.1070623491073048       -14.706989132967244     
        0   262243   0.340E-02   0.649E+02   0.599E-01   0.114E+04
  OPTIMIZATION STUFF
      262243  -8.6227371960572672        111.76136561625982     
   6.1163525784564019       -14.739089774513669     
        0   262564  -0.158E-01   0.589E+02  -0.290E+00   0.103E+04
  OPTIMIZATION STUFF
      262564  -8.5566234995087918        109.94645807327163     
   6.0605818500310304       -14.617205349539823     
        0   262329   0.124E-01   0.605E+02   0.245E+00   0.103E+04
  OPTIMIZATION STUFF
      262329  -8.5845867469025947        110.70591246666650     
   6.0836488106703550       -14.668235557572949     
        0   262486   0.207E-02   0.581E+02  -0.708E-03   0.102E+04
  OPTIMIZATION STUFF
      262486  -8.6064457760123130        111.52090850427929     
   6.1196404803582301       -14.726086256370543     
        0   261475  -0.123E-01   0.705E+02  -0.227E+00   0.120E+04
  OPTIMIZATION STUFF
      261475  -8.6687392389380378        113.19377338355335     
   6.1682034167859063       -14.836942655723945     
        0   261037   0.441E-02   0.617E+02   0.121E+00   0.108E+04
  OPTIMIZATION STUFF
      261037  -8.5436003150629212        109.78345787291175     
   6.0655050514667375       -14.609105366529658     
        0   262382  -0.185E-02   0.556E+02  -0.195E-01   0.932E+03
  OPTIMIZATION STUFF
      262382  -8.5950163438357468        110.98375782868442     
   6.0917527755056522       -14.686769119341399     
        0   262932   0.135E-01   0.602E+02   0.175E+00   0.103E+04
  OPTIMIZATION STUFF
      262932  -8.5491676803544756        109.74509022012145     
   6.0544877729915294       -14.603655453346004     
        0   262280  -0.822E-02   0.624E+02  -0.140E+00   0.106E+04
  OPTIMIZATION STUFF
      262280  -8.4644874344722965        107.62991423869082     
   5.9985303792138467       -14.463017813686143     
        0   261761   0.590E-02   0.566E+02   0.101E+00   0.908E+03
  OPTIMIZATION STUFF
      261761  -8.5248780525919212        109.05399501352723     
   6.0316207773668760       -14.556498829958798     
        0   262427  -0.620E-02   0.534E+02  -0.108E+00   0.871E+03
  OPTIMIZATION STUFF
      262427  -8.5049076858062289        108.33664548372738     
   6.0002658890787091       -14.505173574884939     
        0   262011  -0.795E-02   0.583E+02  -0.163E+00   0.967E+03
  OPTIMIZATION STUFF
      262011  -8.5151273662562499        108.88269379082985     
   6.0311938890458290       -14.546321255302079     
        0   262107   0.188E-01   0.621E+02   0.374E+00   0.108E+04
  OPTIMIZATION STUFF
      262107  -8.6934805714013326        114.01463664770222     
   6.1998413046117387       -14.893321876013072     
        0   262042  -0.265E-01   0.684E+02  -0.472E+00   0.112E+04
  OPTIMIZATION STUFF
      262042  -8.5913689881843016        110.95617773198435     
   6.0946334295714131       -14.686002417755715     
        0   262278   0.236E-01   0.683E+02   0.408E+00   0.115E+04
  OPTIMIZATION STUFF
      262278  -8.6547231051859868        112.76511255810817     
   6.1531195771468639       -14.807842682332851     
        0   263512  -0.885E-02   0.613E+02  -0.169E+00   0.986E+03
  OPTIMIZATION STUFF
      263512  -8.5487917473947661        109.72780291820460     
   6.0535908829288871       -14.602382630323653     
        0   263490   0.110E-01   0.665E+02   0.162E+00   0.109E+04
  OPTIMIZATION STUFF
      263490  -8.6866364531463329        113.81593615222702     
   6.1934064361299850       -14.880042889276318     
