tried moves    experiment_1   _      experiment_2    _                                                                                                                                                                                                                                                                                                                                                                                                                                                                          
        0   135216   0.151E+02   0.105E+05   0.152E+03   0.765E+05
  OPTIMIZATION STUFF
      135216  -93.0221618368831        63835.1101820798     
   234.908466406114       -327.930628242997     
        0   135906  -0.191E+01   0.130E+08  -0.253E+02   0.111E+09
  OPTIMIZATION STUFF
      135906  -6458.55229541305        8212815346.99090     
   90394.1505255640       -96852.7028209770     
        0   136878  -0.487E+01   0.197E+05   0.254E+01   0.232E+06
  OPTIMIZATION STUFF
      136878  -315.900889352894        325268.871335968     
   474.842604914532       -790.743494267426     
        0   134117  -0.267E+01   0.932E+04   0.704E+00   0.172E+06
  OPTIMIZATION STUFF
      134117  -309.480566390086        288480.537754870     
   438.978720192381       -748.459286582467     
        0   137810   0.561E-01   0.904E+04   0.444E+02   0.197E+06
  OPTIMIZATION STUFF
      137810  -274.677330462420        237310.772509689     
   402.322180148854       -676.999510611274     
        0   139069  -0.133E+01   0.693E+04  -0.331E+02   0.202E+06
  OPTIMIZATION STUFF
      139069  -250.242725591718        212135.910104021     
   386.671033816148       -636.913759407866     
        0   173718  -0.300E+01   0.328E+04  -0.964E+02   0.119E+06
  OPTIMIZATION STUFF
      173718  -131.269390668654        63439.5235836880     
   214.960160627890       -346.229551296544     
        0   174466   0.231E+00   0.261E+04   0.106E+02   0.106E+06
  OPTIMIZATION STUFF
      174466  -87.9015322154940        50372.7147723394     
   206.509165429789       -294.410697645283     
