tried moves    experiment_1   _      experiment_2    _                                                                                                                                                                                                                                                                                                                                                                                                                                                                          
        0   255249   0.182E+02   0.298E+10   0.583E+02   0.326E+11
  OPTIMIZATION STUFF
      255249   598778.71912722348        106226334822204.80     
   10289207.883395357       -9690429.1642681342     
        0   260670   0.284E+01   0.408E+05   0.607E+02   0.173E+06
  OPTIMIZATION STUFF
      260670  -81.580962546379055        47078.932565201649     
   201.05591042097706       -282.63687296735611     
        0   261408   0.179E+02   0.489E+05   0.170E+03   0.331E+06
  OPTIMIZATION STUFF
      261408  -209.22227846859255        156427.03796198257     
   335.63831151165283       -544.86058998024532     
        0   261272  -0.906E+01   0.665E+05  -0.312E+02   0.555E+06
  OPTIMIZATION STUFF
      261272  -294.51102794395047        263402.44736388553     
   420.31619262560315       -714.82722056955367     
        0   261203  -0.995E+01   0.572E+05  -0.458E+02   0.575E+06
  OPTIMIZATION STUFF
      261203  -363.02395400491849        367803.11560447345     
   485.81552509477120       -848.83947909968970     
        0   261480   0.709E+01   0.638E+05   0.126E+03   0.751E+06
  OPTIMIZATION STUFF
      261480  -391.17837855204237        414018.46120767551     
   510.87957226832873       -902.05795082037116     
        0   261968  -0.151E+02   0.123E+08  -0.163E+03   0.155E+09
  OPTIMIZATION STUFF
      261968  -3305.8662409026947        2672942091.4972067     
   51594.702634034693       -54900.568874937388     
        0   215848  -0.735E+01   0.279E+05  -0.103E+03   0.454E+06
  OPTIMIZATION STUFF
      215848  -187.34777273994612        113553.19919977400     
   280.09643205359743       -467.44420479354358     
        0   253220  -0.424E+01   0.139E+05  -0.643E+02   0.264E+06
  OPTIMIZATION STUFF
      253220  -106.88685256561382        34163.472242818469     
   150.79347794727465       -257.68033051288847     
        0   259223  -0.812E-01   0.558E+04   0.342E+00   0.119E+06
  OPTIMIZATION STUFF
      259223  -62.459279777805236        10065.708078025818     
   78.514625692692874       -140.97390547049810     
        0   259216  -0.586E+00   0.160E+04  -0.119E+02   0.381E+05
  OPTIMIZATION STUFF
      259216  -42.316197516279580        3784.6202284869987     
   44.653775386300907       -86.969972902580480     
        0   258842  -0.193E+00   0.832E+03  -0.381E+01   0.221E+05
  OPTIMIZATION STUFF
      258842  -34.037592294453859        2287.5475722885490     
   33.600444685823497       -67.638036980277349     
        0   258606  -0.127E+00   0.620E+03  -0.242E+01   0.169E+05
  OPTIMIZATION STUFF
      258606  -27.003292038603504        1391.4527700229210     
   25.734703983158880       -52.737996021762385     
        0   258875  -0.900E-01   0.404E+03  -0.282E+01   0.120E+05
  OPTIMIZATION STUFF
      258875  -23.872858265867624        1066.5305788883311     
   22.284910076240536       -46.157768342108156     
        0   258889  -0.426E-01   0.315E+03  -0.122E+01   0.965E+04
  OPTIMIZATION STUFF
      258889  -21.075587762121824        809.91564654139052     
   19.124205788018788       -40.199793550140612     
        0   258946   0.131E-01   0.218E+03   0.121E+01   0.702E+04
  OPTIMIZATION STUFF
      258946  -17.771612286607695        559.73404662496694     
   15.617421149455545       -33.389033436063244     
        0   259286  -0.826E-01   0.154E+03  -0.313E+01   0.507E+04
  OPTIMIZATION STUFF
      259286  -15.868101618041464        433.25749288793361     
   13.470740288768226       -29.338841906809691     
        0   258524   0.139E-01   0.134E+03   0.570E+00   0.438E+04
  OPTIMIZATION STUFF
      258524  -14.362653497186924        349.14114889107202     
   11.952210398533664       -26.314863895720588     
        0   258245   0.537E-01   0.136E+03   0.161E+01   0.434E+04
  OPTIMIZATION STUFF
      258245  -13.574989735358669        309.62633865555904     
   11.195802442900902       -24.770792178259569     
        0   257931  -0.737E-01   0.115E+03  -0.228E+01   0.362E+04
  OPTIMIZATION STUFF
      257931  -12.704927748989292        266.96916975588795     
   10.273946692914551       -22.978874441903841     
        0   258470  -0.268E-01   0.828E+02  -0.769E+00   0.260E+04
  OPTIMIZATION STUFF
      258470  -11.788505968097393        225.89764664386360     
   9.3235601399892154       -21.112066108086609     
        0   258338   0.212E-01   0.800E+02   0.673E+00   0.257E+04
  OPTIMIZATION STUFF
      258338  -11.560553207258330        216.23205179970199     
   9.0876653405509575       -20.648218547809286     
        0   258336  -0.149E-01   0.727E+02  -0.725E+00   0.236E+04
  OPTIMIZATION STUFF
      258336  -10.840352667144451        187.47310967233145     
   8.3642013201659395       -19.204553987310391     
        0   257875  -0.432E-02   0.620E+02   0.285E-01   0.191E+04
  OPTIMIZATION STUFF
      257875  -10.243525031465238        165.05384859874837     
   7.7539695336320138       -17.997494565097252     
        0   257763  -0.146E-02   0.695E+02  -0.103E+00   0.220E+04
  OPTIMIZATION STUFF
      257763  -10.084913986614682        160.40566288095087     
   7.6616037983919814       -17.746517785006663     
        0   258272  -0.374E-02   0.656E+02  -0.762E-01   0.200E+04
  OPTIMIZATION STUFF
      258272  -9.9711204915017895        156.11966931965063     
   7.5297028801675667       -17.500823371669355     
        0   258423   0.237E-02   0.561E+02  -0.226E-01   0.171E+04
  OPTIMIZATION STUFF
      258423  -9.8199665837748586        150.41269869106125     
   7.3471732649098715       -17.167139848684730     
        0   257780   0.132E-01   0.649E+02   0.436E+00   0.198E+04
  OPTIMIZATION STUFF
      257780  -9.7043553102956999        146.63147349668296     
   7.2427178260801108       -16.947073136375810     
        0   257780  -0.226E-01   0.576E+02  -0.771E+00   0.173E+04
  OPTIMIZATION STUFF
      257780  -9.5730194690786412        142.16876668124397     
   7.1081688869838517       -16.681188356062492     
        0   258013   0.610E-02   0.606E+02   0.165E+00   0.170E+04
  OPTIMIZATION STUFF
      258013  -9.3890681754716265        136.30682339755955     
   6.9391802249188963       -16.328248400390521     
        0   258562  -0.227E-02   0.554E+02  -0.131E+00   0.158E+04
  OPTIMIZATION STUFF
      258562  -9.5209749344238936        139.88061977118025     
   7.0165273511368982       -16.537502285560791     
        0   258247   0.752E-02   0.519E+02   0.276E+00   0.144E+04
  OPTIMIZATION STUFF
      258247  -9.1839517555404466        129.21915216262906     
   6.6988194717080267       -15.882771227248472     
        0   258700  -0.174E-01   0.539E+02  -0.535E+00   0.147E+04
  OPTIMIZATION STUFF
      258700  -9.0825304344864577        126.40205944944007     
   6.6264394931265551       -15.708969927613012     
        0   258677   0.511E-02   0.599E+02   0.147E+00   0.170E+04
  OPTIMIZATION STUFF
      258677  -9.1322166451269258        127.96982817694953     
   6.6762599802146898       -15.808476625341616     
        0   259823   0.466E-02   0.536E+02   0.108E+00   0.149E+04
  OPTIMIZATION STUFF
      259823  -9.0971355617909033        126.71768578758468     
   6.6302194803780061       -15.727355042168909     
        0   258363   0.697E-02   0.550E+02   0.195E+00   0.148E+04
  OPTIMIZATION STUFF
      258363  -9.1727829762510602        128.68792915184133     
   6.6744274377986965       -15.847210414049757     
        0   258218  -0.536E-02   0.555E+02  -0.175E+00   0.152E+04
  OPTIMIZATION STUFF
      258218  -8.9957555807904566        123.47303671234403     
   6.5229915102674614       -15.518747091057918     
        0   258955  -0.481E-02   0.560E+02  -0.991E-01   0.149E+04
  OPTIMIZATION STUFF
      258955  -8.9307803257504599        121.68265489718718     
   6.4748604363627544       -15.405640762113215     
        0   258126   0.412E-02   0.524E+02   0.545E-01   0.133E+04
  OPTIMIZATION STUFF
      258126  -8.8970165940778045        120.40737353678442     
   6.4226528211860092       -15.319669415263814     
        0   258897  -0.100E-01   0.507E+02  -0.296E+00   0.126E+04
  OPTIMIZATION STUFF
      258897  -8.8191848267446389        118.00681091818061     
   6.3426169606793801       -15.161801787424018     
        0   256206   0.168E-02   0.507E+02   0.104E+00   0.132E+04
  OPTIMIZATION STUFF
      256206  -8.7171695018370858        115.07935079049540     
   6.2522241375958973       -14.969393639432983     
        0   257856   0.150E-03   0.537E+02  -0.822E-02   0.138E+04
  OPTIMIZATION STUFF
      257856  -8.8263908618228299        118.32993641585668     
   6.3580469304800760       -15.184437792302905     
        0   258147   0.764E-02   0.491E+02   0.238E+00   0.128E+04
  OPTIMIZATION STUFF
      258147  -8.7771152616063794        116.65693645679934     
   6.2943771845414318       -15.071492446147811     
        0   258340  -0.102E-01   0.562E+02  -0.424E+00   0.145E+04
  OPTIMIZATION STUFF
      258340  -8.7543537706869419        116.22686444259008     
   6.2919118318877771       -15.046265602574719     
        0   259342   0.992E-02   0.456E+02   0.239E+00   0.113E+04
  OPTIMIZATION STUFF
      259342  -8.8386178327931066        117.99619938045753     
   6.3146681770532656       -15.153286009846372     
        0   258009  -0.147E-02   0.497E+02  -0.223E-01   0.127E+04
  OPTIMIZATION STUFF
      258009  -8.7686330022418932        116.33358350600473     
   6.2804982905816518       -15.049131292823546     
        0   258393   0.496E-02   0.538E+02   0.699E-01   0.126E+04
  OPTIMIZATION STUFF
      258393  -8.7772336376834144        116.61055321626617     
   6.2905264394790477       -15.067760077162461     
        0   258646   0.423E-02   0.532E+02   0.161E+00   0.127E+04
  OPTIMIZATION STUFF
      258646  -8.7375729491612635        115.50188046656831     
   6.2575314161939017       -14.995104365355164     
        0   258143  -0.678E-02   0.558E+02  -0.195E+00   0.138E+04
  OPTIMIZATION STUFF
      258143  -8.7622481724480021        116.32272482790930     
   6.2885397185945280       -15.050787891042530     
        0   258133   0.115E-02   0.533E+02   0.726E-01   0.134E+04
  OPTIMIZATION STUFF
      258133  -8.6482283408685117        112.86983459296043     
   6.1707358683676539       -14.818964209236166     
        0   259431   0.695E-02   0.471E+02   0.118E+00   0.108E+04
  OPTIMIZATION STUFF
      259431  -8.7543603450945433        115.83877213645980     
   6.2609861112045238       -15.015346456299067     
        0   259352  -0.912E-02   0.517E+02  -0.251E+00   0.120E+04
  OPTIMIZATION STUFF
      259352  -8.6607447706188001        113.29897497562486     
   6.1879297825544173       -14.848674553173218     
        0   260115  -0.366E-03   0.496E+02   0.300E-01   0.117E+04
  OPTIMIZATION STUFF
      260115  -8.6600780611355876        113.18153972437541     
   6.1793679045201300       -14.839445965655717     
        0   259573   0.240E-02   0.573E+02   0.352E-02   0.139E+04
  OPTIMIZATION STUFF
      259573  -8.6903015981491105        114.28054114897479     
   6.2256886592715039       -14.915990257420614     
        0   259595   0.539E-02   0.513E+02   0.994E-01   0.121E+04
  OPTIMIZATION STUFF
      259595  -8.6989306609969503        114.28410910545429     
   6.2139129749797304       -14.912843635976682     
        0   259257   0.416E-02   0.500E+02   0.180E+00   0.115E+04
  OPTIMIZATION STUFF
      259257  -8.6709586290354235        113.49533473782539     
   6.1894919978445335       -14.860450626879956     
        0   258844  -0.221E-02   0.530E+02  -0.143E+00   0.121E+04
  OPTIMIZATION STUFF
      258844  -8.6393810098988535        112.46477487648293     
   6.1502740298528158       -14.789655039751668     
        0   259944  -0.989E-02   0.583E+02  -0.260E+00   0.132E+04
  OPTIMIZATION STUFF
      259944  -8.8049942376818553        117.23935839675431     
   6.3017009506278256       -15.106695188309681     
        0   259366   0.824E-02   0.541E+02   0.210E+00   0.120E+04
  OPTIMIZATION STUFF
      259366  -8.5885400868770461        111.15943274693248     
   6.1152605768714796       -14.703800663748526     
        0   257847  -0.365E-02   0.570E+02  -0.141E+00   0.134E+04
  OPTIMIZATION STUFF
      257847  -8.7770471195583486        116.54778905799039     
   6.2857961245209726       -15.062843244079321     
        0   258698  -0.682E-02   0.590E+02  -0.174E+00   0.130E+04
  OPTIMIZATION STUFF
      258698  -8.6977061207808433        114.39427029637797     
   6.2244821899423437       -14.922188310723186     
        0   253630  -0.353E-02   0.539E+02  -0.319E-01   0.118E+04
  OPTIMIZATION STUFF
      253630  -8.6198969372781171        112.01704274186362     
   6.1412066837525465       -14.761103621030664     
        0   258646   0.135E-01   0.560E+02   0.360E+00   0.123E+04
  OPTIMIZATION STUFF
      258646  -8.6388689724756453        112.39693374593809     
   6.1454761103055047       -14.784345082781151     
        0   259517   0.544E-02   0.560E+02   0.756E-01   0.120E+04
  OPTIMIZATION STUFF
      259517  -8.7002317071092268        114.19898441933684     
   6.2052359070343259       -14.905467614143554     
        0   259528  -0.622E-02   0.506E+02  -0.104E+00   0.107E+04
  OPTIMIZATION STUFF
      259528  -8.6445524681651644        112.48827222966597     
   6.1449153659595286       -14.789467834124693     
        0   259405  -0.172E-02   0.522E+02  -0.886E-01   0.109E+04
  OPTIMIZATION STUFF
      259405  -8.7046134887087625        114.24107204684377     
   6.2024814436669811       -14.907094932375744     
        0   259487   0.406E-02   0.527E+02   0.219E-01   0.108E+04
  OPTIMIZATION STUFF
      259487  -8.6314306891794832        112.27685500926923     
   6.1461580899908377       -14.777588779170321     
        0   258471   0.856E-03   0.562E+02   0.620E-01   0.119E+04
  OPTIMIZATION STUFF
      258471  -8.6138367149407955        111.74071779107304     
   6.1271963278004247       -14.741033042741220     
        0   258553  -0.605E-03   0.538E+02  -0.394E-01   0.112E+04
  OPTIMIZATION STUFF
      258553  -8.7543209814609675        115.42043551603392     
   6.2275436304843508       -14.981864611945319     
        0   258075   0.294E-02   0.536E+02   0.610E-02   0.114E+04
  OPTIMIZATION STUFF
      258075  -8.6542944888439113        112.62173520951120     
   6.1420617149192749       -14.796356203763185     
        0   258935  -0.699E-02   0.577E+02  -0.774E-01   0.117E+04
  OPTIMIZATION STUFF
      258935  -8.6006270849180737        111.37660668911320     
   6.1160297935251133       -14.716656878443187     
        0   258758   0.398E-02   0.548E+02   0.137E-01   0.115E+04
  OPTIMIZATION STUFF
      258758  -8.6366621767533456        112.35648247461712     
   6.1452867239255236       -14.781948900678870     
        0   258354  -0.690E-02   0.535E+02  -0.130E+00   0.108E+04
  OPTIMIZATION STUFF
      258354  -8.6932830246332813        113.76034378824937     
   6.1795771733891467       -14.872860198022428     
        0   258501   0.763E-03   0.550E+02  -0.369E-01   0.113E+04
  OPTIMIZATION STUFF
      258501  -8.6435971360807748        112.41335372064233     
   6.1401614204985320       -14.783758556579308     
        0   258046   0.360E-02   0.741E+02   0.459E-01   0.151E+04
  OPTIMIZATION STUFF
      258046  -8.7678538869797489        116.59388337551887     
   6.3022711455548297       -15.070125032534579     
        0   258091  -0.984E-02   0.667E+02  -0.158E+00   0.134E+04
  OPTIMIZATION STUFF
      258091  -8.6278883592812612        112.49948784158440     
   6.1692001346498158       -14.797088493931078     
        0   257756   0.120E-01   0.583E+02   0.259E+00   0.117E+04
  OPTIMIZATION STUFF
      257756  -8.5954932912517350        111.33135680935408     
   6.1195467062030406       -14.715039997454776     
        0   259749  -0.375E-02   0.554E+02  -0.680E-01   0.110E+04
  OPTIMIZATION STUFF
      259749  -8.5907514688729929        111.20072058993317     
   6.1155302133167231       -14.706281682189715     
        0   259679   0.611E-02   0.625E+02   0.533E-01   0.125E+04
  OPTIMIZATION STUFF
      259679  -8.6732641813752185        113.26272537697261     
   6.1674317034764377       -14.840695884851655     
        0   260078  -0.220E-02   0.549E+02  -0.412E-01   0.106E+04
  OPTIMIZATION STUFF
      260078  -8.6313514957829014        112.19870967175096     
   6.1399088778252429       -14.771260373608143     
        0   259826  -0.230E-02   0.595E+02   0.275E-02   0.118E+04
  OPTIMIZATION STUFF
      259826  -8.6020741217333931        111.13094764951435     
   6.0938713847372119       -14.695945506470604     
        0   258135   0.169E-03   0.873E+02   0.568E-02   0.175E+04
  OPTIMIZATION STUFF
      258135  -8.9163921363668024        121.72886022131192     
   6.4982160237905422       -15.414608160157345     
        0   259048  -0.210E-02   0.556E+02  -0.592E-01   0.114E+04
  OPTIMIZATION STUFF
      259048  -8.7710252347071620        116.08923037651333     
   6.2576630389182437       -15.028688273625406     
        0   258927   0.792E-02   0.554E+02   0.190E+00   0.106E+04
  OPTIMIZATION STUFF
      258927  -8.7470253205195441        115.31974659422876     
   6.2297106382575045       -14.976735958777049     
        0   259966  -0.893E-02   0.571E+02  -0.301E+00   0.112E+04
  OPTIMIZATION STUFF
      259966  -8.6627210056094519        112.73444272188351     
   6.1393572547015278       -14.802078260310980     
        0   259818  -0.303E-02   0.541E+02  -0.142E-01   0.103E+04
  OPTIMIZATION STUFF
      259818  -8.6077268932188105        111.45073610881005     
   6.1121006078571458       -14.719827501075956     
        0   259776   0.335E-02   0.651E+02   0.593E-01   0.129E+04
  OPTIMIZATION STUFF
      259776  -8.6607925368073335        113.32758244358732     
   6.1901740749327647       -14.850966611740098     
        0   260184  -0.740E-02   0.678E+02  -0.904E-01   0.128E+04
  OPTIMIZATION STUFF
      260184  -8.6730354356521424        113.42895829445159     
   6.1812146562284864       -14.854250091880630     
        0   259894   0.252E-02   0.621E+02   0.292E-01   0.121E+04
  OPTIMIZATION STUFF
      259894  -8.6452590210665772        112.49329509108402     
   6.1443300326195853       -14.789589053686163     
        0   260313   0.157E-01   0.607E+02   0.290E+00   0.115E+04
  OPTIMIZATION STUFF
      260313  -8.6944032160905493        114.06311353770732     
   6.2024564693145274       -14.896859685405076     
        0   260054  -0.254E-01   0.517E+02  -0.515E+00   0.950E+03
  OPTIMIZATION STUFF
      260054  -8.4995399470603346        108.29688683513885     
   6.0045572295935745       -14.504097176653909     
        0   258811   0.145E-01   0.580E+02   0.216E+00   0.107E+04
  OPTIMIZATION STUFF
      258811  -8.6723991736985084        113.32162948179690     
   6.1734206120942652       -14.845819785792774     
        0   258686  -0.693E-03   0.567E+02   0.904E-02   0.104E+04
  OPTIMIZATION STUFF
      258686  -8.6320344243429172        112.04091113998416     
   6.1260829929852401       -14.758117417328158     
        0   258888   0.123E-01   0.524E+02   0.209E+00   0.947E+03
  OPTIMIZATION STUFF
      258888  -8.5766780545201939        110.41255476687327     
   6.0706793949264828       -14.647357449446677     
        0   258945   0.106E-02   0.555E+02   0.466E-01   0.105E+04
  OPTIMIZATION STUFF
      258945  -8.6172418942727447        111.53798546495780     
   6.1058273477513652       -14.723069242024110     
        0   258317  -0.208E-01   0.671E+02  -0.399E+00   0.122E+04
  OPTIMIZATION STUFF
      258317  -8.6724721784681478        113.36285639732151     
   6.1766562726945917       -14.849128451162739     
        0   258601   0.241E-01   0.688E+02   0.460E+00   0.123E+04
  OPTIMIZATION STUFF
      258601  -8.6223753041362343        112.05666722718570     
   6.1409536182752005       -14.763328922411436     
        0   259069  -0.570E-02   0.635E+02  -0.147E+00   0.115E+04
  OPTIMIZATION STUFF
      259069  -8.7372230583458936        114.98586109192884     
   6.2166545923541277       -14.953877650700022     
        0   260419  -0.611E-02   0.581E+02  -0.949E-01   0.107E+04
  OPTIMIZATION STUFF
      260419  -8.5856522066321936        110.80233716658641     
   6.0900667774120638       -14.675718984044257     
        0   258999  -0.686E-02   0.603E+02  -0.138E+00   0.107E+04
  OPTIMIZATION STUFF
      258999  -8.6396351298833682        112.38059985678277     
   6.1430696462980103       -14.782704776181379     
        0   258794   0.165E-02   0.622E+02   0.161E-02   0.114E+04
  OPTIMIZATION STUFF
      258794  -8.6647376195302002        113.06488926993956     
   6.1633766114555799       -14.828114230985779     
        0   258938   0.967E-02   0.569E+02   0.171E+00   0.100E+04
  OPTIMIZATION STUFF
      258938  -8.6898958850028638        113.64897759553125     
   6.1753289064908561       -14.865224791493720     
        0   259244   0.196E-02   0.502E+02  -0.598E-02   0.852E+03
  OPTIMIZATION STUFF
      259244  -8.5220852162339895        108.70860985301395     
   6.0068855008448461       -14.528970717078835     
        0   258606  -0.658E-02   0.626E+02  -0.112E+00   0.109E+04
  OPTIMIZATION STUFF
      258606  -8.7122769310999164        114.29940199123656     
   6.1964209562505337       -14.908697887350449     
        0   258384   0.676E-02   0.664E+02   0.218E+00   0.120E+04
  OPTIMIZATION STUFF
      258384  -8.5909296687247476        110.93645477701222     
   6.0936345643660905       -14.684564233090839     
        0   258947  -0.608E-02   0.652E+02  -0.192E+00   0.110E+04
  OPTIMIZATION STUFF
      258947  -8.6758413336222837        113.41396485509757     
   6.1760620146585872       -14.851903348280871     
        0   258785   0.826E-02   0.720E+02   0.229E+00   0.126E+04
  OPTIMIZATION STUFF
      258785  -8.6809470160246320        113.95770024883778     
   6.2127980132795901       -14.893745029304222     
        0   259297  -0.182E-01   0.702E+02  -0.385E+00   0.120E+04
  OPTIMIZATION STUFF
      259297  -8.7207173236479019        114.84603733664439     
   6.2285734079058397       -14.949290731553742     
        0   258210   0.445E-02   0.565E+02   0.497E-01   0.987E+03
  OPTIMIZATION STUFF
      258210  -8.6180970656354923        111.60106248891738     
   6.1097844034141087       -14.727881469049601     
        0   257850   0.125E-01   0.712E+02   0.156E+00   0.123E+04
  OPTIMIZATION STUFF
      257850  -8.6550988809123250        112.95149459252198     
   6.1677190236060691       -14.822817904518395     
        0   259111   0.110E-02   0.398E+07   0.960E-01   0.720E+08
  OPTIMIZATION STUFF
      259111  -5382.9710233644546        5575965315.7217255     
   74478.110466655533       -79861.081490019991     
        0   259065  -0.660E-02   0.630E+02  -0.153E+00   0.107E+04
  OPTIMIZATION STUFF
      259065  -8.6413024474672504        112.39249741037717     
   6.1416927163261503       -14.782995163793402     
        0   258233   0.127E-01   0.635E+02   0.234E+00   0.108E+04
  OPTIMIZATION STUFF
      258233  -8.7007180162241013        114.11398215430906     
   6.1977002312521048       -14.898418247476206     
        0   258729  -0.137E-01   0.542E+02  -0.224E+00   0.914E+03
  OPTIMIZATION STUFF
      258729  -8.5429374299858161        109.48450987955555     
   6.0417489145861474       -14.584686344571963     
        0   262686  -0.318E-03   0.622E+02   0.154E-02   0.104E+04
  OPTIMIZATION STUFF
      262686  -8.6832255519077606        113.38241739944132     
   6.1631170209673520       -14.846342572875113     
        0   263980   0.392E-02   0.673E+02   0.447E-01   0.110E+04
  OPTIMIZATION STUFF
      263980  -8.6083232646627703        111.61446848303711     
   6.1246419531351233       -14.732965217797894     
        0   263483   0.331E-02   0.629E+02   0.689E-01   0.106E+04
  OPTIMIZATION STUFF
      263483  -8.6684097916217517        112.98436398073257     
   6.1516693397198052       -14.820079131341558     
        0   263790   0.149E-01   0.469E+07   0.248E+00   0.778E+08
  OPTIMIZATION STUFF
      263790  -5905.0817655592482        6902279096.5880241     
   82869.832303016548       -88774.914068575803     
        0   264074  -0.259E-01   0.639E+02  -0.467E+00   0.102E+04
  OPTIMIZATION STUFF
      264074  -8.6825869900715738        113.27701836058628     
   6.1554611135499941       -14.838048103621567     
        0   263403  -0.566E-02   0.683E+02  -0.132E+00   0.109E+04
  OPTIMIZATION STUFF
      263403  -8.7147358038799148        114.36573549795538     
   6.1983155265385514       -14.913051330418465     
