   19523095.889228180     
   36082046.214538485     
   85317606.490394831     
   74792146.092175767     
   60220102.141948558     
   95124364.190958783     
   48373569.562394828     
   24626565.301801249     
   7277322.1288643703     
   7345196.6337823877     
   4103808.9982043933     
   3066938.4877242483     
   2408640.4965774212     
   1655228.6668613169     
   1328820.8585099119     
   1645076.4678666049     
   813097.88599341665     
   963923.67281861056     
   1393473.8784933197     
   786768.99827771029     
   581193.73740621004     
   760567.01993239974     
   569514.98150657990     
   575730.52562885010     
   548765.57760130102     
   528112.36741833470     
   522918.46085918817     
   638685.72047907382     
   434209.91208471695     
   478434.84202662768     
   443928.47895790747     
   517226.27415906137     
   374277.03364543169     
   413604.04184190335     
   442821.62144100713     
   495119.78201923077     
   448413.13924943039     
   421509.66743800964     
   436604.82044464169     
   357330.50038692547     
   384421.47422225913     
   382349.20827846625     
   445855.38831809029     
   333732.74002043169     
   398221.07347305724     
   392074.33632372617     
   411413.68031918013     
   454074.29447108705     
   402071.99738810421     
   421132.15200262307     
   453657.40727368783     
   386249.03811257432     
   393960.01184392831     
   395498.86994120810     
   422707.86516304198     
   470388.73261318222     
   432870.07893865393     
   362626.09606955980     
   419259.29309402686     
   382025.43938579236     
   335339.95634466829     
   326363.85014055198     
   422991.87598608440     
   444025.27487904858     
   415333.87992668670     
   391907.50092870323     
   398622.42834357725     
   414868.73154029815     
   404543.13184248435     
   406860.96248533844     
   385025.50457862113     
   389570.89990250027     
   354316.84177170770     
   344958.52337687067     
   357710.21974098170     
   314554.47056381009     
   384342.61361591134     
   365709.04565241298     
   381162.97275133012     
   369887.98434743547     
   369991.08410115400     
   371505.88483545522     
   355642.42812007683     
   406983.95153756038     
   326436.53647129663     
   321975.14369016659     
   338264.33506762615     
   312823.45347610716     
   321057.25788024429     
   400628.32293929817     
   260102.83505657956     
   319855.79055770824     
   321995.93130445579     
   379165.18861324177     
   391521.74439509911     
   282974.76515477471     
   408171.53906437464     
   368716.86863641231     
   342397.23368202243     
   304774.08863290877     
   305602.23202293704     
   352304.54999694653     
   351266.35135538911     
   320513.95067722298     
   378533.56333040213     
   327371.72543446557     
   388717.34300653735     
   284227.92933479242     
   298225.82951889990     
   341688.26375146874     
   366825.60285804904     
   325548.11273205286     
   389336.91026911407     
   327814.38178036036     
   328147.27848475846     
   340951.95631403907     
   360009.37705654791     
   429242.51527455647     
   299141.35974267725     
   262937.81190489180     
