   32829229.283870447     
   49020745.476412982     
   41725022.136159845     
   76749550.527849466     
   59606059.859786898     
   52511504.853730701     
   22058954.847913686     
   16885140.748451672     
   9004136.0464382134     
   9184604.8375974856     
   4466611.9418634092     
   3081880.7733040559     
   2118464.2799496353     
   1687086.6734955781     
   1253038.8864125642     
   1061799.7145385756     
   1281211.0604253584     
   801800.59421778563     
   852109.66335757496     
   898788.98868252675     
   615502.00436292274     
   598328.82240756229     
   561409.38027339929     
   626691.22773413348     
   589680.25320954050     
   525210.28700530366     
   468558.42114086240     
   511933.74672963220     
   411710.75575085141     
   505060.07279269991     
   434661.60049792746     
   421349.16304884700     
   361673.21000224660     
   414090.39180988417     
   489000.57130675105     
   388535.07181375381     
   459439.11688126292     
   416728.83066288783     
   469358.56481586391     
   449449.58260010730     
   352320.58184064302     
   440291.89736357582     
   426731.01651516720     
   395493.87441979040     
   392544.84349835047     
   339112.74967929226     
   334977.53733056301     
   404442.82567623997     
   436939.40741858922     
   435198.73819103965     
   371458.12494425161     
   346823.15123365133     
   378013.98438051116     
   413438.65491365566     
   330759.83902641718     
   384258.30486385355     
   410459.00653209450     
   463224.73695814528     
   365237.25121620146     
   366274.62341931369     
   413308.54006303695     
   379685.38973650406     
   395911.66094383661     
   338362.33486521884     
   418371.29296542692     
   389326.04353493970     
   477746.72942273319     
   501565.49802062451     
   370535.67201479920     
   332283.11623093643     
   370808.41298620979     
   377700.97929087811     
   390112.40944479365     
   320408.45384600922     
   430923.39353437291     
   331474.96909952734     
   350201.72063592525     
   405460.42118135624     
   337128.20405370201     
   345206.19958328467     
   412406.45600571093     
   340057.38996188075     
   426093.56328777631     
   378806.43161602382     
   364983.56852623593     
   307412.14867690933     
   384025.18905349524     
   400690.39166081126     
   385589.17996199784     
   312341.29221406241     
   342120.42590069363     
   416228.60454568401     
   345819.87798664323     
   336125.05029296398     
   352111.37677402957     
   308880.28501265764     
   320352.70405487384     
   332035.73287409055     
   336330.06140556984     
   363890.00130074687     
   384027.09530295379     
   338238.40212709020     
   322140.75362863956     
   336182.89150224050     
   339992.65049609909     
   351543.03672887996     
   358695.03652019944     
   349151.04792437534     
   303891.86804264272     
   263046.52071171120     
   288117.54773913289     
   326180.65115086472     
   364220.82650304656     
   291335.85854852095     
   358097.69881498953     
   333109.55038800818     
   338388.55437432515     
   295491.50561621017     
   336216.84042078536     
   327238.38806797704     
